4 0.39609375 0.32083333333333336 0.0296875 0.0375
0 0.4671875 0.3302083333333333 0.04375 0.06458333333333334
0 0.51640625 0.33645833333333336 0.0515625 0.08125
4 0.384375 0.34375 0.034375 0.041666666666666664
4 0.34453125 0.35208333333333336 0.0359375 0.05
4 0.46953125 0.359375 0.0265625 0.03125
4 0.26328125 0.36666666666666664 0.0640625 0.07083333333333333
1 0.6 0.36666666666666664 0.0625 0.1
4 0.4796875 0.36875 0.034375 0.0375
0 0.54921875 0.375 0.0671875 0.10833333333333334
4 0.48046875 0.39479166666666665 0.0328125 0.04375
4 0.48828125 0.40729166666666666 0.0328125 0.03125
4 0.553125 0.41354166666666664 0.040625 0.04375
4 0.6328125 0.41458333333333336 0.0375 0.05
1 0.71796875 0.44479166666666664 0.1265625 0.16041666666666668
4 0.50390625 0.4552083333333333 0.0546875 0.06458333333333334
4 0.58203125 0.45625 0.0515625 0.07916666666666666
4 0.61953125 0.521875 0.0734375 0.10208333333333333
4 0.5265625 0.5375 0.078125 0.10833333333333334
4 0.10859375 0.7302083333333333 0.1109375 0.12291666666666666
0 0.84453125 0.7541666666666667 0.3109375 0.49166666666666664
4 0.62890625 0.8354166666666667 0.1421875 0.22083333333333333