5 0.2109375 0.39166666666666666 0.0875 0.125
4 0.48515625 0.39479166666666665 0.0359375 0.04375
4 0.3640625 0.415625 0.040625 0.05625
4 0.5625 0.425 0.04375 0.0625
4 0.4984375 0.44895833333333335 0.04375 0.06458333333333334
9 0.62578125 0.471875 0.0796875 0.13125
4 0.753125 0.5447916666666667 0.08125 0.10208333333333333
4 0.55703125 0.5822916666666667 0.0765625 0.11041666666666666
4 0.25234375 0.6479166666666667 0.0890625 0.1
4 0.8609375 0.8541666666666666 0.159375 0.21666666666666667
4 0.64921875 0.8916666666666667 0.1390625 0.21666666666666667