0 0.4640625 0.33645833333333336 0.04375 0.06458333333333334
8 0.52578125 0.33645833333333336 0.0515625 0.08125
4 0.38046875 0.3541666666666667 0.0328125 0.04583333333333333
4 0.46953125 0.359375 0.0265625 0.03125
7 0.3078125 0.38958333333333334 0.046875 0.06666666666666667
7 0.2375 0.39895833333333336 0.059375 0.07708333333333334
10 0.6515625 0.41458333333333336 0.0625 0.0875
0 0.578125 0.415625 0.084375 0.12708333333333333
4 0.48828125 0.41770833333333335 0.0546875 0.06458333333333334
4 0.67109375 0.46458333333333335 0.0578125 0.06666666666666667
4 0.7421875 0.46458333333333335 0.053125 0.075
4 0.509375 0.48125 0.059375 0.09166666666666666
7 0.3453125 0.4895833333333333 0.05625 0.0875
7 0.12734375 0.5177083333333333 0.0828125 0.09791666666666667
4 0.534375 0.5604166666666667 0.065625 0.09583333333333334
8 0.8703125 0.5729166666666666 0.228125 0.2916666666666667
4 0.2859375 0.6270833333333333 0.08125 0.10416666666666667
4 0.69765625 0.6291666666666667 0.0953125 0.12083333333333333
4 0.5765625 0.70625 0.1 0.17083333333333334
4 0.69609375 0.9385416666666667 0.1765625 0.12291666666666666