9 0.56328125 0.38333333333333336 0.0515625 0.09166666666666666
1 0.21953125 0.39479166666666665 0.1078125 0.14791666666666667
4 0.303125 0.41875 0.04375 0.05416666666666667
4 0.3625 0.42291666666666666 0.040625 0.058333333333333334
9 0.590625 0.4354166666666667 0.0375 0.075
4 0.50078125 0.44166666666666665 0.0421875 0.05416666666666667
7 0.22890625 0.48020833333333335 0.0671875 0.07291666666666667
8 0.74453125 0.48541666666666666 0.1140625 0.20833333333333334
4 0.51484375 0.5083333333333333 0.0609375 0.0875
11 0.68046875 0.5416666666666666 0.1765625 0.26666666666666666
4 0.3140625 0.5791666666666667 0.090625 0.14166666666666666
4 0.17734375 0.603125 0.0890625 0.09375
4 0.5625 0.6333333333333333 0.078125 0.12916666666666668