7 0.3421875 0.28958333333333336 0.046875 0.05416666666666667
0 0.60859375 0.32916666666666666 0.0390625 0.05416666666666667
4 0.3953125 0.3302083333333333 0.0375 0.03958333333333333
7 0.6 0.36666666666666664 0.046875 0.07916666666666666
1 0.559375 0.396875 0.075 0.11875
4 0.4953125 0.4114583333333333 0.040625 0.052083333333333336
4 0.5046875 0.45 0.05625 0.07083333333333333
4 0.51875 0.5322916666666667 0.0625 0.10625
4 0.309375 0.5489583333333333 0.078125 0.08541666666666667
4 0.86796875 0.6083333333333333 0.0828125 0.1125
7 0.796875 0.7010416666666667 0.153125 0.26875
4 0.971875 0.7447916666666666 0.05625 0.16875
4 0.63125 0.809375 0.10625 0.18958333333333333