7 0.2703125 0.35833333333333334 0.05 0.06666666666666667
1 0.54453125 0.371875 0.0640625 0.10208333333333333
4 0.35859375 0.3958333333333333 0.0421875 0.05
4 0.484375 0.396875 0.0375 0.04791666666666667
7 0.62265625 0.40208333333333335 0.0484375 0.0625
4 0.57421875 0.44166666666666665 0.0515625 0.0625
4 0.6609375 0.45 0.05 0.06666666666666667
4 0.51953125 0.48125 0.0546875 0.07083333333333333
7 0.7390625 0.5041666666666667 0.084375 0.12916666666666668
4 0.66796875 0.575 0.0859375 0.1125
4 0.54296875 0.5822916666666667 0.0765625 0.09375
1 0.89765625 0.5895833333333333 0.2046875 0.32083333333333336
4 0.62421875 0.8010416666666667 0.1453125 0.21875
4 0.22734375 0.8020833333333334 0.1328125 0.15416666666666667