2 0.60625 0.3697916666666667 0.0625 0.09375
9 0.553125 0.38333333333333336 0.05 0.09583333333333334
4 0.4875 0.39791666666666664 0.0375 0.04583333333333333
2 0.67109375 0.42916666666666664 0.1046875 0.15416666666666667
4 0.4984375 0.43645833333333334 0.04375 0.06041666666666667
4 0.5859375 0.4479166666666667 0.05 0.0625
4 0.75703125 0.46875 0.0640625 0.06666666666666667
4 0.5171875 0.490625 0.05 0.07291666666666667
4 0.61796875 0.490625 0.0640625 0.07708333333333334
10 0.68828125 0.5604166666666667 0.0953125 0.18333333333333332
4 0.56640625 0.5729166666666666 0.0765625 0.1125
4 0.29296875 0.6 0.0859375 0.1125
4 0.7609375 0.73125 0.134375 0.16666666666666666