10 0.53515625 0.38333333333333336 0.0234375 0.06666666666666667
6 0.303125 0.39479166666666665 0.05 0.06458333333333334
4 0.48671875 0.3958333333333333 0.0390625 0.04583333333333333
9 0.57109375 0.4041666666666667 0.0609375 0.11666666666666667
4 0.49609375 0.43333333333333335 0.0484375 0.058333333333333334
9 0.61484375 0.4635416666666667 0.0703125 0.13125
4 0.33359375 0.5020833333333333 0.0546875 0.07083333333333333
11 0.74453125 0.51875 0.1515625 0.14166666666666666
4 0.53046875 0.5260416666666666 0.0609375 0.09375
4 0.63828125 0.6270833333333333 0.1015625 0.14166666666666666
3 0.62578125 0.7989583333333333 0.1515625 0.27708333333333335