1 0.53359375 0.35104166666666664 0.0515625 0.08958333333333333
7 0.60390625 0.3802083333333333 0.0453125 0.05625
4 0.48125 0.38333333333333336 0.03125 0.04583333333333333
7 0.2359375 0.38645833333333335 0.059375 0.07708333333333334
4 0.55546875 0.4125 0.0453125 0.05416666666666667
4 0.63515625 0.421875 0.0484375 0.05625
4 0.50078125 0.4354166666666667 0.0453125 0.058333333333333334
7 0.6921875 0.45208333333333334 0.075 0.10833333333333334
4 0.6125 0.48541666666666666 0.0625 0.08333333333333333
4 0.5125 0.4875 0.05625 0.075
4 0.30234375 0.559375 0.0796875 0.10208333333333333
1 0.84921875 0.5604166666666667 0.2546875 0.35833333333333334
4 0.571875 0.6270833333333333 0.103125 0.14583333333333334
1 0.76953125 0.7 0.2328125 0.32916666666666666