0 0.4640625 0.33645833333333336 0.04375 0.06458333333333334
0 0.52578125 0.33645833333333336 0.0515625 0.08125
4 0.46953125 0.359375 0.0265625 0.03125
7 0.6265625 0.3875 0.05625 0.0875
0 0.56484375 0.38958333333333334 0.0671875 0.10833333333333334
4 0.3109375 0.39166666666666666 0.0375 0.04583333333333333
4 0.48046875 0.39479166666666665 0.0328125 0.04375
4 0.65234375 0.43645833333333334 0.0453125 0.06041666666666667
4 0.49765625 0.43854166666666666 0.0421875 0.06458333333333334
4 0.3546875 0.440625 0.053125 0.06875
7 0.2328125 0.47291666666666665 0.071875 0.10416666666666667
4 0.51640625 0.49166666666666664 0.0421875 0.07083333333333333
8 0.78671875 0.5041666666666667 0.1703125 0.21666666666666667
4 0.6328125 0.5260416666666666 0.06875 0.08958333333333333
7 0.08671875 0.5510416666666667 0.1265625 0.14791666666666667
4 0.53203125 0.5697916666666667 0.0734375 0.11875
4 0.5828125 0.7197916666666667 0.11875 0.15625
4 0.75546875 0.7302083333333333 0.1359375 0.16458333333333333
4 0.21484375 0.896875 0.1453125 0.20625