4 0.59921875 0.37916666666666665 0.0390625 0.041666666666666664
5 0.28359375 0.38645833333333335 0.0796875 0.11458333333333333
4 0.37890625 0.3927083333333333 0.0359375 0.04791666666666667
4 0.48984375 0.403125 0.0359375 0.04791666666666667
7 0.21875 0.4041666666666667 0.053125 0.058333333333333334
4 0.57265625 0.4322916666666667 0.0421875 0.052083333333333336
8 0.6671875 0.43333333333333335 0.096875 0.12083333333333333
9 0.16796875 0.45 0.0703125 0.09166666666666666
4 0.5046875 0.45208333333333334 0.046875 0.0625
4 0.621875 0.4979166666666667 0.059375 0.06666666666666667
9 0.08203125 0.5322916666666667 0.1109375 0.13958333333333334
4 0.68671875 0.5802083333333333 0.0859375 0.11041666666666666
4 0.30703125 0.64375 0.0859375 0.10833333333333334
4 0.584375 0.7291666666666666 0.10625 0.17083333333333334