5 0.31328125 0.35208333333333336 0.0578125 0.09166666666666666
7 0.265625 0.36354166666666665 0.040625 0.04791666666666667
4 0.59453125 0.37604166666666666 0.0296875 0.03958333333333333
4 0.546875 0.38333333333333336 0.03125 0.05
9 0.23359375 0.39375 0.0515625 0.075
4 0.634375 0.4114583333333333 0.046875 0.052083333333333336
9 0.19140625 0.4270833333333333 0.0671875 0.07916666666666666
4 0.3703125 0.4322916666666667 0.040625 0.052083333333333336
4 0.50078125 0.4510416666666667 0.0453125 0.06458333333333334
4 0.60703125 0.49895833333333334 0.0578125 0.07708333333333334
8 0.73671875 0.5041666666666667 0.1359375 0.15416666666666667
4 0.52890625 0.5239583333333333 0.0609375 0.08125
9 0.19375 0.5322916666666667 0.096875 0.16041666666666668
4 0.69765625 0.6083333333333333 0.0828125 0.09583333333333334
4 0.3078125 0.6166666666666667 0.08125 0.10416666666666667
9 0.09453125 0.678125 0.1546875 0.23958333333333334
4 0.828125 0.76875 0.140625 0.17916666666666667
4 0.20078125 0.9229166666666667 0.1484375 0.15416666666666667