4 0.55625 0.396875 0.034375 0.04791666666666667
10 0.6265625 0.39895833333333336 0.05 0.07291666666666667
4 0.68828125 0.4166666666666667 0.0453125 0.05416666666666667
1 0.2640625 0.42083333333333334 0.0875 0.15416666666666667
4 0.49296875 0.44583333333333336 0.0453125 0.07083333333333333
4 0.65859375 0.44583333333333336 0.0578125 0.07083333333333333
4 0.5765625 0.4479166666666667 0.046875 0.0625
9 0.7625 0.5010416666666667 0.109375 0.14375
9 0.06953125 0.5145833333333333 0.1390625 0.225
4 0.5390625 0.5395833333333333 0.065625 0.1
9 0.6875 0.575 0.1125 0.2
9 0.8375 0.7458333333333333 0.209375 0.3625