5 0.31328125 0.35208333333333336 0.0609375 0.09583333333333334
8 0.64765625 0.40520833333333334 0.0828125 0.10625
5 0.2640625 0.4083333333333333 0.09375 0.13333333333333333
4 0.559375 0.4125 0.040625 0.04583333333333333
4 0.36796875 0.4270833333333333 0.0421875 0.058333333333333334
4 0.496875 0.42916666666666664 0.04375 0.05416666666666667
7 0.18828125 0.4322916666666667 0.0640625 0.07291666666666667
4 0.60078125 0.46770833333333334 0.0515625 0.06041666666666667
9 0.11953125 0.4895833333333333 0.0859375 0.1
4 0.6515625 0.5322916666666667 0.071875 0.09375
4 0.55546875 0.6291666666666667 0.0828125 0.12916666666666668
9 0.928125 0.7208333333333333 0.14375 0.24166666666666667
4 0.78125 0.8010416666666667 0.13125 0.16041666666666668
7 0.659375 0.909375 0.1625 0.18125
4 0.21875 0.91875 0.15625 0.1625