4 0.39296875 0.32083333333333336 0.0234375 0.025
1 0.58203125 0.328125 0.0546875 0.07291666666666667
7 0.34140625 0.33229166666666665 0.0453125 0.07291666666666667
1 0.5296875 0.33958333333333335 0.05 0.09583333333333334
0 0.4796875 0.34375 0.053125 0.08333333333333333
4 0.38671875 0.35208333333333336 0.0296875 0.029166666666666667
7 0.29140625 0.36354166666666665 0.0421875 0.06041666666666667
4 0.378125 0.3770833333333333 0.034375 0.0375
4 0.640625 0.40208333333333335 0.0375 0.075
4 0.48984375 0.4114583333333333 0.0484375 0.05625
4 0.27265625 0.43854166666666666 0.0453125 0.05625
1 0.6 0.4427083333333333 0.096875 0.17708333333333334
1 0.71875 0.4625 0.121875 0.17083333333333334
4 0.35625 0.46979166666666666 0.053125 0.06875
4 0.2359375 0.4875 0.0625 0.1125
7 0.1203125 0.5072916666666667 0.10625 0.13125
7 0.90859375 0.6114583333333333 0.1828125 0.19375
4 0.56015625 0.6260416666666667 0.0859375 0.13541666666666666
4 0.26796875 0.7010416666666667 0.1171875 0.14375
4 0.775 0.7052083333333333 0.115625 0.17291666666666666
1 0.896875 0.8177083333333334 0.20625 0.3645833333333333