4 0.3984375 0.30625 0.03125 0.041666666666666664
4 0.38984375 0.33958333333333335 0.0296875 0.04583333333333333
4 0.4796875 0.36041666666666666 0.025 0.041666666666666664
7 0.5578125 0.38645833333333335 0.04375 0.07708333333333334
4 0.4890625 0.4041666666666667 0.0375 0.0375
4 0.4953125 0.4552083333333333 0.040625 0.05625
4 0.35546875 0.475 0.0734375 0.09166666666666666
1 0.65390625 0.49583333333333335 0.1296875 0.17916666666666667
4 0.5234375 0.5083333333333333 0.053125 0.0875
7 0.16484375 0.5375 0.1359375 0.2
4 0.85 0.6072916666666667 0.115625 0.14791666666666667
4 0.62265625 0.7447916666666666 0.1171875 0.19375