4 0.4 0.3145833333333333 0.028125 0.0375
4 0.3625 0.31875 0.03125 0.029166666666666667
7 0.2984375 0.33125 0.05625 0.0875
4 0.3875 0.3416666666666667 0.040625 0.05
1 0.53828125 0.365625 0.0703125 0.10625
4 0.63828125 0.409375 0.0421875 0.06041666666666667
4 0.36171875 0.42083333333333334 0.0546875 0.07916666666666666
7 0.5859375 0.44166666666666665 0.084375 0.125
4 0.68203125 0.446875 0.0578125 0.08125
4 0.5171875 0.496875 0.06875 0.08541666666666667
4 0.78828125 0.525 0.0734375 0.09583333333333334
4 0.63359375 0.5260416666666666 0.0734375 0.10625
4 0.54140625 0.5802083333333333 0.0859375 0.12708333333333333
1 0.9046875 0.6708333333333333 0.190625 0.3541666666666667
4 0.57578125 0.7385416666666667 0.1203125 0.19791666666666666
4 0.2359375 0.7635416666666667 0.1625 0.2520833333333333
4 0.859375 0.8791666666666667 0.2 0.24166666666666667