1 0.3234375 0.359375 0.05 0.07708333333333334
4 0.38203125 0.3729166666666667 0.0328125 0.03333333333333333
4 0.55078125 0.3875 0.0359375 0.05416666666666667
4 0.37109375 0.409375 0.0328125 0.03958333333333333
4 0.49765625 0.4197916666666667 0.0421875 0.06041666666666667
10 0.584375 0.42604166666666665 0.04375 0.06875
4 0.2859375 0.428125 0.040625 0.052083333333333336
7 0.20078125 0.4375 0.0703125 0.09166666666666666
4 0.509375 0.4708333333333333 0.046875 0.07083333333333333
7 0.12421875 0.48020833333333335 0.0984375 0.14375
4 0.34453125 0.49583333333333335 0.0640625 0.07083333333333333
10 0.73359375 0.4979166666666667 0.0703125 0.10833333333333334
11 0.68203125 0.5291666666666667 0.1640625 0.2708333333333333
7 0.215625 0.5416666666666666 0.071875 0.09166666666666666
2 0.5796875 0.5958333333333333 0.1625 0.2875
10 0.85078125 0.6 0.1265625 0.18333333333333332
4 0.30625 0.6135416666666667 0.084375 0.10625
7 0.08359375 0.6447916666666667 0.1640625 0.18541666666666667