4 0.36875 0.3854166666666667 0.034375 0.041666666666666664
4 0.478125 0.3854166666666667 0.03125 0.04583333333333333
9 0.5609375 0.390625 0.046875 0.08125
4 0.634375 0.4270833333333333 0.046875 0.058333333333333334
4 0.5109375 0.44166666666666665 0.04375 0.058333333333333334
5 0.06875 0.5291666666666667 0.1375 0.25
4 0.53125 0.5333333333333333 0.059375 0.08333333333333333
4 0.753125 0.5333333333333333 0.075 0.08333333333333333
4 0.30625 0.5479166666666667 0.06875 0.08333333333333333
4 0.6609375 0.5604166666666667 0.075 0.09583333333333334
4 0.73828125 0.66875 0.0984375 0.14583333333333334
7 0.934375 0.68125 0.13125 0.24166666666666667
4 0.584375 0.6979166666666666 0.09375 0.15416666666666667