0 0.4671875 0.3302083333333333 0.04375 0.06458333333333334
0 0.52578125 0.33645833333333336 0.0515625 0.08125
4 0.46953125 0.359375 0.0265625 0.03125
7 0.6203125 0.38333333333333336 0.0625 0.1
0 0.56484375 0.38958333333333334 0.0671875 0.10833333333333334
4 0.48046875 0.39479166666666665 0.0328125 0.04375
4 0.553125 0.41354166666666664 0.040625 0.04375
4 0.64609375 0.4239583333333333 0.0453125 0.06041666666666667
4 0.49453125 0.43020833333333336 0.0421875 0.07708333333333334
4 0.271875 0.45729166666666665 0.046875 0.06458333333333334
4 0.509375 0.4583333333333333 0.046875 0.0375
8 0.74296875 0.471875 0.1390625 0.19791666666666666
4 0.6078125 0.49375 0.06875 0.08333333333333333
4 0.51796875 0.5166666666666667 0.0578125 0.08333333333333333
4 0.875 0.5583333333333333 0.0875 0.1
4 0.30390625 0.56875 0.0828125 0.09166666666666666
4 0.68671875 0.6166666666666667 0.0890625 0.12083333333333333
7 0.11484375 0.6166666666666667 0.1359375 0.15
4 0.553125 0.6239583333333333 0.09375 0.11875