7 0.31953125 0.36354166666666665 0.0640625 0.09375
1 0.571875 0.403125 0.078125 0.13125
7 0.25078125 0.42083333333333334 0.0546875 0.09166666666666666
1 0.68046875 0.4239583333333333 0.1015625 0.14375
4 0.5125 0.4895833333333333 0.05 0.075
4 0.33203125 0.5 0.0578125 0.07083333333333333
7 0.825 0.5375 0.078125 0.09166666666666666
4 0.65078125 0.5395833333333333 0.0609375 0.11666666666666667
4 0.9015625 0.5489583333333333 0.053125 0.09375
4 0.15703125 0.5885416666666666 0.0890625 0.09791666666666667
0 0.8125 0.6895833333333333 0.275 0.3875
4 0.63046875 0.7270833333333333 0.1234375 0.2
7 0.06640625 0.76875 0.1328125 0.2375
4 0.21171875 0.9177083333333333 0.1515625 0.16458333333333333