4 0.34921875 0.34270833333333334 0.0265625 0.03958333333333333
5 0.284375 0.3489583333333333 0.053125 0.08125
4 0.37265625 0.38229166666666664 0.0328125 0.04375
4 0.49296875 0.40208333333333335 0.0421875 0.041666666666666664
7 0.57265625 0.415625 0.0578125 0.09791666666666667
4 0.4890625 0.42604166666666665 0.034375 0.04791666666666667
4 0.66171875 0.42916666666666664 0.0515625 0.058333333333333334
4 0.50625 0.4583333333333333 0.046875 0.0625
4 0.6046875 0.47604166666666664 0.05 0.06458333333333334
4 0.7203125 0.478125 0.0625 0.07291666666666667
4 0.321875 0.5364583333333334 0.071875 0.08541666666666667
4 0.52890625 0.5375 0.0671875 0.09166666666666666
5 0.8796875 0.5947916666666667 0.225 0.24375
4 0.55390625 0.65625 0.0953125 0.14166666666666666
4 0.80234375 0.7927083333333333 0.1359375 0.17291666666666666
4 0.65703125 0.9145833333333333 0.1546875 0.17083333333333334