8 0.55 0.3260416666666667 0.046875 0.07708333333333334
0 0.32265625 0.3572916666666667 0.0515625 0.08541666666666667
4 0.475 0.36354166666666665 0.03125 0.04375
4 0.3671875 0.4041666666666667 0.046875 0.05
8 0.2109375 0.40625 0.075 0.09583333333333334
10 0.58671875 0.4166666666666667 0.0578125 0.10416666666666667
4 0.5328125 0.525 0.065625 0.10416666666666667
8 0.03359375 0.59375 0.0671875 0.23333333333333334
10 0.13046875 0.646875 0.1296875 0.16875
4 0.63984375 0.7989583333333333 0.1328125 0.20208333333333334
4 0.2109375 0.859375 0.15 0.18958333333333333