5 0.278125 0.33125 0.053125 0.05
1 0.2171875 0.38333333333333336 0.06875 0.07916666666666666
5 0.284375 0.3885416666666667 0.08125 0.11875
4 0.4875 0.39791666666666664 0.034375 0.04583333333333333
4 0.56953125 0.41875 0.0390625 0.05
4 0.6015625 0.46145833333333336 0.053125 0.06875
5 0.2046875 0.48333333333333334 0.1375 0.2
4 0.52421875 0.515625 0.0578125 0.08541666666666667
7 0.09375 0.5197916666666667 0.096875 0.11458333333333333
4 0.325 0.5625 0.06875 0.1
9 0.7859375 0.565625 0.1125 0.15625
4 0.66484375 0.603125 0.0796875 0.09791666666666667
4 0.575 0.6552083333333333 0.090625 0.14791666666666667
9 0.80078125 0.75 0.1796875 0.2375