0 0.4640625 0.33645833333333336 0.04375 0.06458333333333334
0 0.52578125 0.33645833333333336 0.0515625 0.08125
4 0.46953125 0.359375 0.0265625 0.03125
4 0.38046875 0.36666666666666664 0.0328125 0.04583333333333333
7 0.2984375 0.39166666666666666 0.046875 0.06666666666666667
7 0.64375 0.4041666666666667 0.0625 0.1
0 0.578125 0.415625 0.084375 0.12708333333333333
4 0.48828125 0.41770833333333335 0.0546875 0.06458333333333334
7 0.2265625 0.41875 0.0625 0.0875
4 0.7328125 0.45416666666666666 0.053125 0.075
4 0.67109375 0.46458333333333335 0.0578125 0.06666666666666667
4 0.509375 0.48125 0.059375 0.09166666666666666
7 0.33671875 0.5072916666666667 0.0609375 0.09375
7 0.09921875 0.5385416666666667 0.0828125 0.09791666666666667
8 0.8484375 0.5510416666666667 0.215625 0.28541666666666665
4 0.53046875 0.5583333333333333 0.0609375 0.09583333333333334
4 0.68359375 0.6083333333333333 0.0953125 0.12083333333333333
4 0.27265625 0.671875 0.0890625 0.12291666666666666
4 0.5703125 0.6885416666666667 0.1 0.17708333333333334
4 0.68203125 0.915625 0.1765625 0.16875