4 0.54453125 0.39791666666666664 0.0359375 0.05
4 0.3609375 0.403125 0.0375 0.04375
5 0.16328125 0.42083333333333334 0.1140625 0.14583333333333334
4 0.4890625 0.42083333333333334 0.040625 0.058333333333333334
9 0.5921875 0.42916666666666664 0.0625 0.10416666666666667
4 0.69453125 0.484375 0.0640625 0.08125
4 0.33359375 0.50625 0.0578125 0.08333333333333333
4 0.534375 0.5083333333333333 0.05625 0.08333333333333333
4 0.5796875 0.6802083333333333 0.09375 0.13125
4 0.90859375 0.6895833333333333 0.1171875 0.1375
4 0.74921875 0.6989583333333333 0.1140625 0.15208333333333332