0 0.35390625 0.2875 0.0359375 0.05
4 0.39609375 0.32083333333333336 0.0296875 0.0375
0 0.4671875 0.3302083333333333 0.04375 0.06458333333333334
0 0.51640625 0.33645833333333336 0.0515625 0.08125
4 0.46953125 0.359375 0.0265625 0.03125
4 0.375 0.3645833333333333 0.034375 0.05
0 0.546875 0.365625 0.0625 0.08958333333333333
1 0.6 0.36666666666666664 0.0625 0.1
4 0.4796875 0.36875 0.034375 0.0375
4 0.33359375 0.375 0.0359375 0.05
4 0.2390625 0.3885416666666667 0.075 0.08958333333333333
4 0.48046875 0.39479166666666665 0.0328125 0.04375
4 0.48828125 0.40729166666666666 0.0328125 0.03125
4 0.553125 0.41354166666666664 0.040625 0.04375
4 0.6296875 0.41354166666666664 0.03125 0.04791666666666667
1 0.6953125 0.4197916666666667 0.128125 0.14375
4 0.49765625 0.434375 0.0515625 0.05625
4 0.58203125 0.45625 0.0515625 0.07916666666666666
4 0.6109375 0.5041666666666667 0.0625 0.0875
4 0.52109375 0.5364583333333334 0.0671875 0.10625
0 0.81328125 0.709375 0.3109375 0.4270833333333333
4 0.5890625 0.7385416666666667 0.125 0.18958333333333333