4 0.3828125 0.36354166666666665 0.03125 0.035416666666666666
4 0.478125 0.37604166666666666 0.034375 0.04375
10 0.26171875 0.38125 0.0453125 0.0625
4 0.3171875 0.38229166666666664 0.034375 0.04375
4 0.54921875 0.39375 0.0359375 0.05
10 0.621875 0.39791666666666664 0.046875 0.08333333333333333
10 0.2140625 0.41041666666666665 0.05 0.1
4 0.37265625 0.41041666666666665 0.0390625 0.041666666666666664
4 0.49296875 0.4197916666666667 0.0390625 0.052083333333333336
4 0.58828125 0.440625 0.0484375 0.07291666666666667
10 0.28671875 0.4510416666666667 0.0421875 0.06458333333333334
4 0.35546875 0.46041666666666664 0.0484375 0.07083333333333333
4 0.6921875 0.478125 0.059375 0.07708333333333334
10 0.23359375 0.4791666666666667 0.0828125 0.125
4 0.52109375 0.509375 0.0640625 0.10208333333333333
10 0.65625 0.525 0.075 0.125
10 0.07578125 0.5416666666666666 0.1171875 0.14166666666666666
4 0.5515625 0.6114583333333333 0.078125 0.12291666666666666