4 0.37578125 0.37604166666666666 0.0359375 0.04375
1 0.63203125 0.38125 0.0765625 0.125
7 0.315625 0.384375 0.046875 0.05625
1 0.565625 0.3854166666666667 0.075 0.12916666666666668
1 0.20625 0.41458333333333336 0.0875 0.10416666666666667
0 0.5078125 0.41875 0.084375 0.1375
7 0.28359375 0.43020833333333336 0.0640625 0.08958333333333333
4 0.721875 0.4395833333333333 0.053125 0.058333333333333334
4 0.36171875 0.44895833333333335 0.0484375 0.05625
1 0.21328125 0.4875 0.0953125 0.10416666666666667
4 0.7046875 0.4875 0.06875 0.10416666666666667
7 0.84375 0.5885416666666666 0.11875 0.18125
7 0.1046875 0.6666666666666666 0.15 0.225
4 0.27109375 0.715625 0.1140625 0.13541666666666666
4 0.62109375 0.8614583333333333 0.1421875 0.19791666666666666