8 0.59765625 0.3458333333333333 0.0484375 0.07916666666666666
11 0.54921875 0.37083333333333335 0.0671875 0.1
9 0.2078125 0.3958333333333333 0.084375 0.11666666666666667
5 0.30078125 0.40208333333333335 0.0671875 0.07083333333333333
4 0.49296875 0.44479166666666664 0.0390625 0.06458333333333334
4 0.3546875 0.45 0.046875 0.05416666666666667
4 0.271875 0.4625 0.059375 0.07083333333333333
4 0.18984375 0.4666666666666667 0.0640625 0.05416666666666667
8 0.63828125 0.46770833333333334 0.1078125 0.18958333333333333
8 0.81875 0.5729166666666666 0.15625 0.1625
9 0.17265625 0.5791666666666667 0.1234375 0.1875
4 0.55390625 0.6145833333333334 0.0734375 0.125
9 0.7640625 0.625 0.146875 0.2625
4 0.24453125 0.8270833333333333 0.1390625 0.1875