10 0.603125 0.3770833333333333 0.0375 0.06666666666666667
4 0.37734375 0.384375 0.0359375 0.05625
4 0.4953125 0.396875 0.0375 0.06041666666666667
4 0.3140625 0.4010416666666667 0.0375 0.04791666666666667
4 0.359375 0.45729166666666665 0.04375 0.05625
1 0.15078125 0.45729166666666665 0.1546875 0.20625
4 0.2640625 0.48541666666666666 0.059375 0.07916666666666666
4 0.60546875 0.50625 0.0640625 0.0875
4 0.334375 0.5447916666666667 0.06875 0.08541666666666667
9 0.69921875 0.5604166666666667 0.1203125 0.2125
10 0.84296875 0.6 0.1078125 0.14166666666666666
3 0.55 0.603125 0.078125 0.13958333333333334
9 0.79140625 0.6947916666666667 0.1390625 0.21041666666666667
1 0.08671875 0.715625 0.1734375 0.34375
4 0.23359375 0.803125 0.1359375 0.18125
4 0.6296875 0.8770833333333333 0.1375 0.20833333333333334