4 0.384375 0.375 0.034375 0.04583333333333333
5 0.29375 0.37604166666666666 0.071875 0.10625
7 0.23828125 0.38958333333333334 0.0453125 0.05416666666666667
4 0.61015625 0.390625 0.0421875 0.04791666666666667
4 0.4921875 0.41458333333333336 0.040625 0.05
9 0.19375 0.42916666666666664 0.0625 0.09583333333333334
4 0.58125 0.4479166666666667 0.046875 0.058333333333333334
8 0.6859375 0.4479166666666667 0.103125 0.12916666666666668
4 0.51015625 0.4708333333333333 0.0515625 0.06666666666666667
9 0.1265625 0.4947916666666667 0.09375 0.12708333333333333
4 0.640625 0.5333333333333333 0.065625 0.07916666666666666
4 0.33828125 0.5395833333333333 0.0640625 0.08333333333333333
4 0.7203125 0.6260416666666667 0.1 0.12708333333333333
9 0.08671875 0.6760416666666667 0.1734375 0.2520833333333333
4 0.6203125 0.8541666666666666 0.13125 0.22083333333333333
4 0.2 0.9375 0.165625 0.125