7 0.30859375 0.32916666666666666 0.0328125 0.05
4 0.3390625 0.3625 0.028125 0.041666666666666664
4 0.47578125 0.36770833333333336 0.0296875 0.03125
1 0.628125 0.3697916666666667 0.078125 0.11458333333333333
4 0.49140625 0.38645833333333335 0.0390625 0.04791666666666667
1 0.55546875 0.39166666666666666 0.0578125 0.08333333333333333
4 0.49453125 0.425 0.0390625 0.041666666666666664
4 0.26171875 0.47291666666666665 0.0546875 0.075
4 0.6140625 0.49583333333333335 0.059375 0.075
4 0.51953125 0.5072916666666667 0.0609375 0.08541666666666667
4 0.31328125 0.5916666666666667 0.0765625 0.08333333333333333
1 0.7984375 0.6635416666666667 0.30625 0.47708333333333336
4 0.5953125 0.7510416666666667 0.10625 0.15625