4 0.33125 0.3697916666666667 0.0375 0.04375
2 0.640625 0.4041666666666667 0.084375 0.12083333333333333
4 0.49375 0.4114583333333333 0.0375 0.03958333333333333
4 0.6984375 0.4166666666666667 0.034375 0.05416666666666667
4 0.56796875 0.4197916666666667 0.0390625 0.052083333333333336
4 0.5828125 0.45208333333333334 0.0375 0.058333333333333334
4 0.50390625 0.4583333333333333 0.0390625 0.0625
10 0.6359375 0.4864583333333333 0.071875 0.12291666666666666
4 0.5453125 0.5072916666666667 0.059375 0.09791666666666667
4 0.67109375 0.5916666666666667 0.0890625 0.1125
4 0.96328125 0.6708333333333333 0.0734375 0.1375
4 0.9375 0.7375 0.125 0.125
10 0.8 0.7489583333333333 0.128125 0.21041666666666667