7 0.3375 0.3 0.03125 0.05
4 0.4015625 0.30416666666666664 0.021875 0.025
1 0.58046875 0.3104166666666667 0.0578125 0.06666666666666667
4 0.36875 0.3145833333333333 0.034375 0.04583333333333333
4 0.475 0.34270833333333334 0.034375 0.03125
5 0.521875 0.34791666666666665 0.053125 0.06666666666666667
4 0.38828125 0.35208333333333336 0.0359375 0.04583333333333333
4 0.4734375 0.36875 0.034375 0.0375
4 0.4828125 0.4010416666666667 0.040625 0.05625
1 0.58828125 0.4125 0.1046875 0.18333333333333332
4 0.64296875 0.43125 0.0484375 0.07083333333333333
0 0.7171875 0.46041666666666664 0.13125 0.18333333333333332
4 0.509375 0.48333333333333334 0.059375 0.08333333333333333
4 0.28828125 0.5864583333333333 0.1015625 0.11875
4 0.5515625 0.6 0.09375 0.125
5 0.89453125 0.6197916666666666 0.2015625 0.21875
4 0.6265625 0.8322916666666667 0.140625 0.21875
4 0.05546875 0.8333333333333334 0.1109375 0.23333333333333334
4 0.940625 0.91875 0.11875 0.1625