9 0.5671875 0.39166666666666666 0.053125 0.09166666666666666
1 0.221875 0.3958333333333333 0.096875 0.14166666666666666
3 0.4859375 0.396875 0.0375 0.06041666666666667
4 0.61015625 0.4 0.0390625 0.058333333333333334
4 0.30625 0.4114583333333333 0.040625 0.052083333333333336
4 0.36640625 0.4166666666666667 0.0421875 0.058333333333333334
9 0.596875 0.4354166666666667 0.05 0.075
4 0.50234375 0.45 0.0421875 0.058333333333333334
7 0.234375 0.471875 0.0625 0.07708333333333334
8 0.7578125 0.48854166666666665 0.121875 0.21875
4 0.51953125 0.5229166666666667 0.0640625 0.08333333333333333
11 0.68828125 0.5552083333333333 0.1953125 0.28125
4 0.31875 0.5625 0.0875 0.125
4 0.18828125 0.5791666666666667 0.0765625 0.0875
4 0.56953125 0.6552083333333333 0.0984375 0.13541666666666666
4 0.228125 0.9322916666666666 0.15 0.13541666666666666