4 0.61484375 0.4010416666666667 0.0390625 0.04791666666666667
4 0.5703125 0.4197916666666667 0.040625 0.05625
10 0.671875 0.4270833333333333 0.06875 0.09166666666666666
4 0.503125 0.44479166666666664 0.046875 0.07708333333333334
4 0.5921875 0.45 0.046875 0.06666666666666667
5 0.3546875 0.4552083333333333 0.046875 0.06458333333333334
5 0.26171875 0.46458333333333335 0.0546875 0.0625
5 0.18203125 0.490625 0.0609375 0.06875
9 0.63515625 0.509375 0.0859375 0.14375
10 0.728125 0.5145833333333333 0.08125 0.1
4 0.54609375 0.5666666666666667 0.0734375 0.1125
9 0.7828125 0.7229166666666667 0.15 0.21666666666666667