9 0.56328125 0.38333333333333336 0.0515625 0.09166666666666666
1 0.203125 0.40729166666666666 0.109375 0.15208333333333332
4 0.296875 0.41875 0.04375 0.05416666666666667
9 0.57890625 0.42291666666666666 0.0328125 0.07916666666666666
4 0.4953125 0.425 0.040625 0.05
4 0.35625 0.43125 0.040625 0.058333333333333334
8 0.72578125 0.46770833333333334 0.1015625 0.19791666666666666
4 0.5046875 0.4864583333333333 0.05625 0.07291666666666667
7 0.21640625 0.4947916666666667 0.0671875 0.07291666666666667
11 0.65625 0.503125 0.159375 0.23958333333333334
4 0.546875 0.5875 0.075 0.11666666666666667
4 0.309375 0.6 0.10625 0.15416666666666667
4 0.16015625 0.6239583333333333 0.0890625 0.09375