0 0.3828125 0.2875 0.03125 0.058333333333333334
7 0.32421875 0.334375 0.0421875 0.05625
4 0.38671875 0.346875 0.0265625 0.03958333333333333
7 0.596875 0.3572916666666667 0.053125 0.08958333333333333
1 0.2609375 0.371875 0.065625 0.08958333333333333
7 0.63828125 0.396875 0.0703125 0.10625
1 0.29765625 0.403125 0.0734375 0.09791666666666667
4 0.36484375 0.403125 0.0453125 0.06875
4 0.6828125 0.40729166666666666 0.05 0.06458333333333334
7 0.6921875 0.47291666666666665 0.065625 0.07083333333333333
7 0.62578125 0.5125 0.0671875 0.1375
1 0.80859375 0.5125 0.1453125 0.13333333333333333
7 0.1578125 0.55 0.10625 0.17083333333333334
7 0.66640625 0.5510416666666667 0.1015625 0.16875
4 0.31328125 0.5572916666666666 0.0734375 0.09791666666666667
4 0.51953125 0.5739583333333333 0.0671875 0.09375
4 0.54765625 0.621875 0.0828125 0.10625
1 0.96015625 0.6291666666666667 0.0796875 0.19166666666666668
7 0.74609375 0.6354166666666666 0.0703125 0.15
1 0.85546875 0.7052083333333333 0.2171875 0.3104166666666667
7 0.0578125 0.7072916666666667 0.115625 0.24375
4 0.56875 0.7239583333333334 0.10625 0.15208333333333332
1 0.92109375 0.85 0.1578125 0.3
4 0.72421875 0.8802083333333334 0.1609375 0.23958333333333334