5 0.34140625 0.340625 0.0296875 0.035416666666666666
9 0.26796875 0.35104166666666664 0.0640625 0.07708333333333334
4 0.38515625 0.36666666666666664 0.0296875 0.0375
4 0.328125 0.371875 0.025 0.03958333333333333
9 0.29375 0.40520833333333334 0.05625 0.09375
4 0.49140625 0.40520833333333334 0.0328125 0.04791666666666667
8 0.66171875 0.40625 0.0734375 0.14166666666666666
11 0.59921875 0.428125 0.1046875 0.16041666666666668
4 0.359375 0.4479166666666667 0.05 0.058333333333333334
4 0.509375 0.465625 0.05 0.07291666666666667
1 0.11640625 0.4739583333333333 0.1765625 0.22708333333333333
4 0.2359375 0.5104166666666666 0.0625 0.07083333333333333
4 0.32578125 0.540625 0.0703125 0.07291666666666667
4 0.5640625 0.671875 0.09375 0.13125
7 0.0640625 0.6895833333333333 0.121875 0.14166666666666666
8 0.834375 0.70625 0.259375 0.4375