4 0.31875 0.3260416666666667 0.021875 0.035416666666666666
4 0.34765625 0.328125 0.0234375 0.03958333333333333
4 0.38671875 0.3375 0.0296875 0.03333333333333333
9 0.5578125 0.384375 0.040625 0.07708333333333334
4 0.621875 0.41041666666666665 0.040625 0.05416666666666667
4 0.35703125 0.425 0.0578125 0.07916666666666666
4 0.50625 0.43020833333333336 0.04375 0.06458333333333334
4 0.521875 0.5 0.053125 0.07083333333333333
4 0.7203125 0.503125 0.065625 0.06875
4 0.64296875 0.5354166666666667 0.0671875 0.09583333333333334
4 0.703125 0.61875 0.090625 0.13333333333333333
10 0.8828125 0.621875 0.15 0.22291666666666668
4 0.5609375 0.6291666666666667 0.084375 0.14583333333333334
4 0.2828125 0.63125 0.15625 0.13333333333333333
9 0.84140625 0.790625 0.2015625 0.3229166666666667