2 0.546875 0.365625 0.0625 0.08958333333333333
4 0.48671875 0.4010416666666667 0.0390625 0.04791666666666667
4 0.3609375 0.4083333333333333 0.04375 0.04583333333333333
4 0.5671875 0.4239583333333333 0.046875 0.04375
4 0.50390625 0.4427083333333333 0.0515625 0.05625
4 0.584375 0.46770833333333334 0.059375 0.06875
4 0.5109375 0.5041666666666667 0.0625 0.08333333333333333
2 0.71484375 0.5927083333333333 0.1984375 0.31875
4 0.796875 0.6052083333333333 0.059375 0.09791666666666667
4 0.56484375 0.634375 0.0953125 0.13541666666666666
4 0.62734375 0.8854166666666666 0.1515625 0.1875