4 0.4859375 0.40520833333333334 0.034375 0.052083333333333336
9 0.57890625 0.41354166666666664 0.0578125 0.09375
4 0.34921875 0.4322916666666667 0.0421875 0.04791666666666667
5 0.13125 0.45 0.128125 0.17083333333333334
4 0.671875 0.4583333333333333 0.05625 0.06666666666666667
4 0.52578125 0.48333333333333334 0.0515625 0.07916666666666666
4 0.30625 0.59375 0.075 0.10416666666666667
4 0.56015625 0.6145833333333334 0.0765625 0.10833333333333334
4 0.84375 0.625 0.1 0.1125
4 0.71640625 0.64375 0.0984375 0.12916666666666668
4 0.83359375 0.8114583333333333 0.1484375 0.21041666666666667