5 0.37890625 0.35520833333333335 0.0265625 0.03125
1 0.5546875 0.38229166666666664 0.065625 0.11041666666666666
7 0.640625 0.415625 0.05625 0.07291666666666667
4 0.4921875 0.42083333333333334 0.040625 0.04583333333333333
4 0.34140625 0.46979166666666666 0.0546875 0.05625
7 0.15703125 0.475 0.0765625 0.09166666666666666
4 0.60078125 0.48020833333333335 0.0546875 0.06458333333333334
4 0.69296875 0.48541666666666666 0.0609375 0.07083333333333333
4 0.53515625 0.5270833333333333 0.0578125 0.075
7 0.78671875 0.540625 0.1015625 0.14791666666666667
1 0.93359375 0.653125 0.1328125 0.35625
4 0.56796875 0.671875 0.0984375 0.12291666666666666
4 0.73828125 0.6822916666666666 0.1203125 0.15208333333333332