4 0.37734375 0.3625 0.0296875 0.03333333333333333
9 0.55703125 0.39479166666666665 0.0546875 0.09375
4 0.48984375 0.40520833333333334 0.0390625 0.04791666666666667
8 0.6984375 0.440625 0.096875 0.14375
4 0.51484375 0.4625 0.0484375 0.07083333333333333
4 0.34765625 0.46979166666666666 0.0546875 0.06875
2 0.64921875 0.49166666666666664 0.1296875 0.19166666666666668
4 0.79609375 0.49375 0.0671875 0.09166666666666666
4 0.58515625 0.690625 0.0984375 0.14791666666666667
8 0.92265625 0.690625 0.1546875 0.32708333333333334
10 0.81171875 0.76875 0.1578125 0.2833333333333333
4 0.21796875 0.7875 0.1296875 0.18333333333333332