7 0.29921875 0.3375 0.0328125 0.05
1 0.6171875 0.3645833333333333 0.065625 0.10833333333333334
4 0.334375 0.36666666666666664 0.028125 0.041666666666666664
4 0.47578125 0.36770833333333336 0.0296875 0.03125
1 0.55078125 0.38333333333333336 0.0578125 0.08333333333333333
4 0.49140625 0.38645833333333335 0.0390625 0.04791666666666667
4 0.49453125 0.425 0.0390625 0.041666666666666664
4 0.59765625 0.46875 0.0484375 0.058333333333333334
4 0.51171875 0.4864583333333333 0.0515625 0.07291666666666667
4 0.22421875 0.5229166666666667 0.0640625 0.0875
4 0.81015625 0.5739583333333333 0.0515625 0.08958333333333333
1 0.74765625 0.6135416666666667 0.2359375 0.39791666666666664
0 0.91875 0.703125 0.1625 0.36875
4 0.58203125 0.7104166666666667 0.0953125 0.14583333333333334
4 0.2640625 0.7552083333333334 0.10625 0.13541666666666666