0 0.4640625 0.33645833333333336 0.04375 0.06458333333333334
0 0.52578125 0.33645833333333336 0.0515625 0.08125
4 0.46953125 0.359375 0.0265625 0.03125
4 0.32265625 0.37916666666666665 0.0328125 0.04583333333333333
0 0.56484375 0.38958333333333334 0.0671875 0.10833333333333334
7 0.628125 0.39375 0.0625 0.1
4 0.48046875 0.39479166666666665 0.0328125 0.04375
4 0.36171875 0.41354166666666664 0.0421875 0.06041666666666667
4 0.49765625 0.43854166666666666 0.0421875 0.06458333333333334
7 0.25625 0.446875 0.06875 0.08541666666666667
4 0.66171875 0.44895833333333335 0.0453125 0.06041666666666667
4 0.51640625 0.49166666666666664 0.0421875 0.07083333333333333
7 0.1390625 0.5 0.096875 0.13333333333333333
8 0.79609375 0.5083333333333333 0.1703125 0.21666666666666667
4 0.64375 0.5520833333333334 0.071875 0.1125
4 0.53828125 0.603125 0.0828125 0.13958333333333334
4 0.26875 0.721875 0.103125 0.16041666666666668
4 0.60625 0.7625 0.11875 0.175
4 0.79609375 0.7916666666666666 0.1546875 0.20416666666666666