4 0.384375 0.346875 0.028125 0.035416666666666666
9 0.534375 0.3614583333333333 0.040625 0.06458333333333334
7 0.27890625 0.36666666666666664 0.0453125 0.0625
4 0.48046875 0.3770833333333333 0.0328125 0.041666666666666664
4 0.54375 0.40208333333333335 0.025 0.0375
10 0.6421875 0.4166666666666667 0.04375 0.06666666666666667
4 0.48984375 0.4197916666666667 0.0390625 0.06041666666666667
11 0.59765625 0.43333333333333335 0.0859375 0.1375
9 0.6984375 0.465625 0.075 0.08541666666666667
4 0.51171875 0.48125 0.0546875 0.06666666666666667
4 0.7828125 0.571875 0.078125 0.09791666666666667
4 0.67734375 0.5927083333333333 0.0859375 0.10208333333333333
4 0.59921875 0.6979166666666666 0.0953125 0.14583333333333334
10 0.93828125 0.7 0.1234375 0.2375