2 0.546875 0.365625 0.0625 0.08958333333333333
4 0.48046875 0.39479166666666665 0.0328125 0.04375
4 0.48828125 0.40729166666666666 0.0328125 0.03125
4 0.553125 0.41354166666666664 0.040625 0.04375
4 0.49765625 0.434375 0.0515625 0.05625
4 0.56484375 0.44375 0.0359375 0.058333333333333334
4 0.51015625 0.48333333333333334 0.0515625 0.08333333333333333
4 0.31796875 0.5145833333333333 0.0609375 0.075
4 0.74609375 0.53125 0.0546875 0.09166666666666666
2 0.66953125 0.5364583333333334 0.1578125 0.24791666666666667
4 0.54296875 0.584375 0.0828125 0.10625
4 0.5859375 0.7333333333333333 0.109375 0.14166666666666666
8 0.8890625 0.7802083333333333 0.221875 0.4395833333333333