4 0.39296875 0.32083333333333336 0.0234375 0.025
1 0.58203125 0.328125 0.0546875 0.07291666666666667
7 0.34140625 0.33229166666666665 0.0453125 0.07291666666666667
1 0.5296875 0.33958333333333335 0.05 0.09583333333333334
0 0.4796875 0.34375 0.053125 0.08333333333333333
4 0.38671875 0.35208333333333336 0.0296875 0.029166666666666667
7 0.28359375 0.371875 0.0453125 0.07708333333333334
4 0.36875 0.38958333333333334 0.034375 0.0375
4 0.640625 0.40208333333333335 0.0375 0.075
4 0.48984375 0.403125 0.0484375 0.05625
1 0.5921875 0.428125 0.096875 0.16041666666666668
1 0.7078125 0.45208333333333334 0.125 0.1625
4 0.259375 0.4552083333333333 0.05625 0.06458333333333334
4 0.34453125 0.5010416666666667 0.0609375 0.07708333333333334
4 0.21796875 0.5114583333333333 0.0796875 0.11875
7 0.07578125 0.5541666666666667 0.1140625 0.13333333333333333
4 0.54765625 0.5916666666666667 0.0734375 0.11666666666666667
7 0.90859375 0.6114583333333333 0.1828125 0.19375
4 0.74375 0.6635416666666667 0.10625 0.16041666666666668
1 0.896875 0.8177083333333334 0.20625 0.3645833333333333
4 0.21171875 0.846875 0.1546875 0.18541666666666667