7 0.35 0.28958333333333336 0.046875 0.05416666666666667
4 0.396875 0.31979166666666664 0.0375 0.03958333333333333
7 0.6 0.3625 0.046875 0.07916666666666666
1 0.5640625 0.40625 0.084375 0.1375
4 0.49765625 0.4197916666666667 0.0578125 0.07291666666666667
4 0.51171875 0.4739583333333333 0.0796875 0.08125
4 0.31171875 0.5458333333333333 0.0984375 0.11666666666666667
4 0.534375 0.5645833333333333 0.090625 0.14166666666666666
4 0.86015625 0.621875 0.1171875 0.14791666666666667
7 0.76171875 0.6708333333333333 0.1765625 0.30833333333333335
4 0.965625 0.7385416666666667 0.06875 0.23125
4 0.628125 0.8385416666666666 0.15 0.24375