4 0.36796875 0.4197916666666667 0.0453125 0.07291666666666667
4 0.2875 0.4375 0.046875 0.05416666666666667
4 0.5828125 0.44583333333333336 0.053125 0.0625
4 0.68515625 0.4552083333333333 0.0296875 0.05625
9 0.63515625 0.48020833333333335 0.0890625 0.16458333333333333
3 0.51875 0.4979166666666667 0.0625 0.09583333333333334
10 0.76171875 0.5208333333333334 0.0765625 0.1
1 0.0890625 0.521875 0.178125 0.27291666666666664
4 0.340625 0.5302083333333333 0.0625 0.07291666666666667
9 0.690625 0.5645833333333333 0.096875 0.15416666666666667
4 0.21796875 0.5677083333333334 0.0765625 0.09791666666666667
4 0.55859375 0.6395833333333333 0.0859375 0.11666666666666667
4 0.28828125 0.6833333333333333 0.0953125 0.125
4 0.64921875 0.8958333333333334 0.1515625 0.20833333333333334