5 0.39296875 0.33229166666666665 0.0265625 0.03125
4 0.3703125 0.390625 0.040625 0.03958333333333333
10 0.61640625 0.396875 0.0390625 0.06458333333333334
11 0.5703125 0.40208333333333335 0.071875 0.11666666666666667
7 0.2296875 0.4114583333333333 0.059375 0.07291666666666667
9 0.6578125 0.43645833333333334 0.05625 0.07291666666666667
4 0.4984375 0.44375 0.040625 0.058333333333333334
4 0.72421875 0.5135416666666667 0.0671875 0.08125
4 0.62734375 0.51875 0.0671875 0.0875
4 0.5609375 0.5895833333333333 0.075 0.10416666666666667
10 0.8453125 0.5947916666666667 0.128125 0.19375
4 0.60390625 0.7875 0.1140625 0.16666666666666666
4 0.84296875 0.8375 0.1671875 0.225