4 0.521875 0.3614583333333333 0.03125 0.035416666666666666
9 0.253125 0.36770833333333336 0.0625 0.07708333333333334
11 0.3078125 0.37604166666666666 0.075 0.10625
4 0.490625 0.38333333333333336 0.034375 0.05
11 0.1671875 0.44166666666666665 0.121875 0.12916666666666668
4 0.35546875 0.44166666666666665 0.0515625 0.07083333333333333
2 0.1609375 0.5770833333333333 0.184375 0.25833333333333336
4 0.30546875 0.5822916666666667 0.0828125 0.10625
4 0.63046875 0.584375 0.0796875 0.11875
10 0.03671875 0.5875 0.0734375 0.17083333333333334
4 0.5890625 0.7364583333333333 0.115625 0.21041666666666667