4 0.36796875 0.3885416666666667 0.0421875 0.04791666666666667
4 0.5125 0.421875 0.046875 0.06458333333333334
4 0.653125 0.4270833333333333 0.046875 0.0625
4 0.57109375 0.4322916666666667 0.0421875 0.05625
4 0.75078125 0.4625 0.0609375 0.07083333333333333
10 0.63046875 0.48854166666666665 0.0796875 0.13958333333333334
4 0.5140625 0.4947916666666667 0.05625 0.08541666666666667
4 0.7140625 0.5104166666666666 0.065625 0.075
9 0.81796875 0.5645833333333333 0.1234375 0.2125
4 0.56328125 0.6041666666666666 0.0859375 0.11666666666666667
4 0.75859375 0.7 0.1265625 0.15833333333333333
4 0.11953125 0.7072916666666667 0.1140625 0.11041666666666666