7 0.3515625 0.290625 0.034375 0.05625
4 0.378125 0.30104166666666665 0.021875 0.035416666666666666
4 0.4015625 0.30104166666666665 0.025 0.035416666666666666
1 0.56875 0.32083333333333336 0.05625 0.05416666666666667
4 0.52265625 0.33958333333333335 0.0484375 0.058333333333333334
1 0.334375 0.36041666666666666 0.046875 0.06666666666666667
1 0.54140625 0.3614583333333333 0.0515625 0.08541666666666667
4 0.4765625 0.365625 0.034375 0.027083333333333334
4 0.48359375 0.384375 0.0359375 0.022916666666666665
4 0.49296875 0.396875 0.0390625 0.027083333333333334
4 0.37578125 0.40729166666666666 0.0484375 0.07708333333333334
1 0.19375 0.4197916666666667 0.103125 0.15625
1 0.60390625 0.4354166666666667 0.1109375 0.17916666666666667
4 0.490625 0.4395833333333333 0.05 0.075
1 0.71796875 0.440625 0.1453125 0.18125
1 0.278125 0.4510416666666667 0.071875 0.11041666666666666
4 0.5171875 0.4635416666666667 0.05625 0.06041666666666667
4 0.525 0.5072916666666667 0.075 0.08541666666666667
4 0.3359375 0.5197916666666667 0.078125 0.09375
1 0.7015625 0.58125 0.190625 0.30416666666666664
4 0.54375 0.5885416666666666 0.096875 0.13125
4 0.29140625 0.6854166666666667 0.1109375 0.15833333333333333
4 0.58515625 0.7104166666666667 0.1265625 0.1375
1 0.85390625 0.7541666666666667 0.2921875 0.49166666666666664
1 0.0796875 0.7729166666666667 0.159375 0.38333333333333336
4 0.6234375 0.8864583333333333 0.175 0.22708333333333333