7 0.16015625 0.4510416666666667 0.0921875 0.10208333333333333
4 0.246875 0.5052083333333334 0.08125 0.10208333333333333
4 0.534375 0.5114583333333333 0.075 0.08958333333333333
7 0.61953125 0.5135416666666667 0.0765625 0.14791666666666667
1 0.8921875 0.5458333333333333 0.1875 0.2375
4 0.55546875 0.5645833333333333 0.0859375 0.0875
7 0.69140625 0.5739583333333333 0.1265625 0.18958333333333333
4 0.5390625 0.6416666666666667 0.090625 0.15833333333333333
7 0.8453125 0.7708333333333334 0.125 0.20416666666666666
4 0.621875 0.7895833333333333 0.15625 0.18333333333333332
4 0.64296875 0.925 0.1734375 0.15