1 0.15234375 0.45729166666666665 0.0796875 0.11875
7 0.621875 0.5072916666666667 0.0625 0.13125
4 0.5359375 0.5166666666666667 0.075 0.075
4 0.22578125 0.546875 0.0796875 0.10208333333333333
1 0.8890625 0.5572916666666666 0.2125 0.26458333333333334
4 0.55703125 0.56875 0.0796875 0.09166666666666666
7 0.6828125 0.5770833333333333 0.11875 0.19166666666666668
7 0.53984375 0.634375 0.0921875 0.15625
7 0.83515625 0.7541666666666667 0.1296875 0.20833333333333334
4 0.6 0.8010416666666667 0.15 0.21041666666666667
4 0.63984375 0.9270833333333334 0.1484375 0.14583333333333334