4 0.4734375 0.36354166666666665 0.028125 0.03125
0 0.54140625 0.36770833333333336 0.0546875 0.08958333333333333
8 0.6625 0.3875 0.1 0.1125
4 0.48125 0.3927083333333333 0.0375 0.04375
4 0.28203125 0.42916666666666664 0.0515625 0.058333333333333334
4 0.490625 0.4354166666666667 0.05 0.0625
0 0.58515625 0.4354166666666667 0.0828125 0.15833333333333333
4 0.51015625 0.46145833333333336 0.0609375 0.03958333333333333
4 0.51953125 0.515625 0.0609375 0.08541666666666667
8 0.6796875 0.5239583333333333 0.14375 0.24791666666666667
4 0.76953125 0.5364583333333334 0.0734375 0.07708333333333334
4 0.53203125 0.5604166666666667 0.0640625 0.0875
4 0.83046875 0.6104166666666667 0.0953125 0.1125
4 0.5796875 0.6604166666666667 0.103125 0.17083333333333334
4 0.85234375 0.8416666666666667 0.1765625 0.225
4 0.63359375 0.8614583333333333 0.1421875 0.21458333333333332