4 0.3828125 0.36354166666666665 0.03125 0.035416666666666666
4 0.4765625 0.37604166666666666 0.034375 0.04375
10 0.26171875 0.38125 0.0453125 0.0625
4 0.3171875 0.38229166666666664 0.034375 0.04375
10 0.6171875 0.39375 0.040625 0.075
4 0.54921875 0.4 0.0359375 0.05
10 0.20859375 0.403125 0.0515625 0.08541666666666667
4 0.37265625 0.41041666666666665 0.0390625 0.041666666666666664
4 0.49453125 0.415625 0.0390625 0.052083333333333336
4 0.58671875 0.4322916666666667 0.0484375 0.07291666666666667
4 0.35546875 0.46041666666666664 0.0484375 0.07083333333333333
4 0.6828125 0.46770833333333334 0.059375 0.07708333333333334
10 0.21796875 0.49166666666666664 0.0828125 0.125
4 0.51875 0.5052083333333334 0.05625 0.10208333333333333
10 0.6421875 0.5114583333333333 0.06875 0.12291666666666666
10 0.059375 0.5625 0.11875 0.15833333333333333
4 0.546875 0.596875 0.078125 0.12291666666666666
4 0.30703125 0.6083333333333333 0.0734375 0.10416666666666667
11 0.84453125 0.7427083333333333 0.3046875 0.4979166666666667