4 0.38125 0.34270833333333334 0.028125 0.035416666666666666
7 0.27890625 0.3541666666666667 0.0328125 0.05
5 0.5453125 0.3802083333333333 0.059375 0.08541666666666667
4 0.321875 0.3885416666666667 0.0375 0.04791666666666667
4 0.49140625 0.4166666666666667 0.0390625 0.05
4 0.58671875 0.45416666666666666 0.0453125 0.0625
4 0.50859375 0.46979166666666666 0.0546875 0.07708333333333334
4 0.7734375 0.5354166666666667 0.04375 0.07083333333333333
1 0.7 0.553125 0.190625 0.3229166666666667
4 0.15078125 0.6364583333333333 0.0984375 0.12291666666666666
0 0.8953125 0.6479166666666667 0.209375 0.3125
4 0.565625 0.6645833333333333 0.0875 0.1375