7 0.34921875 0.32395833333333335 0.0421875 0.07291666666666667
4 0.39140625 0.353125 0.0265625 0.04375
4 0.2671875 0.3770833333333333 0.034375 0.04583333333333333
4 0.57109375 0.41770833333333335 0.0296875 0.03958333333333333
4 0.25390625 0.425 0.0640625 0.058333333333333334
4 0.596875 0.44583333333333336 0.040625 0.0625
4 0.50625 0.46875 0.040625 0.0625
1 0.771875 0.47291666666666665 0.159375 0.2
4 0.51953125 0.48125 0.0484375 0.04583333333333333
1 0.63046875 0.4979166666666667 0.0734375 0.11666666666666667
4 0.53125 0.5208333333333334 0.05625 0.0625
7 0.67734375 0.5697916666666667 0.0953125 0.21875
4 0.55859375 0.575 0.0609375 0.10833333333333334
7 0.53046875 0.6145833333333334 0.0671875 0.125
7 0.74453125 0.640625 0.0609375 0.11875
7 0.0921875 0.7125 0.184375 0.2833333333333333
4 0.5828125 0.7135416666666666 0.1125 0.11041666666666666
1 0.86171875 0.7177083333333333 0.2296875 0.33958333333333335
1 0.95234375 0.8697916666666666 0.0953125 0.2604166666666667
4 0.621875 0.884375 0.15625 0.23125