4 0.36328125 0.409375 0.0421875 0.04791666666666667
4 0.509375 0.415625 0.040625 0.052083333333333336
4 0.640625 0.41875 0.046875 0.0625
4 0.56640625 0.4197916666666667 0.0421875 0.05625
4 0.72578125 0.440625 0.0546875 0.05625
10 0.6140625 0.47604166666666664 0.06875 0.12291666666666666
4 0.51015625 0.47708333333333336 0.0515625 0.07916666666666666
4 0.69140625 0.48541666666666666 0.0515625 0.07083333333333333
9 0.78515625 0.5364583333333334 0.1078125 0.17708333333333334
4 0.54765625 0.5666666666666667 0.0765625 0.10416666666666667
4 0.7234375 0.65 0.10625 0.1375
8 0.9359375 0.6895833333333333 0.128125 0.375
9 0.8921875 0.865625 0.215625 0.26875