4 0.39140625 0.325 0.0265625 0.03333333333333333
1 0.54296875 0.3541666666666667 0.0609375 0.12083333333333333
7 0.31640625 0.3802083333333333 0.0390625 0.06041666666666667
4 0.59765625 0.38125 0.0359375 0.04583333333333333
0 0.6484375 0.38229166666666664 0.0625 0.10208333333333333
4 0.48203125 0.38958333333333334 0.0359375 0.041666666666666664
4 0.36953125 0.4083333333333333 0.0421875 0.041666666666666664
4 0.49140625 0.4166666666666667 0.0390625 0.04583333333333333
4 0.61484375 0.4479166666666667 0.0421875 0.05416666666666667
5 0.71484375 0.4479166666666667 0.0953125 0.09583333333333334
4 0.50859375 0.48020833333333335 0.0546875 0.06458333333333334
9 0.72734375 0.5291666666666667 0.1234375 0.175
7 0.0671875 0.5677083333333334 0.115625 0.15625
4 0.54453125 0.6052083333333333 0.0765625 0.10208333333333333
1 0.859375 0.784375 0.28125 0.43125
4 0.63125 0.871875 0.146875 0.25625