4 0.3890625 0.34270833333333334 0.03125 0.03958333333333333
4 0.4796875 0.3770833333333333 0.03125 0.05
4 0.365625 0.39375 0.040625 0.04583333333333333
8 0.646875 0.4010416666666667 0.09375 0.13541666666666666
9 0.56875 0.4166666666666667 0.05 0.08333333333333333
4 0.49609375 0.42291666666666666 0.0390625 0.05416666666666667
9 0.6046875 0.4583333333333333 0.06875 0.11666666666666667
4 0.5125 0.47708333333333336 0.0625 0.07916666666666666
8 0.8125 0.5354166666666667 0.165625 0.20833333333333334
4 0.56328125 0.5979166666666667 0.0734375 0.10416666666666667
2 0.8421875 0.7333333333333333 0.275 0.42083333333333334