7 0.3765625 0.27395833333333336 0.025 0.03958333333333333
4 0.45390625 0.27395833333333336 0.0015625 0.00625
7 0.340625 0.278125 0.028125 0.035416666666666666
7 0.4125 0.2791666666666667 0.025 0.041666666666666664
7 0.35390625 0.28020833333333334 0.0046875 0.00625
4 0.453125 0.290625 0.01875 0.027083333333333334
4 0.459375 0.30416666666666664 0.01875 0.020833333333333332
7 0.35390625 0.30833333333333335 0.0359375 0.05416666666666667
1 0.50390625 0.3125 0.0296875 0.075
4 0.46484375 0.321875 0.0234375 0.027083333333333334
7 0.38984375 0.3302083333333333 0.0359375 0.06458333333333334
1 0.58359375 0.34375 0.0453125 0.06666666666666667
4 0.471875 0.35208333333333336 0.025 0.03333333333333333
4 0.321875 0.3541666666666667 0.034375 0.041666666666666664
7 0.528125 0.36041666666666666 0.040625 0.07916666666666666
1 0.31640625 0.37604166666666666 0.0015625 0.014583333333333334
1 0.60703125 0.38958333333333334 0.0515625 0.0625
4 0.4828125 0.3958333333333333 0.028125 0.03333333333333333
7 0.5609375 0.39791666666666664 0.0375 0.08333333333333333
1 0.6578125 0.41875 0.053125 0.08333333333333333
4 0.5703125 0.43645833333333334 0.025 0.04375
4 0.49609375 0.44375 0.0359375 0.03333333333333333
4 0.5953125 0.45729166666666665 0.034375 0.06458333333333334
4 0.509375 0.471875 0.040625 0.04375
1 0.73203125 0.4875 0.0828125 0.12916666666666668
7 0.628125 0.5416666666666666 0.059375 0.14166666666666666
4 0.52421875 0.5614583333333333 0.0609375 0.10208333333333333
7 0.68046875 0.5645833333333333 0.0921875 0.19166666666666668
4 0.065625 0.5833333333333334 0.09375 0.10833333333333334
1 0.82265625 0.6385416666666667 0.0078125 0.010416666666666666
4 0.7421875 0.6510416666666666 0.04375 0.13541666666666666
4 0.55703125 0.6864583333333333 0.0828125 0.12291666666666666
1 0.8578125 0.728125 0.18125 0.3145833333333333
4 0.225 0.8229166666666666 0.13125 0.2
1 0.93046875 0.8291666666666667 0.1390625 0.2625
4 0.61796875 0.8458333333333333 0.1140625 0.1625
4 0.63984375 0.9552083333333333 0.1171875 0.052083333333333336