6 0.3265625 0.36354166666666665 0.04375 0.06041666666666667
8 0.63203125 0.3802083333333333 0.0609375 0.08958333333333333
10 0.5390625 0.390625 0.028125 0.07291666666666667
4 0.67734375 0.39895833333333336 0.0328125 0.05625
4 0.49296875 0.4041666666666667 0.0328125 0.041666666666666664
4 0.3640625 0.41875 0.040625 0.05
9 0.58515625 0.41875 0.0609375 0.125
4 0.50390625 0.44583333333333336 0.0484375 0.06666666666666667
9 0.62734375 0.4875 0.0859375 0.14166666666666666
11 0.78125 0.5583333333333333 0.18125 0.17083333333333334
4 0.546875 0.571875 0.06875 0.09375
4 0.70625 0.7072916666666667 0.121875 0.15625
3 0.6859375 0.8958333333333334 0.184375 0.20833333333333334