7 0.59609375 0.3625 0.0609375 0.08333333333333333
7 0.55625 0.3885416666666667 0.053125 0.08958333333333333
7 0.6390625 0.39375 0.0625 0.0875
7 0.2546875 0.40208333333333335 0.059375 0.10416666666666667
4 0.49296875 0.4041666666666667 0.0296875 0.025
4 0.5015625 0.4239583333333333 0.040625 0.027083333333333334
4 0.57421875 0.4239583333333333 0.0359375 0.04791666666666667
4 0.59609375 0.434375 0.0328125 0.04375
7 0.69609375 0.440625 0.0859375 0.12708333333333333
4 0.50390625 0.4479166666666667 0.0359375 0.025
7 0.3296875 0.484375 0.09375 0.17708333333333334
7 0.51875 0.5 0.05625 0.09166666666666666
7 0.221875 0.5010416666666667 0.065625 0.10625
7 0.63515625 0.5135416666666667 0.0984375 0.13125
7 0.7921875 0.546875 0.1125 0.08541666666666667
7 0.67265625 0.5520833333333334 0.1046875 0.1875
4 0.534375 0.596875 0.06875 0.11875
1 0.93671875 0.6114583333333333 0.1265625 0.13541666666666666
7 0.7375 0.6395833333333333 0.0625 0.14166666666666666
1 0.8515625 0.6958333333333333 0.2 0.3125
4 0.58203125 0.7416666666666667 0.0921875 0.17916666666666667
1 0.928125 0.84375 0.14375 0.3125
4 0.6421875 0.9322916666666666 0.146875 0.13541666666666666