5 0.26796875 0.3572916666666667 0.0515625 0.06875
4 0.38125 0.3645833333333333 0.040625 0.041666666666666664
4 0.33203125 0.3875 0.0578125 0.0625
4 0.5734375 0.41770833333333335 0.05625 0.05625
1 0.6765625 0.41875 0.103125 0.125
4 0.60078125 0.4510416666666667 0.0546875 0.07291666666666667
4 0.5140625 0.49583333333333335 0.065625 0.08333333333333333
5 0.234375 0.49895833333333334 0.1375 0.15625
4 0.61484375 0.49895833333333334 0.0578125 0.07708333333333334
4 0.71796875 0.5 0.0671875 0.10416666666666667
4 0.3359375 0.5041666666666667 0.090625 0.10833333333333334
4 0.53203125 0.54375 0.0734375 0.09583333333333334
4 0.775 0.5520833333333334 0.059375 0.08333333333333333
5 0.66015625 0.5583333333333333 0.0921875 0.175
4 0.59296875 0.6208333333333333 0.0921875 0.14583333333333334
4 0.303125 0.621875 0.109375 0.14375
1 0.90078125 0.6364583333333333 0.1984375 0.4354166666666667
7 0.54375 0.6760416666666667 0.115625 0.21458333333333332
5 0.78203125 0.6791666666666667 0.1921875 0.3333333333333333