5 0.23671875 0.3645833333333333 0.0765625 0.075
4 0.32890625 0.375 0.0296875 0.04583333333333333
4 0.56640625 0.40520833333333334 0.0390625 0.052083333333333336
4 0.36875 0.434375 0.04375 0.052083333333333336
4 0.50078125 0.43854166666666666 0.0453125 0.06458333333333334
5 0.2234375 0.45625 0.128125 0.18333333333333332
9 0.68359375 0.46979166666666666 0.0734375 0.11041666666666666
4 0.59375 0.48020833333333335 0.053125 0.06458333333333334
1 0.10390625 0.48125 0.1234375 0.15833333333333333
4 0.53125 0.5104166666666666 0.05625 0.08333333333333333
9 0.65546875 0.540625 0.0984375 0.13958333333333334
4 0.578125 0.7041666666666667 0.109375 0.1625
5 0.08828125 0.70625 0.1765625 0.4166666666666667