1 0.36484375 0.309375 0.0328125 0.052083333333333336
7 0.32734375 0.31875 0.0296875 0.04583333333333333
6 0.39375 0.3229166666666667 0.028125 0.03333333333333333
4 0.37890625 0.346875 0.0296875 0.035416666666666666
7 0.553125 0.3875 0.046875 0.0875
1 0.6578125 0.3927083333333333 0.09375 0.14375
1 0.20703125 0.4010416666666667 0.0921875 0.12708333333333333
4 0.57109375 0.4239583333333333 0.0328125 0.052083333333333336
4 0.35078125 0.4270833333333333 0.0453125 0.05416666666666667
4 0.5953125 0.4479166666666667 0.04375 0.06666666666666667
4 0.50234375 0.4625 0.0390625 0.0625
7 0.7140625 0.46770833333333334 0.090625 0.13541666666666666
4 0.5171875 0.4947916666666667 0.059375 0.08125
4 0.80234375 0.496875 0.0609375 0.07708333333333334
7 0.62265625 0.509375 0.0671875 0.13541666666666666
4 0.53046875 0.534375 0.0640625 0.08541666666666667
7 0.66796875 0.5489583333333333 0.1078125 0.20208333333333334
4 0.55859375 0.5770833333333333 0.0703125 0.10416666666666667
7 0.28671875 0.584375 0.0859375 0.11041666666666666
7 0.8828125 0.6020833333333333 0.14375 0.21666666666666667
7 0.5359375 0.6229166666666667 0.08125 0.15833333333333333
7 0.76484375 0.6510416666666666 0.0984375 0.16041666666666668
7 0.08125 0.6833333333333333 0.1625 0.23333333333333334
1 0.85859375 0.734375 0.2296875 0.38958333333333334
4 0.5734375 0.7416666666666667 0.1 0.175
4 0.61328125 0.8614583333333333 0.1359375 0.20625
4 0.64296875 0.9510416666666667 0.1515625 0.09791666666666667