4 0.3890625 0.34270833333333334 0.03125 0.03958333333333333
4 0.48046875 0.38125 0.0359375 0.05
4 0.3671875 0.39375 0.040625 0.04583333333333333
8 0.65625 0.41041666666666665 0.1 0.15
9 0.5703125 0.4270833333333333 0.05 0.08333333333333333
4 0.496875 0.434375 0.040625 0.05625
9 0.6109375 0.47291666666666665 0.06875 0.11666666666666667
4 0.51875 0.4875 0.0625 0.07916666666666666
8 0.834375 0.5479166666666667 0.184375 0.22083333333333333
4 0.575 0.6322916666666667 0.0875 0.12708333333333333
2 0.8640625 0.7791666666666667 0.271875 0.44166666666666665