4 0.38125 0.3416666666666667 0.025 0.041666666666666664
4 0.3078125 0.346875 0.034375 0.04375
4 0.34140625 0.3541666666666667 0.0265625 0.04583333333333333
4 0.37890625 0.3729166666666667 0.0328125 0.041666666666666664
7 0.55234375 0.3875 0.0515625 0.08333333333333333
7 0.628125 0.39166666666666666 0.05625 0.07916666666666666
4 0.49375 0.4197916666666667 0.034375 0.035416666666666666
4 0.57734375 0.425 0.0453125 0.058333333333333334
7 0.70625 0.44583333333333336 0.075 0.10416666666666667
4 0.5953125 0.4479166666666667 0.034375 0.06666666666666667
4 0.51171875 0.46145833333333336 0.0578125 0.05625
4 0.51875 0.5020833333333333 0.053125 0.0625
7 0.621875 0.5072916666666667 0.075 0.11875
7 0.78125 0.5104166666666666 0.109375 0.15
7 0.66796875 0.534375 0.0890625 0.17291666666666666
4 0.553125 0.565625 0.053125 0.09791666666666667
7 0.54375 0.5989583333333334 0.090625 0.13125
7 0.74453125 0.6364583333333333 0.0671875 0.13541666666666666
1 0.85703125 0.6947916666666667 0.2078125 0.28541666666666665
4 0.58203125 0.7260416666666667 0.1171875 0.11875
4 0.61484375 0.8270833333333333 0.1203125 0.14166666666666666
1 0.9203125 0.8385416666666666 0.14375 0.3020833333333333
4 0.64921875 0.9479166666666666 0.1328125 0.10416666666666667