7 0.2859375 0.33958333333333335 0.04375 0.06666666666666667
4 0.37890625 0.37083333333333335 0.0390625 0.041666666666666664
1 0.30546875 0.38958333333333334 0.0734375 0.09583333333333334
10 0.56015625 0.396875 0.0484375 0.08958333333333333
4 0.4890625 0.41354166666666664 0.04375 0.05625
4 0.63125 0.42604166666666665 0.0375 0.04791666666666667
9 0.6796875 0.4427083333333333 0.075 0.12291666666666666
4 0.5109375 0.45 0.053125 0.075
4 0.60859375 0.49583333333333335 0.0515625 0.075
8 0.8140625 0.5302083333333333 0.2 0.24375
9 0.675 0.5604166666666667 0.096875 0.1625
4 0.54609375 0.6166666666666667 0.0734375 0.10833333333333334
9 0.8859375 0.8333333333333334 0.228125 0.32916666666666666
4 0.2109375 0.8510416666666667 0.13125 0.15625