0 0.37734375 0.296875 0.0359375 0.05625
7 0.3921875 0.33958333333333335 0.0375 0.0375
7 0.32109375 0.34375 0.0328125 0.04583333333333333
1 0.23984375 0.3770833333333333 0.0734375 0.075
4 0.31484375 0.38229166666666664 0.0328125 0.04375
4 0.38203125 0.384375 0.0359375 0.052083333333333336
1 0.24921875 0.46770833333333334 0.1234375 0.15208333333333332
4 0.3453125 0.48333333333333334 0.059375 0.075
1 0.778125 0.5020833333333333 0.121875 0.15
4 0.84765625 0.5104166666666666 0.0359375 0.0625
1 0.659375 0.55 0.09375 0.19166666666666668
4 0.5203125 0.565625 0.06875 0.11458333333333333
1 0.94375 0.5822916666666667 0.1125 0.16875
4 0.55078125 0.6197916666666666 0.0734375 0.11041666666666666
7 0.74375 0.6333333333333333 0.075 0.14166666666666666
4 0.56640625 0.7260416666666667 0.1046875 0.18125
1 0.8765625 0.76875 0.246875 0.4625
1 0.0265625 0.8229166666666666 0.053125 0.3541666666666667
4 0.72421875 0.8739583333333333 0.1390625 0.23125
4 0.16875 0.9333333333333333 0.2 0.13333333333333333
4 0.62734375 0.9739583333333334 0.1046875 0.052083333333333336