7 0.278125 0.35208333333333336 0.05 0.06666666666666667
1 0.54453125 0.371875 0.0640625 0.10208333333333333
4 0.59453125 0.3770833333333333 0.0390625 0.05
4 0.35859375 0.3958333333333333 0.0421875 0.05
7 0.62421875 0.4041666666666667 0.0484375 0.0625
4 0.490625 0.4114583333333333 0.0375 0.04791666666666667
4 0.57421875 0.44166666666666665 0.0515625 0.0625
4 0.6609375 0.45 0.05 0.06666666666666667
4 0.51953125 0.48125 0.0546875 0.07083333333333333
7 0.7390625 0.5041666666666667 0.084375 0.12916666666666668
4 0.54296875 0.5822916666666667 0.0765625 0.09375
7 0.05 0.5833333333333334 0.1 0.17083333333333334
4 0.67578125 0.5875 0.0859375 0.1125
1 0.89765625 0.5895833333333333 0.2046875 0.32083333333333336
4 0.26015625 0.7166666666666667 0.1109375 0.14166666666666666
4 0.64765625 0.8229166666666666 0.1578125 0.22916666666666666