4 0.38125 0.3625 0.040625 0.041666666666666664
5 0.31796875 0.37395833333333334 0.0546875 0.09375
4 0.37421875 0.39479166666666665 0.0484375 0.052083333333333336
1 0.70234375 0.44479166666666664 0.1359375 0.16041666666666668
4 0.3234375 0.45416666666666666 0.059375 0.06666666666666667
4 0.6109375 0.46875 0.075 0.0875
4 0.5171875 0.5125 0.075 0.09583333333333334
4 0.809375 0.5145833333333333 0.1 0.09166666666666666
4 0.540625 0.5677083333333334 0.084375 0.10625
4 0.671875 0.578125 0.0875 0.13541666666666666
4 0.29375 0.5802083333333333 0.134375 0.13958333333333334
4 0.8359375 0.6333333333333333 0.096875 0.125
1 0.94921875 0.6395833333333333 0.1015625 0.30833333333333335
5 0.74375 0.6927083333333334 0.165625 0.2520833333333333
4 0.61796875 0.6947916666666667 0.1046875 0.15208333333333332
7 0.56875 0.8083333333333333 0.171875 0.2875
5 0.91171875 0.8302083333333333 0.1765625 0.33958333333333335
4 0.05078125 0.8729166666666667 0.1015625 0.20833333333333334
4 0.1546875 0.953125 0.184375 0.09375