4 0.634375 0.41041666666666665 0.046875 0.0625
4 0.50859375 0.41354166666666664 0.0453125 0.06041666666666667
4 0.56328125 0.41770833333333335 0.0390625 0.05625
4 0.35546875 0.421875 0.0421875 0.04791666666666667
4 0.71484375 0.4322916666666667 0.0546875 0.05625
10 0.609375 0.465625 0.06875 0.12291666666666666
4 0.50859375 0.471875 0.0515625 0.06875
4 0.69140625 0.48541666666666666 0.0515625 0.07083333333333333
9 0.77421875 0.5260416666666666 0.1078125 0.17708333333333334
4 0.54453125 0.55 0.0765625 0.10416666666666667
4 0.7109375 0.6354166666666666 0.10625 0.1375
8 0.9265625 0.6802083333333333 0.146875 0.3770833333333333
9 0.871875 0.8229166666666666 0.225 0.3541666666666667