7 0.34140625 0.3458333333333333 0.0390625 0.05
4 0.3890625 0.35208333333333336 0.034375 0.041666666666666664
7 0.2546875 0.3697916666666667 0.05 0.06458333333333334
1 0.55078125 0.3697916666666667 0.0640625 0.12708333333333333
4 0.6078125 0.39791666666666664 0.04375 0.05416666666666667
0 0.66796875 0.4010416666666667 0.0796875 0.12291666666666666
4 0.48515625 0.41354166666666664 0.0359375 0.052083333333333336
4 0.50703125 0.46041666666666664 0.0515625 0.07083333333333333
5 0.7484375 0.49166666666666664 0.11875 0.12916666666666668
4 0.634375 0.51875 0.059375 0.07916666666666666
4 0.53046875 0.53125 0.0640625 0.0875
4 0.27421875 0.6604166666666667 0.1015625 0.12916666666666668
9 0.92109375 0.7125 0.1578125 0.3
4 0.58984375 0.7635416666666667 0.1078125 0.16458333333333333