4 0.38828125 0.34791666666666665 0.0296875 0.0375
4 0.47890625 0.353125 0.0453125 0.04791666666666667
1 0.30703125 0.37083333333333335 0.0484375 0.08333333333333333
7 0.621875 0.3770833333333333 0.05625 0.09166666666666666
4 0.4921875 0.4 0.03125 0.020833333333333332
7 0.66015625 0.40625 0.0640625 0.09583333333333334
4 0.365625 0.41770833333333335 0.04375 0.05625
4 0.5015625 0.4197916666666667 0.0375 0.03125
4 0.59296875 0.4354166666666667 0.0390625 0.041666666666666664
4 0.50625 0.44479166666666664 0.046875 0.027083333333333334
1 0.73984375 0.4822916666666667 0.0953125 0.11875
7 0.5109375 0.49375 0.059375 0.08333333333333333
7 0.62265625 0.5020833333333333 0.0640625 0.1125
1 0.878125 0.5583333333333333 0.16875 0.125
1 0.66953125 0.5614583333333333 0.1140625 0.20208333333333334
4 0.52265625 0.5708333333333333 0.0609375 0.1
7 0.746875 0.634375 0.071875 0.14375
4 0.56171875 0.6520833333333333 0.0828125 0.14166666666666666
1 0.85625 0.7166666666666667 0.21875 0.3333333333333333
1 0.92578125 0.8427083333333333 0.1484375 0.3145833333333333
4 0.61328125 0.878125 0.1328125 0.21875