0 0.34921875 0.325 0.0421875 0.08333333333333333
7 0.3875 0.35520833333333335 0.03125 0.035416666666666666
4 0.36328125 0.396875 0.0390625 0.04375
4 0.5765625 0.4125 0.040625 0.04583333333333333
7 0.24921875 0.46979166666666666 0.0890625 0.13541666666666666
4 0.59609375 0.471875 0.0484375 0.07291666666666667
1 0.7296875 0.471875 0.090625 0.14375
7 0.509375 0.47604166666666664 0.065625 0.06875
7 0.34765625 0.48854166666666665 0.0609375 0.09791666666666667
1 0.1 0.503125 0.134375 0.17291666666666666
1 0.63359375 0.51875 0.0828125 0.15833333333333333
4 0.515625 0.5447916666666667 0.065625 0.09375
1 0.68046875 0.5510416666666667 0.1046875 0.19375
1 0.9 0.5864583333333333 0.2 0.2520833333333333
4 0.54921875 0.6 0.0765625 0.11666666666666667
4 0.1796875 0.6104166666666667 0.115625 0.125
1 0.74296875 0.6239583333333333 0.0734375 0.12291666666666666
4 0.55703125 0.6958333333333333 0.0828125 0.15
1 0.84296875 0.70625 0.1921875 0.3375
4 0.278125 0.7458333333333333 0.125 0.14166666666666666
1 0.91328125 0.83125 0.1734375 0.3375
4 0.71953125 0.8625 0.1515625 0.2708333333333333
4 0.590625 0.9229166666666667 0.1125 0.15416666666666667