2 0.63515625 0.3958333333333333 0.0765625 0.1125
4 0.36484375 0.39791666666666664 0.0421875 0.05416666666666667
4 0.49921875 0.428125 0.0421875 0.05625
9 0.58984375 0.43125 0.0671875 0.12083333333333333
2 0.74375 0.49166666666666664 0.14375 0.20416666666666666
4 0.52109375 0.5020833333333333 0.0578125 0.08333333333333333
4 0.65 0.5364583333333334 0.071875 0.09375
5 0.23984375 0.55 0.0828125 0.0875
4 0.56171875 0.615625 0.0796875 0.12291666666666666
4 0.7125 0.6354166666666666 0.103125 0.12916666666666668
10 0.88359375 0.8052083333333333 0.1890625 0.33125
4 0.65859375 0.8125 0.1359375 0.20833333333333334