2 0.61796875 0.38333333333333336 0.0734375 0.09583333333333334
4 0.54609375 0.39166666666666666 0.0328125 0.041666666666666664
4 0.4859375 0.39479166666666665 0.0375 0.03958333333333333
4 0.2984375 0.421875 0.0375 0.04375
4 0.559375 0.421875 0.03125 0.052083333333333336
4 0.49453125 0.43125 0.0390625 0.05416666666666667
10 0.59921875 0.43645833333333334 0.0609375 0.09375
4 0.5296875 0.46875 0.05 0.06666666666666667
4 0.61171875 0.5052083333333334 0.0640625 0.08958333333333333
4 0.803125 0.5260416666666666 0.084375 0.09375
10 0.69296875 0.5833333333333334 0.0765625 0.12916666666666668
4 0.8328125 0.6177083333333333 0.071875 0.09791666666666667
4 0.56796875 0.6708333333333333 0.0921875 0.14166666666666666
10 0.76484375 0.68125 0.1421875 0.24583333333333332
4 0.690625 0.9322916666666666 0.165625 0.13541666666666666