4 0.396875 0.3333333333333333 0.034375 0.041666666666666664
4 0.3734375 0.37916666666666665 0.046875 0.05416666666666667
4 0.55625 0.38958333333333334 0.05 0.08333333333333333
7 0.19609375 0.4125 0.0734375 0.0625
4 0.48828125 0.4125 0.0328125 0.0375
7 0.6546875 0.42604166666666665 0.05625 0.07708333333333334
7 0.66328125 0.42604166666666665 0.0703125 0.09375
4 0.57734375 0.4270833333333333 0.0453125 0.04583333333333333
4 0.50234375 0.4395833333333333 0.0390625 0.04583333333333333
4 0.353125 0.44583333333333336 0.059375 0.058333333333333334
4 0.5921875 0.45 0.0375 0.0625
4 0.5125 0.47708333333333336 0.053125 0.058333333333333334
7 0.76875 0.49270833333333336 0.1 0.14375
7 0.62421875 0.5020833333333333 0.0640625 0.10833333333333334
4 0.53125 0.5197916666666667 0.05625 0.06458333333333334
7 0.6671875 0.553125 0.103125 0.17708333333333334
1 0.18203125 0.5625 0.1671875 0.26666666666666666
7 0.88828125 0.5708333333333333 0.1671875 0.16666666666666666
4 0.5609375 0.5760416666666667 0.06875 0.09375
7 0.53671875 0.6114583333333333 0.0734375 0.12708333333333333
7 0.75 0.6364583333333333 0.075 0.13541666666666666
4 0.5890625 0.7072916666666667 0.109375 0.11875
1 0.825 0.7072916666666667 0.171875 0.33958333333333335
4 0.2890625 0.7354166666666667 0.203125 0.19166666666666668
4 0.60546875 0.8322916666666667 0.1171875 0.12708333333333333
1 0.92890625 0.84375 0.1421875 0.30833333333333335
4 0.08203125 0.9177083333333333 0.1640625 0.16458333333333333
4 0.64140625 0.94375 0.1609375 0.10416666666666667