0 0.38046875 0.290625 0.0328125 0.05625
7 0.31875 0.33645833333333336 0.05 0.052083333333333336
4 0.384375 0.36354166666666665 0.03125 0.04791666666666667
4 0.31796875 0.36875 0.0265625 0.0375
1 0.25234375 0.3729166666666667 0.0671875 0.075
1 0.2703125 0.43645833333333334 0.090625 0.13125
4 0.35625 0.4395833333333333 0.04375 0.06666666666666667
4 0.5859375 0.4395833333333333 0.053125 0.07083333333333333
7 0.68125 0.4583333333333333 0.0875 0.09166666666666666
1 0.78671875 0.5083333333333333 0.1203125 0.13333333333333333
7 0.62890625 0.5166666666666667 0.0859375 0.13333333333333333
4 0.86953125 0.534375 0.0671875 0.08125
7 0.66796875 0.5541666666666667 0.0890625 0.19583333333333333
4 0.525 0.56875 0.071875 0.10833333333333334
1 0.953125 0.5989583333333334 0.09375 0.16875
4 0.55859375 0.6104166666666667 0.0765625 0.1
7 0.73828125 0.6270833333333333 0.0765625 0.15
7 0.0828125 0.6645833333333333 0.165625 0.25
1 0.84765625 0.6885416666666667 0.1984375 0.30625
4 0.56875 0.721875 0.109375 0.16041666666666668
4 0.24609375 0.7302083333333333 0.1421875 0.16458333333333333
1 0.92578125 0.8427083333333333 0.1453125 0.3145833333333333
4 0.72109375 0.8770833333333333 0.1515625 0.24583333333333332