8 0.6046875 0.353125 0.053125 0.09791666666666667
11 0.54921875 0.37083333333333335 0.0671875 0.1
5 0.3203125 0.3770833333333333 0.04375 0.05
4 0.4828125 0.38333333333333336 0.0375 0.05
9 0.22265625 0.38645833333333335 0.0765625 0.09791666666666667
4 0.3609375 0.42291666666666666 0.040625 0.05416666666666667
4 0.284375 0.43333333333333335 0.046875 0.058333333333333334
4 0.49921875 0.4625 0.0484375 0.07916666666666666
8 0.65859375 0.5010416666666667 0.1171875 0.22291666666666668
9 0.2109375 0.51875 0.10625 0.15
8 0.88046875 0.6229166666666667 0.1921875 0.2
4 0.2875 0.6822916666666666 0.109375 0.12708333333333333
9 0.82890625 0.6989583333333333 0.1734375 0.3145833333333333
4 0.57890625 0.7020833333333333 0.0953125 0.15416666666666667
4 0.05625 0.8364583333333333 0.1125 0.17708333333333334