1 0.3359375 0.35625 0.05 0.08333333333333333
4 0.6171875 0.41770833333333335 0.040625 0.06458333333333334
10 0.58203125 0.42604166666666665 0.0578125 0.10208333333333333
4 0.4984375 0.440625 0.04375 0.06041666666666667
4 0.653125 0.44895833333333335 0.053125 0.05625
9 0.72265625 0.47708333333333336 0.0921875 0.1375
4 0.52265625 0.49583333333333335 0.0609375 0.08333333333333333
4 0.32421875 0.53125 0.0671875 0.075
4 0.65 0.5510416666666667 0.075 0.09375
8 0.88515625 0.6072916666666667 0.2296875 0.3145833333333333
9 0.746875 0.678125 0.140625 0.23541666666666666
4 0.58984375 0.7364583333333333 0.1046875 0.15208333333333332