4 0.36484375 0.31875 0.0234375 0.0375
4 0.5640625 0.34479166666666666 0.034375 0.03958333333333333
4 0.52421875 0.3572916666666667 0.0296875 0.03958333333333333
4 0.58046875 0.36354166666666665 0.0296875 0.027083333333333334
4 0.3296875 0.36666666666666664 0.034375 0.04583333333333333
4 0.60546875 0.36770833333333336 0.0328125 0.04791666666666667
4 0.37734375 0.384375 0.0328125 0.03958333333333333
4 0.54296875 0.38645833333333335 0.0296875 0.04791666666666667
4 0.4859375 0.390625 0.0375 0.04375
1 0.67109375 0.41458333333333336 0.1078125 0.16666666666666666
4 0.50234375 0.428125 0.0453125 0.06041666666666667
1 0.584375 0.4322916666666667 0.075 0.11458333333333333
4 0.303125 0.4510416666666667 0.053125 0.05625
4 0.5125 0.49895833333333334 0.05625 0.07291666666666667
4 0.79765625 0.5875 0.0890625 0.09166666666666666
4 0.69375 0.6135416666666667 0.084375 0.10625
4 0.54765625 0.6229166666666667 0.0796875 0.11666666666666667