4 0.39140625 0.325 0.0265625 0.03333333333333333
1 0.54296875 0.35833333333333334 0.0609375 0.12083333333333333
7 0.32421875 0.371875 0.0390625 0.06041666666666667
4 0.59765625 0.38125 0.0359375 0.04583333333333333
4 0.37265625 0.38958333333333334 0.0421875 0.041666666666666664
4 0.48203125 0.38958333333333334 0.0359375 0.041666666666666664
0 0.653125 0.3927083333333333 0.0625 0.10208333333333333
4 0.496875 0.43645833333333334 0.04375 0.06041666666666667
5 0.72265625 0.4635416666666667 0.1046875 0.11041666666666666
4 0.615625 0.46875 0.05 0.05416666666666667
7 0.15625 0.475 0.084375 0.12083333333333333
4 0.51484375 0.4979166666666667 0.0609375 0.075
9 0.784375 0.578125 0.153125 0.18541666666666667
4 0.5515625 0.6395833333333333 0.090625 0.125
1 0.87890625 0.8177083333333334 0.2421875 0.3645833333333333