7 0.371875 0.2989583333333333 0.03125 0.04375
7 0.40546875 0.30520833333333336 0.0328125 0.035416666666666666
4 0.38828125 0.334375 0.0359375 0.03125
4 0.3859375 0.3697916666666667 0.04375 0.052083333333333336
4 0.5203125 0.38645833333333335 0.034375 0.06041666666666667
7 0.2875 0.4010416666666667 0.084375 0.14375
7 0.61953125 0.43645833333333334 0.0828125 0.10625
4 0.484375 0.44375 0.040625 0.06666666666666667
1 0.74453125 0.465625 0.1796875 0.20208333333333334
4 0.5796875 0.49583333333333335 0.06875 0.08333333333333333
4 0.51015625 0.49895833333333334 0.0671875 0.08541666666666667
7 0.07890625 0.5291666666666667 0.1171875 0.15
7 0.69375 0.5447916666666667 0.084375 0.12708333333333333
4 0.5375 0.5916666666666667 0.090625 0.1375
1 0.7765625 0.6125 0.178125 0.2833333333333333
4 0.15078125 0.6520833333333333 0.1078125 0.10833333333333334
4 0.58671875 0.6947916666666667 0.1140625 0.15625
1 0.865625 0.7916666666666666 0.26875 0.4166666666666667
4 0.62109375 0.8729166666666667 0.1484375 0.25