8 0.3609375 0.3104166666666667 0.0375 0.0625
8 0.5109375 0.32395833333333335 0.0375 0.06041666666666667
4 0.3921875 0.32916666666666666 0.028125 0.0375
8 0.28984375 0.33645833333333336 0.0578125 0.05625
4 0.3796875 0.359375 0.034375 0.03958333333333333
0 0.32109375 0.36354166666666665 0.0640625 0.08125
4 0.47890625 0.36875 0.0328125 0.04583333333333333
10 0.54765625 0.36875 0.0421875 0.0875
10 0.2515625 0.37916666666666665 0.053125 0.075
10 0.621875 0.4010416666666667 0.05 0.07708333333333334
10 0.371875 0.40208333333333335 0.04375 0.0625
4 0.228125 0.496875 0.06875 0.08541666666666667
4 0.33359375 0.5197916666666667 0.0578125 0.06458333333333334
4 0.59765625 0.64375 0.0921875 0.1375