5 0.38828125 0.334375 0.0265625 0.03125
1 0.5625 0.39479166666666665 0.065625 0.11041666666666666
7 0.61328125 0.396875 0.0390625 0.06458333333333334
4 0.36171875 0.41354166666666664 0.0453125 0.03958333333333333
7 0.6546875 0.42604166666666665 0.05625 0.07291666666666667
7 0.2046875 0.42916666666666664 0.059375 0.07916666666666666
4 0.4984375 0.4375 0.040625 0.058333333333333334
4 0.6171875 0.5020833333333333 0.065625 0.07083333333333333
4 0.71015625 0.5020833333333333 0.0609375 0.07083333333333333
4 0.5515625 0.5645833333333333 0.06875 0.0875
7 0.82578125 0.58125 0.1265625 0.17083333333333334
4 0.58828125 0.74375 0.1078125 0.14583333333333334
4 0.80078125 0.7791666666666667 0.1484375 0.19166666666666668