1 0.2203125 0.37604166666666666 0.065625 0.07708333333333334
5 0.28828125 0.38229166666666664 0.0796875 0.11458333333333333
4 0.48828125 0.4010416666666667 0.0359375 0.04791666666666667
4 0.5734375 0.4239583333333333 0.040625 0.05625
5 0.215625 0.46770833333333334 0.128125 0.18125
4 0.60703125 0.46875 0.0546875 0.07083333333333333
7 0.11171875 0.50625 0.0921875 0.10833333333333334
4 0.52421875 0.515625 0.0578125 0.08541666666666667
4 0.3328125 0.5385416666666667 0.065625 0.08958333333333333
9 0.8 0.5791666666666667 0.11875 0.15833333333333333
4 0.6765625 0.6197916666666666 0.084375 0.10208333333333333
4 0.58046875 0.6739583333333333 0.0984375 0.15208333333333332
9 0.828125 0.7854166666666667 0.196875 0.25833333333333336