7 0.29609375 0.334375 0.0359375 0.06458333333333334
7 0.35390625 0.33541666666666664 0.0390625 0.05
4 0.4703125 0.35208333333333336 0.034375 0.0375
1 0.56015625 0.37604166666666666 0.0703125 0.13125
4 0.478125 0.38125 0.034375 0.041666666666666664
4 0.61796875 0.40208333333333335 0.0390625 0.05416666666666667
0 0.6765625 0.4166666666666667 0.084375 0.12916666666666668
4 0.49140625 0.428125 0.0359375 0.052083333333333336
4 0.346875 0.45 0.053125 0.058333333333333334
4 0.51171875 0.4864583333333333 0.0578125 0.07291666666666667
5 0.78828125 0.5354166666666667 0.1421875 0.15416666666666667
4 0.55078125 0.6020833333333333 0.0734375 0.09166666666666666
4 0.68125 0.6041666666666666 0.078125 0.09583333333333334
4 0.63984375 0.9083333333333333 0.1390625 0.18333333333333332