9 0.2625 0.36041666666666666 0.05625 0.07083333333333333
11 0.321875 0.36041666666666666 0.065625 0.09583333333333334
4 0.5359375 0.38333333333333336 0.034375 0.04583333333333333
11 0.20859375 0.40520833333333334 0.0984375 0.09375
4 0.3703125 0.40520833333333334 0.046875 0.06458333333333334
4 0.49921875 0.40625 0.0390625 0.058333333333333334
2 0.22734375 0.4864583333333333 0.1234375 0.17291666666666666
4 0.334375 0.4895833333333333 0.05625 0.075
10 0.1015625 0.5052083333333334 0.103125 0.14375
4 0.71328125 0.759375 0.1234375 0.19375
10 0.22734375 0.7802083333333333 0.1453125 0.18541666666666667