7 0.353125 0.2875 0.028125 0.04583333333333333
4 0.40703125 0.290625 0.0234375 0.027083333333333334
4 0.3765625 0.30416666666666664 0.025 0.041666666666666664
1 0.58046875 0.31666666666666665 0.0578125 0.06666666666666667
4 0.3953125 0.325 0.025 0.0375
5 0.528125 0.35104166666666664 0.053125 0.07291666666666667
4 0.48125 0.3572916666666667 0.034375 0.03125
4 0.48125 0.3854166666666667 0.034375 0.0375
4 0.490625 0.421875 0.040625 0.052083333333333336
1 0.6078125 0.440625 0.11875 0.20625
4 0.3390625 0.45208333333333334 0.0625 0.07916666666666666
4 0.66953125 0.46041666666666664 0.0484375 0.07083333333333333
7 0.134375 0.4708333333333333 0.090625 0.12916666666666668
0 0.76640625 0.5020833333333333 0.1515625 0.21666666666666667
4 0.52421875 0.525 0.0703125 0.09166666666666666
4 0.20859375 0.5583333333333333 0.1015625 0.12083333333333333
5 0.9203125 0.6864583333333333 0.159375 0.28125
4 0.58046875 0.696875 0.1140625 0.16875
4 0.671875 0.9552083333333333 0.159375 0.08958333333333333