7 0.3453125 0.33229166666666665 0.05 0.08958333333333333
4 0.38828125 0.33645833333333336 0.0421875 0.06458333333333334
4 0.52734375 0.346875 0.0390625 0.04791666666666667
7 0.61640625 0.35208333333333336 0.0546875 0.075
4 0.47734375 0.39895833333333336 0.0515625 0.07291666666666667
7 0.69921875 0.41354166666666664 0.1203125 0.11041666666666666
4 0.3578125 0.4197916666666667 0.06875 0.06875
7 0.596875 0.42083333333333334 0.08125 0.125
4 0.53984375 0.42291666666666666 0.0609375 0.075
4 0.4828125 0.4375 0.053125 0.0625
4 0.5046875 0.48020833333333335 0.053125 0.08541666666666667
4 0.334375 0.4895833333333333 0.06875 0.0875
7 0.63671875 0.509375 0.0421875 0.11041666666666666
4 0.51796875 0.5322916666666667 0.0609375 0.10625
4 0.84453125 0.534375 0.0859375 0.10625
1 0.71328125 0.5458333333333333 0.1515625 0.23333333333333334
4 0.5640625 0.6072916666666667 0.121875 0.11875
1 0.10546875 0.6239583333333333 0.2109375 0.33541666666666664
4 0.59140625 0.74375 0.1203125 0.20416666666666666
1 0.84609375 0.75 0.3078125 0.5
4 0.64609375 0.9447916666666667 0.1828125 0.11041666666666666