5 0.38359375 0.34479166666666666 0.0265625 0.03125
1 0.5546875 0.38229166666666664 0.065625 0.11041666666666666
7 0.60859375 0.38958333333333334 0.0390625 0.05416666666666667
7 0.6421875 0.421875 0.05625 0.07291666666666667
4 0.4984375 0.43125 0.040625 0.04583333333333333
4 0.35234375 0.4375 0.0484375 0.05416666666666667
7 0.1859375 0.4479166666666667 0.071875 0.09166666666666666
4 0.69609375 0.4875 0.0609375 0.07083333333333333
4 0.60390625 0.4895833333333333 0.0578125 0.07083333333333333
4 0.54296875 0.5447916666666667 0.0703125 0.09375
7 0.80390625 0.5604166666666667 0.1109375 0.15833333333333333
4 0.5828125 0.7041666666666667 0.103125 0.12916666666666668
4 0.765625 0.721875 0.128125 0.16875