5 0.22890625 0.3729166666666667 0.0828125 0.08333333333333333
4 0.3234375 0.3802083333333333 0.03125 0.04791666666666667
4 0.5640625 0.40208333333333335 0.0375 0.05
4 0.49921875 0.43125 0.0421875 0.058333333333333334
4 0.3640625 0.446875 0.046875 0.052083333333333336
9 0.678125 0.46041666666666664 0.06875 0.10416666666666667
5 0.21328125 0.4666666666666667 0.1328125 0.1875
4 0.58828125 0.471875 0.0515625 0.06041666666666667
1 0.09296875 0.496875 0.1296875 0.17291666666666666
4 0.528125 0.5041666666666667 0.05625 0.08333333333333333
9 0.64375 0.5260416666666666 0.090625 0.13541666666666666
4 0.56875 0.68125 0.10625 0.15833333333333333
5 0.0796875 0.746875 0.159375 0.45208333333333334