2 0.60625 0.3697916666666667 0.0625 0.09375
9 0.55703125 0.3875 0.0546875 0.1
4 0.4890625 0.4 0.0375 0.04583333333333333
2 0.67578125 0.4395833333333333 0.1078125 0.1625
4 0.50234375 0.4479166666666667 0.0484375 0.07083333333333333
4 0.59375 0.45625 0.05 0.0625
4 0.7890625 0.49270833333333336 0.078125 0.08125
4 0.62265625 0.5020833333333333 0.0671875 0.09166666666666666
4 0.52265625 0.5041666666666667 0.0609375 0.07916666666666666
4 0.31640625 0.5333333333333333 0.0703125 0.09583333333333334
10 0.71171875 0.5958333333333333 0.1078125 0.20416666666666666
4 0.57734375 0.6052083333333333 0.0890625 0.13125
4 0.803125 0.796875 0.153125 0.19375