7 0.32890625 0.32395833333333335 0.0296875 0.04375
4 0.38984375 0.34375 0.0296875 0.041666666666666664
1 0.26171875 0.3614583333333333 0.0609375 0.08541666666666667
4 0.36640625 0.3958333333333333 0.0484375 0.058333333333333334
7 0.64296875 0.4 0.0765625 0.1125
1 0.3015625 0.4010416666666667 0.065625 0.09791666666666667
7 0.7 0.47291666666666665 0.08125 0.09166666666666666
7 0.62734375 0.503125 0.0734375 0.13125
1 0.8046875 0.5072916666666667 0.14375 0.12708333333333333
7 0.18125 0.5208333333333334 0.1 0.1625
4 0.31875 0.5291666666666667 0.08125 0.09583333333333334
7 0.67265625 0.5510416666666667 0.0984375 0.18958333333333333
4 0.9171875 0.5677083333333334 0.0625 0.09375
4 0.53125 0.5822916666666667 0.0875 0.13125
1 0.9609375 0.6020833333333333 0.075 0.1875
4 0.55546875 0.6229166666666667 0.0953125 0.11666666666666667
7 0.74375 0.6479166666666667 0.08125 0.16666666666666666
7 0.065625 0.6677083333333333 0.13125 0.21041666666666667
1 0.84375 0.6822916666666666 0.1875 0.28125
4 0.56875 0.7395833333333334 0.10625 0.17083333333333334
1 0.92734375 0.853125 0.1453125 0.29375
4 0.74375 0.8833333333333333 0.175 0.23333333333333334