1 0.65 0.39791666666666664 0.084375 0.09583333333333334
4 0.5953125 0.44895833333333335 0.046875 0.07708333333333334
4 0.50625 0.45416666666666666 0.04375 0.05416666666666667
4 0.51484375 0.4895833333333333 0.0578125 0.08333333333333333
1 0.82578125 0.490625 0.2015625 0.18541666666666667
7 0.621875 0.5052083333333334 0.071875 0.12708333333333333
4 0.53203125 0.51875 0.0640625 0.0625
7 0.6734375 0.54375 0.11875 0.2
7 0.04921875 0.5604166666666667 0.0953125 0.15833333333333333
4 0.1828125 0.5697916666666667 0.103125 0.11458333333333333
4 0.5546875 0.578125 0.084375 0.11458333333333333
7 0.5359375 0.6291666666666667 0.0875 0.15833333333333333
7 0.77265625 0.6697916666666667 0.0984375 0.16458333333333333
4 0.57734375 0.7510416666666667 0.1171875 0.17708333333333334
7 0.89765625 0.7666666666666667 0.2046875 0.38333333333333336
4 0.621875 0.8927083333333333 0.146875 0.21458333333333332