1 0.36015625 0.3020833333333333 0.0484375 0.08333333333333333
4 0.4015625 0.3072916666666667 0.025 0.027083333333333334
4 0.603125 0.346875 0.05 0.06041666666666667
4 0.52421875 0.34791666666666665 0.0296875 0.03333333333333333
7 0.31875 0.3625 0.059375 0.07916666666666666
7 0.37578125 0.38645833333333335 0.0515625 0.08958333333333333
4 0.525 0.39375 0.046875 0.058333333333333334
7 0.69140625 0.40729166666666666 0.1046875 0.11458333333333333
7 0.59375 0.41354166666666664 0.06875 0.09375
4 0.4796875 0.425 0.04375 0.05416666666666667
4 0.50625 0.46875 0.05 0.08333333333333333
4 0.5125 0.5072916666666667 0.05625 0.07708333333333334
4 0.32265625 0.53125 0.0890625 0.0875
4 0.86171875 0.540625 0.0859375 0.15208333333333332
4 0.55 0.5916666666666667 0.103125 0.1375
4 0.5796875 0.6770833333333334 0.121875 0.16666666666666666
1 0.81328125 0.7125 0.2921875 0.4625
4 0.21796875 0.8427083333333333 0.1578125 0.23125
4 0.6234375 0.8885416666666667 0.153125 0.22291666666666668