4 0.3890625 0.35 0.034375 0.05416666666666667
5 0.28203125 0.35208333333333336 0.0546875 0.06666666666666667
4 0.34921875 0.353125 0.0421875 0.05625
5 0.30078125 0.41041666666666665 0.0390625 0.04583333333333333
1 0.6890625 0.4395833333333333 0.121875 0.1625
5 0.26875 0.4427083333333333 0.096875 0.14375
4 0.35703125 0.4479166666666667 0.0578125 0.08333333333333333
4 0.60078125 0.45208333333333334 0.0578125 0.075
4 0.34140625 0.4895833333333333 0.0671875 0.1
4 0.515625 0.49895833333333334 0.0625 0.08125
4 0.72265625 0.5104166666666666 0.0734375 0.09583333333333334
4 0.6265625 0.5229166666666667 0.065625 0.1
4 0.5375 0.5479166666666667 0.075 0.10833333333333334
4 0.790625 0.5760416666666667 0.084375 0.07708333333333334
5 0.66484375 0.5791666666666667 0.1015625 0.18333333333333332
4 0.59453125 0.6375 0.1015625 0.13333333333333333
1 0.90625 0.6416666666666667 0.1875 0.42083333333333334
7 0.546875 0.7145833333333333 0.109375 0.21666666666666667
4 0.13671875 0.71875 0.1421875 0.19583333333333333
5 0.8296875 0.7802083333333333 0.23125 0.39791666666666664