2 0.5421875 0.36041666666666666 0.0625 0.0875
4 0.4734375 0.36354166666666665 0.028125 0.03125
4 0.3078125 0.3802083333333333 0.034375 0.03958333333333333
4 0.3765625 0.3875 0.034375 0.05
8 0.6625 0.3875 0.1 0.1125
4 0.48125 0.3927083333333333 0.0375 0.04375
4 0.490625 0.4354166666666667 0.05 0.0625
2 0.58515625 0.4354166666666667 0.0828125 0.15833333333333333
4 0.509375 0.45208333333333334 0.04375 0.0375
8 0.65546875 0.5 0.1234375 0.22916666666666666
4 0.51484375 0.50625 0.0640625 0.0875
4 0.7609375 0.5260416666666666 0.065625 0.07291666666666667
4 0.5515625 0.5729166666666666 0.096875 0.12083333333333333
4 0.79765625 0.578125 0.0703125 0.09791666666666667
4 0.6984375 0.6270833333333333 0.096875 0.14166666666666666
4 0.8625 0.6270833333333333 0.1 0.11666666666666667
4 0.559375 0.6552083333333333 0.096875 0.11875
4 0.05 0.815625 0.1 0.16041666666666668
4 0.5984375 0.815625 0.125 0.20208333333333334
4 0.2078125 0.8572916666666667 0.13125 0.15625