0 0.35390625 0.2875 0.0359375 0.05
0 0.4671875 0.3302083333333333 0.04375 0.06458333333333334
4 0.39296875 0.3333333333333333 0.0296875 0.0375
0 0.51640625 0.33645833333333336 0.0515625 0.08125
4 0.46953125 0.359375 0.0265625 0.03125
4 0.378125 0.3625 0.034375 0.04583333333333333
0 0.546875 0.365625 0.0625 0.08958333333333333
1 0.6 0.36666666666666664 0.0625 0.1
4 0.4796875 0.36875 0.034375 0.0375
4 0.32734375 0.38333333333333336 0.0359375 0.05
4 0.48046875 0.39479166666666665 0.0328125 0.04375
4 0.2296875 0.4010416666666667 0.075 0.08958333333333333
4 0.48828125 0.40729166666666666 0.0328125 0.03125
4 0.6296875 0.41354166666666664 0.03125 0.04791666666666667
1 0.6953125 0.4197916666666667 0.128125 0.14375
4 0.49765625 0.434375 0.0515625 0.05625
4 0.578125 0.4479166666666667 0.046875 0.058333333333333334
4 0.6 0.496875 0.0625 0.07708333333333334
4 0.52109375 0.5260416666666666 0.0671875 0.08541666666666667
0 0.79296875 0.6864583333333333 0.2890625 0.41458333333333336
4 0.5875 0.728125 0.121875 0.16875