0 0.4640625 0.33645833333333336 0.04375 0.06458333333333334
0 0.52578125 0.33645833333333336 0.0515625 0.08125
4 0.46953125 0.359375 0.0265625 0.03125
4 0.32578125 0.37083333333333335 0.0328125 0.04583333333333333
4 0.48046875 0.39479166666666665 0.0328125 0.04375
7 0.63125 0.3958333333333333 0.0625 0.1
4 0.3671875 0.39791666666666664 0.04375 0.058333333333333334
0 0.56875 0.39895833333333336 0.075 0.12708333333333333
4 0.684375 0.41041666666666665 0.040625 0.05
4 0.49765625 0.43854166666666666 0.0421875 0.06458333333333334
7 0.26640625 0.44166666666666665 0.0671875 0.07916666666666666
4 0.66171875 0.44895833333333335 0.0453125 0.06041666666666667
7 0.16015625 0.48125 0.0890625 0.1125
4 0.52265625 0.5 0.0546875 0.0875
8 0.81015625 0.5166666666666667 0.1921875 0.24583333333333332
4 0.65078125 0.5604166666666667 0.0765625 0.10833333333333334
4 0.53828125 0.603125 0.0828125 0.13958333333333334
4 0.28984375 0.66875 0.0921875 0.12916666666666668
4 0.6140625 0.79375 0.13125 0.17916666666666667
4 0.81953125 0.8270833333333333 0.1546875 0.20416666666666666