5 0.26171875 0.36770833333333336 0.0609375 0.08125
4 0.33046875 0.3697916666666667 0.0265625 0.03958333333333333
7 0.5640625 0.39791666666666664 0.053125 0.09166666666666666
4 0.49296875 0.40208333333333335 0.0421875 0.041666666666666664
4 0.6421875 0.41354166666666664 0.04375 0.04791666666666667
4 0.4890625 0.42604166666666665 0.034375 0.04791666666666667
4 0.35390625 0.43125 0.0484375 0.05416666666666667
4 0.6890625 0.45208333333333334 0.053125 0.058333333333333334
4 0.50625 0.4583333333333333 0.046875 0.0625
4 0.5921875 0.4583333333333333 0.046875 0.058333333333333334
4 0.5171875 0.5072916666666667 0.053125 0.07291666666666667
5 0.8171875 0.5572916666666666 0.196875 0.22291666666666668
4 0.54453125 0.61875 0.0890625 0.12083333333333333
4 0.73359375 0.6885416666666667 0.1140625 0.14791666666666667
7 0.94921875 0.7479166666666667 0.1015625 0.1625
4 0.61640625 0.8104166666666667 0.1234375 0.17916666666666667