7 0.33671875 0.30625 0.0296875 0.041666666666666664
7 0.3640625 0.31875 0.025 0.04583333333333333
4 0.39921875 0.321875 0.0234375 0.03125
7 0.3 0.3614583333333333 0.04375 0.06041666666666667
7 0.60390625 0.36770833333333336 0.0515625 0.06875
7 0.64609375 0.396875 0.0609375 0.07708333333333334
4 0.49375 0.40520833333333334 0.040625 0.022916666666666665
1 0.353125 0.421875 0.059375 0.08958333333333333
4 0.50234375 0.425 0.0359375 0.025
4 0.5765625 0.4322916666666667 0.034375 0.05625
7 0.27109375 0.4375 0.0578125 0.08333333333333333
4 0.50546875 0.44479166666666664 0.0421875 0.01875
7 0.69765625 0.44583333333333336 0.0796875 0.13333333333333333
4 0.59765625 0.4479166666666667 0.0421875 0.06666666666666667
4 0.51484375 0.4625 0.0421875 0.025
7 0.61953125 0.5083333333333333 0.0609375 0.12916666666666668
7 0.5125 0.5177083333333333 0.059375 0.10208333333333333
7 0.67265625 0.5520833333333334 0.1046875 0.22083333333333333
4 0.553125 0.625 0.096875 0.1125
1 0.953125 0.625 0.09375 0.125
7 0.740625 0.6416666666666667 0.053125 0.15
1 0.85078125 0.725 0.2046875 0.3958333333333333
4 0.5875 0.7822916666666667 0.109375 0.19791666666666666
1 0.9296875 0.85 0.140625 0.3
4 0.64609375 0.9427083333333334 0.1609375 0.11458333333333333