7 0.3609375 0.30833333333333335 0.040625 0.058333333333333334
7 0.39921875 0.309375 0.0296875 0.052083333333333336
4 0.384375 0.3489583333333333 0.04375 0.035416666666666666
4 0.3734375 0.38645833333333335 0.04375 0.06041666666666667
4 0.6359375 0.4041666666666667 0.046875 0.06666666666666667
1 0.7234375 0.421875 0.140625 0.13958333333333334
1 0.2640625 0.43125 0.1125 0.16666666666666666
7 0.60859375 0.4322916666666667 0.0671875 0.12291666666666666
4 0.484375 0.4479166666666667 0.040625 0.07083333333333333
4 0.5578125 0.47604166666666664 0.075 0.10208333333333333
4 0.5046875 0.503125 0.06875 0.10208333333333333
4 0.66640625 0.5541666666666667 0.0484375 0.13333333333333333
4 0.528125 0.5708333333333333 0.08125 0.12083333333333333
1 0.746875 0.6083333333333333 0.159375 0.3
7 0.02421875 0.6177083333333333 0.0484375 0.16458333333333333
4 0.57578125 0.68125 0.1140625 0.14583333333333334
1 0.86171875 0.7791666666666667 0.2765625 0.44166666666666665
4 0.06328125 0.7958333333333333 0.1265625 0.175
4 0.61484375 0.8208333333333333 0.1515625 0.23333333333333334