1 0.28359375 0.35 0.0453125 0.058333333333333334
4 0.3796875 0.365625 0.034375 0.05625
1 0.32109375 0.36875 0.0515625 0.08333333333333333
7 0.60703125 0.371875 0.0546875 0.10208333333333333
7 0.64453125 0.39895833333333336 0.0734375 0.11458333333333333
7 0.25 0.434375 0.078125 0.10208333333333333
4 0.58828125 0.4375 0.0421875 0.058333333333333334
4 0.35234375 0.4395833333333333 0.0703125 0.05416666666666667
4 0.73828125 0.4479166666666667 0.0578125 0.06666666666666667
7 0.2046875 0.49270833333333336 0.096875 0.11458333333333333
7 0.51015625 0.49270833333333336 0.0640625 0.08541666666666667
1 0.83359375 0.49583333333333335 0.1328125 0.125
7 0.6125 0.5020833333333333 0.059375 0.125
7 0.67265625 0.5604166666666667 0.1109375 0.225
4 0.52421875 0.5791666666666667 0.0765625 0.11666666666666667
4 0.56015625 0.6322916666666667 0.0984375 0.13541666666666666
7 0.73984375 0.6458333333333334 0.0578125 0.1625
1 0.8578125 0.6927083333333334 0.21875 0.3104166666666667
4 0.259375 0.7427083333333333 0.11875 0.17708333333333334
4 0.5765625 0.7666666666666667 0.1 0.18333333333333332
1 0.93046875 0.8458333333333333 0.1390625 0.30833333333333335
4 0.7375 0.8989583333333333 0.178125 0.19791666666666666