5 0.28203125 0.35208333333333336 0.0546875 0.06666666666666667
4 0.3875 0.35833333333333334 0.034375 0.05416666666666667
4 0.34296875 0.3697916666666667 0.0421875 0.05625
1 0.6890625 0.4395833333333333 0.121875 0.1625
4 0.60078125 0.45208333333333334 0.0578125 0.075
4 0.353125 0.4552083333333333 0.06875 0.08541666666666667
5 0.2484375 0.45729166666666665 0.090625 0.13958333333333334
4 0.515625 0.49895833333333334 0.0625 0.08125
4 0.72265625 0.5104166666666666 0.0734375 0.09583333333333334
4 0.615625 0.5125 0.065625 0.1
4 0.33125 0.53125 0.075 0.1
4 0.5375 0.5479166666666667 0.075 0.10833333333333334
4 0.78125 0.5708333333333333 0.1 0.0875
5 0.66484375 0.5791666666666667 0.1015625 0.18333333333333332
4 0.59453125 0.6375 0.1015625 0.13333333333333333
1 0.90625 0.6416666666666667 0.1875 0.42083333333333334
7 0.5484375 0.6916666666666667 0.109375 0.21666666666666667
5 0.81171875 0.7416666666666667 0.2171875 0.37083333333333335
4 0.0625 0.8635416666666667 0.125 0.27291666666666664