8 0.353125 0.31666666666666665 0.0375 0.0625
8 0.5046875 0.32083333333333336 0.0375 0.0625
4 0.39453125 0.33125 0.0203125 0.03333333333333333
8 0.29140625 0.33229166666666665 0.0578125 0.05625
4 0.38046875 0.35520833333333335 0.0265625 0.03125
2 0.32109375 0.36354166666666665 0.0640625 0.08125
10 0.54296875 0.36354166666666665 0.0390625 0.07708333333333334
4 0.47890625 0.36875 0.0328125 0.04583333333333333
10 0.2453125 0.37916666666666665 0.040625 0.07083333333333333
10 0.6140625 0.3927083333333333 0.05 0.07708333333333334
10 0.3625 0.41041666666666665 0.04375 0.0625
4 0.21640625 0.5177083333333333 0.0703125 0.08541666666666667
4 0.325 0.5416666666666666 0.059375 0.07083333333333333
4 0.58359375 0.6135416666666667 0.0734375 0.12291666666666666
4 0.709375 0.6166666666666667 0.090625 0.10416666666666667
4 0.04609375 0.8958333333333334 0.0921875 0.19166666666666668