7 0.30546875 0.378125 0.0640625 0.10208333333333333
4 0.478125 0.384375 0.040625 0.04791666666666667
4 0.38203125 0.3854166666666667 0.0453125 0.04583333333333333
1 0.56171875 0.3927083333333333 0.0828125 0.12708333333333333
1 0.66171875 0.40625 0.0921875 0.1125
7 0.22890625 0.4552083333333333 0.0640625 0.09791666666666667
4 0.35625 0.4552083333333333 0.059375 0.06458333333333334
4 0.50546875 0.465625 0.0515625 0.07291666666666667
4 0.621875 0.5 0.0625 0.1
0 0.75234375 0.603125 0.2234375 0.3229166666666667
4 0.29765625 0.6104166666666667 0.0796875 0.1
4 0.59453125 0.640625 0.0984375 0.14375
4 0.92265625 0.6958333333333333 0.1234375 0.14166666666666666
4 0.07578125 0.7041666666666667 0.1359375 0.14166666666666666
4 0.6671875 0.8916666666666667 0.175 0.21666666666666667