1 0.31953125 0.35 0.0546875 0.09583333333333334
2 0.60703125 0.3645833333333333 0.0640625 0.1
9 0.22734375 0.3802083333333333 0.0796875 0.11041666666666666
9 0.54921875 0.3875 0.0453125 0.08333333333333333
4 0.496875 0.41770833333333335 0.04375 0.06458333333333334
10 0.67265625 0.44375 0.0609375 0.09583333333333334
4 0.59375 0.4510416666666667 0.053125 0.06875
4 0.51484375 0.5104166666666666 0.0609375 0.09166666666666666
4 0.7375 0.5333333333333333 0.078125 0.10833333333333334
4 0.6359375 0.5427083333333333 0.071875 0.09375
7 0.0875 0.55 0.109375 0.11666666666666667
4 0.8609375 0.55625 0.075 0.09166666666666666
7 0.16640625 0.628125 0.1046875 0.12708333333333333
9 0.91796875 0.6572916666666667 0.1640625 0.25625
4 0.61484375 0.7333333333333333 0.1265625 0.175