1 0.32890625 0.35625 0.0453125 0.07916666666666666
4 0.38515625 0.35833333333333334 0.0328125 0.03333333333333333
4 0.37421875 0.39479166666666665 0.0328125 0.03958333333333333
4 0.5609375 0.39791666666666664 0.0375 0.05416666666666667
4 0.2953125 0.41770833333333335 0.040625 0.052083333333333336
4 0.64609375 0.42291666666666666 0.0421875 0.05416666666666667
7 0.2125 0.42604166666666665 0.0625 0.07708333333333334
4 0.50390625 0.44375 0.0484375 0.06666666666666667
10 0.60234375 0.4510416666666667 0.0484375 0.08125
7 0.1484375 0.4552083333333333 0.075 0.11041666666666666
4 0.3515625 0.46979166666666666 0.053125 0.06041666666666667
4 0.515625 0.5041666666666667 0.05625 0.08333333333333333
7 0.23515625 0.5166666666666667 0.0671875 0.0875
7 0.778125 0.534375 0.071875 0.12708333333333333
4 0.32421875 0.5479166666666667 0.0671875 0.08333333333333333
7 0.14453125 0.578125 0.1265625 0.16875
11 0.72265625 0.6 0.2015625 0.3416666666666667
10 0.909375 0.6552083333333333 0.15 0.21875
2 0.6046875 0.6760416666666667 0.196875 0.3854166666666667
4 0.23046875 0.846875 0.1234375 0.16041666666666668