1 0.5359375 0.34791666666666665 0.05625 0.1125
4 0.38203125 0.3541666666666667 0.0328125 0.041666666666666664
0 0.6390625 0.3729166666666667 0.0625 0.08333333333333333
4 0.59140625 0.37916666666666665 0.0359375 0.04583333333333333
7 0.2921875 0.409375 0.059375 0.07708333333333334
4 0.48984375 0.41041666666666665 0.0390625 0.04583333333333333
5 0.69609375 0.43020833333333336 0.0828125 0.09375
4 0.50078125 0.4479166666666667 0.0484375 0.05416666666666667
9 0.63515625 0.471875 0.0828125 0.12708333333333333
4 0.334375 0.5083333333333333 0.059375 0.0625
4 0.52578125 0.5458333333333333 0.0703125 0.0875
1 0.77734375 0.6833333333333333 0.2640625 0.39166666666666666
4 0.58359375 0.7083333333333334 0.0984375 0.175