5 0.53125 0.35833333333333334 0.05625 0.07083333333333333
4 0.48046875 0.37083333333333335 0.0390625 0.05
4 0.35859375 0.39791666666666664 0.0421875 0.04583333333333333
7 0.20390625 0.41875 0.0546875 0.08333333333333333
4 0.55390625 0.41875 0.0265625 0.058333333333333334
4 0.49453125 0.43333333333333335 0.0515625 0.06666666666666667
1 0.628125 0.46041666666666664 0.125 0.21666666666666667
4 0.26484375 0.47708333333333336 0.0640625 0.075
4 0.70234375 0.48125 0.0484375 0.07916666666666666
0 0.803125 0.528125 0.165625 0.22291666666666668
4 0.53125 0.56875 0.0625 0.09166666666666666
4 0.61015625 0.7854166666666667 0.1234375 0.1875