9 0.31328125 0.3177083333333333 0.0328125 0.03958333333333333
8 0.346875 0.32708333333333334 0.05 0.06666666666666667
8 0.26796875 0.3458333333333333 0.0609375 0.07083333333333333
10 0.528125 0.3458333333333333 0.04375 0.075
4 0.38828125 0.34791666666666665 0.0265625 0.03333333333333333
4 0.47265625 0.35520833333333335 0.0265625 0.035416666666666666
10 0.5859375 0.3697916666666667 0.05 0.07708333333333334
4 0.37109375 0.3770833333333333 0.0359375 0.04583333333333333
2 0.30625 0.3854166666666667 0.071875 0.1
10 0.21953125 0.40520833333333334 0.0515625 0.08541666666666667
10 0.346875 0.4552083333333333 0.0625 0.07708333333333334
4 0.6234375 0.5010416666666667 0.0625 0.08958333333333333
4 0.14296875 0.6208333333333333 0.0984375 0.12083333333333333