7 0.5546875 0.38645833333333335 0.046875 0.07291666666666667
4 0.49453125 0.39791666666666664 0.0359375 0.03333333333333333
4 0.3671875 0.4010416666666667 0.0375 0.04375
4 0.62421875 0.4041666666666667 0.0609375 0.05
4 0.48984375 0.4166666666666667 0.0328125 0.041666666666666664
4 0.57265625 0.421875 0.0390625 0.04791666666666667
4 0.29296875 0.428125 0.0484375 0.05625
4 0.4984375 0.42916666666666664 0.0375 0.03333333333333333
4 0.50390625 0.4666666666666667 0.0453125 0.07083333333333333
5 0.7390625 0.47604166666666664 0.13125 0.15208333333333332
4 0.340625 0.478125 0.05 0.07291666666666667
5 0.0890625 0.49895833333333334 0.134375 0.16875
4 0.246875 0.503125 0.05625 0.06875
4 0.6375 0.53125 0.075 0.0875
4 0.52109375 0.5385416666666667 0.0578125 0.08541666666666667
4 0.86015625 0.5489583333333333 0.0796875 0.08125
7 0.81640625 0.60625 0.0984375 0.10833333333333334
4 0.56015625 0.6229166666666667 0.0796875 0.10416666666666667
4 0.12734375 0.675 0.0953125 0.1125
4 0.92265625 0.721875 0.1234375 0.13541666666666666
4 0.78203125 0.7458333333333333 0.1234375 0.17083333333333334
4 0.65390625 0.8333333333333334 0.1328125 0.2