9 0.53359375 0.35625 0.0421875 0.075
11 0.60625 0.3885416666666667 0.075 0.06875
4 0.6640625 0.396875 0.04375 0.05625
3 0.49296875 0.421875 0.0515625 0.08958333333333333
4 0.703125 0.4270833333333333 0.05625 0.058333333333333334
9 0.5953125 0.46145833333333336 0.071875 0.11458333333333333
4 0.515625 0.4895833333333333 0.05625 0.07916666666666666
9 0.71171875 0.49270833333333336 0.0859375 0.11458333333333333
10 0.81015625 0.5645833333333333 0.1015625 0.09166666666666666
4 0.66171875 0.5708333333333333 0.0796875 0.1125
4 0.5484375 0.6041666666666666 0.0875 0.12916666666666668