7 0.3921875 0.27291666666666664 0.015625 0.029166666666666667
7 0.40859375 0.284375 0.0171875 0.035416666666666666
7 0.3453125 0.2864583333333333 0.01875 0.027083333333333334
7 0.37734375 0.2864583333333333 0.0171875 0.035416666666666666
7 0.35234375 0.3104166666666667 0.0234375 0.0375
4 0.4625 0.3177083333333333 0.01875 0.022916666666666665
7 0.38828125 0.33541666666666664 0.0296875 0.05416666666666667
4 0.4734375 0.3385416666666667 0.025 0.01875
4 0.4765625 0.35625 0.028125 0.020833333333333332
4 0.334375 0.359375 0.03125 0.04791666666666667
4 0.24660156249999998 0.3731770833333333 0.090078125 0.13802083333333334
4 0.475 0.37395833333333334 0.021875 0.027083333333333334
1 0.60703125 0.37395833333333334 0.0390625 0.07291666666666667
1 0.55078125 0.38333333333333336 0.0453125 0.07083333333333333
4 0.4859375 0.39166666666666666 0.025 0.025
4 0.49296875 0.409375 0.0234375 0.022916666666666665
7 0.65703125 0.4125 0.0515625 0.09166666666666666
4 0.56953125 0.4197916666666667 0.0265625 0.04791666666666667
4 0.50703125 0.421875 0.0015625 0.0020833333333333333
4 0.5 0.434375 0.040625 0.035416666666666666
4 0.58828125 0.44895833333333335 0.0328125 0.06458333333333334
7 0.725 0.465625 0.08125 0.13958333333333334
4 0.50703125 0.4666666666666667 0.0421875 0.04583333333333333
4 0.52109375 0.4895833333333333 0.0515625 0.041666666666666664
7 0.61015625 0.5 0.0421875 0.1125
4 0.11328125 0.53125 0.0765625 0.0875
7 0.66640625 0.553125 0.0890625 0.16458333333333333
4 0.52109375 0.5583333333333333 0.0703125 0.11666666666666667
7 0.7375 0.6375 0.04375 0.14166666666666666
4 0.2671875 0.66875 0.090625 0.11666666666666667
4 0.5625 0.678125 0.090625 0.11875
1 0.82890625 0.7020833333333333 0.1609375 0.31666666666666665
4 0.60234375 0.8208333333333333 0.1234375 0.15
4 0.64921875 0.9520833333333333 0.1328125 0.09583333333333334