1 0.5390625 0.36041666666666666 0.053125 0.08333333333333333
7 0.2609375 0.36666666666666664 0.05 0.06666666666666667
7 0.61484375 0.3875 0.0484375 0.0625
4 0.484375 0.396875 0.0375 0.04791666666666667
4 0.56953125 0.42916666666666664 0.0515625 0.0625
4 0.646875 0.43333333333333335 0.05 0.06666666666666667
4 0.34140625 0.44583333333333336 0.0515625 0.0625
4 0.509375 0.459375 0.05 0.06875
7 0.71796875 0.47708333333333336 0.0734375 0.125
4 0.63828125 0.5239583333333333 0.0796875 0.10208333333333333
4 0.52734375 0.5354166666666667 0.0640625 0.08333333333333333
1 0.88125 0.5854166666666667 0.2375 0.3625
4 0.60390625 0.703125 0.1265625 0.18541666666666667