7 0.31640625 0.3572916666666667 0.0453125 0.06875
8 0.590625 0.36041666666666666 0.0625 0.0875
9 0.54375 0.36666666666666664 0.046875 0.09166666666666666
4 0.25703125 0.38958333333333334 0.0390625 0.05
4 0.48671875 0.39166666666666666 0.0359375 0.04583333333333333
9 0.56953125 0.40625 0.0515625 0.1
4 0.503125 0.440625 0.04375 0.06041666666666667
11 0.66953125 0.45208333333333334 0.1140625 0.09583333333333334
4 0.34140625 0.46770833333333334 0.0515625 0.06458333333333334
4 0.53671875 0.471875 0.0546875 0.06458333333333334
3 0.53515625 0.55625 0.0828125 0.14166666666666666
6 0.1484375 0.6 0.121875 0.17083333333333334
4 0.95703125 0.634375 0.0859375 0.12708333333333333
9 0.88828125 0.6822916666666666 0.1578125 0.21041666666666667
9 0.7703125 0.709375 0.16875 0.26458333333333334
4 0.60859375 0.74375 0.1265625 0.18333333333333332