7 0.28359375 0.3489583333333333 0.0421875 0.06041666666666667
4 0.3703125 0.371875 0.034375 0.04375
1 0.54765625 0.37916666666666665 0.0671875 0.10416666666666667
4 0.59921875 0.38333333333333336 0.0390625 0.05416666666666667
7 0.62890625 0.41041666666666665 0.0484375 0.0625
4 0.490625 0.4114583333333333 0.0375 0.04791666666666667
4 0.58515625 0.45625 0.0515625 0.0625
4 0.66953125 0.46041666666666664 0.0609375 0.07083333333333333
4 0.5265625 0.4979166666666667 0.059375 0.08333333333333333
7 0.75546875 0.51875 0.0953125 0.1375
7 0.08515625 0.5354166666666667 0.1046875 0.13333333333333333
4 0.30078125 0.5958333333333333 0.0859375 0.09166666666666666
4 0.690625 0.6125 0.1 0.125
4 0.5515625 0.615625 0.08125 0.10625
4 0.66484375 0.878125 0.1703125 0.24375