4 0.3984375 0.31875 0.03125 0.041666666666666664
4 0.38203125 0.3645833333333333 0.0296875 0.04583333333333333
7 0.5578125 0.38645833333333335 0.04375 0.07708333333333334
4 0.4890625 0.4041666666666667 0.0375 0.0375
4 0.4953125 0.4552083333333333 0.040625 0.05625
1 0.62734375 0.47708333333333336 0.1296875 0.17916666666666667
4 0.5234375 0.5083333333333333 0.053125 0.0875
4 0.79375 0.5520833333333334 0.08125 0.11666666666666667
4 0.31015625 0.609375 0.1078125 0.10625
4 0.575 0.6625 0.096875 0.15
7 0.08984375 0.696875 0.1796875 0.28125
4 0.665625 0.925 0.16875 0.15