2 0.54609375 0.3645833333333333 0.0578125 0.08333333333333333
4 0.4921875 0.4010416666666667 0.04375 0.04791666666666667
8 0.6609375 0.40520833333333334 0.08125 0.11458333333333333
10 0.56640625 0.4270833333333333 0.0421875 0.09166666666666666
4 0.50234375 0.44375 0.0453125 0.05416666666666667
9 0.61171875 0.4552083333333333 0.0796875 0.13958333333333334
4 0.74765625 0.4666666666666667 0.0671875 0.075
4 0.52109375 0.4979166666666667 0.0578125 0.075
4 0.09921875 0.5479166666666667 0.0796875 0.07916666666666666
9 0.67890625 0.55625 0.1078125 0.2
4 0.30625 0.6135416666666667 0.078125 0.10625
11 0.87578125 0.659375 0.2484375 0.22291666666666668
4 0.609375 0.7458333333333333 0.1125 0.16666666666666666