4 0.38125 0.340625 0.0375 0.052083333333333336
1 0.6171875 0.3572916666666667 0.084375 0.13125
4 0.48125 0.3802083333333333 0.04375 0.05625
7 0.553125 0.3854166666666667 0.0625 0.09583333333333334
1 0.65703125 0.4125 0.0921875 0.1125
4 0.3640625 0.41458333333333336 0.05 0.07083333333333333
4 0.4890625 0.415625 0.05 0.052083333333333336
4 0.57265625 0.42916666666666664 0.0546875 0.07083333333333333
7 0.1875 0.43645833333333334 0.084375 0.11875
4 0.496875 0.45 0.05625 0.075
4 0.60078125 0.45 0.0703125 0.09583333333333334
4 0.3390625 0.48541666666666666 0.06875 0.1
1 0.7671875 0.48854166666666665 0.128125 0.16041666666666668
4 0.51328125 0.490625 0.0703125 0.09791666666666667
1 0.7625 0.49166666666666664 0.125 0.15833333333333333
1 0.621875 0.5052083333333334 0.078125 0.15625
4 0.528125 0.5302083333333333 0.071875 0.09375
1 0.6734375 0.55 0.128125 0.20833333333333334
1 0.17109375 0.5729166666666666 0.2171875 0.29583333333333334
4 0.56015625 0.578125 0.0890625 0.11875
1 0.8859375 0.5916666666666667 0.1875 0.225
7 0.53515625 0.6260416666666667 0.0953125 0.17708333333333334
7 0.7484375 0.6364583333333333 0.096875 0.17291666666666666
1 0.85234375 0.7072916666666667 0.2515625 0.38958333333333334
4 0.57890625 0.728125 0.1140625 0.18125
1 0.91328125 0.83125 0.1734375 0.3375
4 0.6125 0.8635416666666667 0.184375 0.23541666666666666
4 0.6359375 0.94375 0.178125 0.1125
4 0.209375 0.9520833333333333 0.16875 0.09166666666666666