9 0.55078125 0.36875 0.0515625 0.0875
9 0.31171875 0.378125 0.0453125 0.07291666666666667
4 0.3703125 0.4010416666666667 0.04375 0.04375
4 0.4875 0.4041666666666667 0.034375 0.041666666666666664
1 0.1890625 0.41875 0.11875 0.16666666666666666
8 0.69609375 0.4354166666666667 0.0953125 0.17083333333333334
4 0.27578125 0.44479166666666664 0.0484375 0.05625
4 0.49921875 0.45416666666666666 0.0515625 0.075
4 0.3484375 0.4583333333333333 0.046875 0.06666666666666667
11 0.62890625 0.46979166666666666 0.1359375 0.20625
4 0.52890625 0.53125 0.0640625 0.09583333333333334
7 0.178125 0.55 0.090625 0.10416666666666667
6 0.26171875 0.734375 0.1328125 0.19375
4 0.08046875 0.746875 0.1140625 0.11458333333333333