4 0.31875 0.390625 0.0375 0.04791666666666667
4 0.63046875 0.4114583333333333 0.0359375 0.04791666666666667
9 0.58671875 0.4166666666666667 0.0640625 0.10416666666666667
3 0.4921875 0.42083333333333334 0.04375 0.07083333333333333
7 0.26171875 0.43854166666666666 0.0484375 0.06041666666666667
10 0.6921875 0.446875 0.06875 0.06875
9 0.61953125 0.471875 0.0671875 0.08958333333333333
4 0.51484375 0.49583333333333335 0.0515625 0.0625
4 0.33984375 0.4979166666666667 0.0640625 0.10416666666666667
4 0.23125 0.5197916666666667 0.0625 0.07291666666666667
8 0.81171875 0.5208333333333334 0.1421875 0.2375
4 0.54140625 0.5958333333333333 0.0859375 0.1125
11 0.74609375 0.65625 0.2671875 0.36666666666666664
4 0.28671875 0.734375 0.1046875 0.12708333333333333
4 0.0796875 0.7822916666666667 0.1375 0.16041666666666668
4 0.6265625 0.8208333333333333 0.134375 0.20833333333333334