7 0.35 0.28958333333333336 0.046875 0.05416666666666667
4 0.396875 0.31979166666666664 0.0375 0.03958333333333333
7 0.6 0.3625 0.046875 0.07916666666666666
1 0.5640625 0.40625 0.084375 0.1375
4 0.50703125 0.45416666666666666 0.0609375 0.07916666666666666
4 0.534375 0.5645833333333333 0.090625 0.14166666666666666
4 0.29375 0.575 0.134375 0.1625
4 0.85546875 0.6052083333333333 0.1171875 0.14791666666666667
7 0.76171875 0.6708333333333333 0.1765625 0.30833333333333335
4 0.965625 0.7385416666666667 0.06875 0.23125
4 0.6078125 0.7791666666666667 0.13125 0.225
4 0.91484375 0.9458333333333333 0.1703125 0.10833333333333334