1 0.334375 0.3375 0.046875 0.08333333333333333
9 0.25859375 0.35625 0.0671875 0.09166666666666666
2 0.6203125 0.378125 0.06875 0.11041666666666666
9 0.559375 0.403125 0.05 0.09375
4 0.50234375 0.4270833333333333 0.0453125 0.0625
10 0.70234375 0.471875 0.0671875 0.10625
7 0.17265625 0.4739583333333333 0.0734375 0.09791666666666667
4 0.6078125 0.48020833333333335 0.05625 0.07291666666666667
7 0.23046875 0.5229166666666667 0.0734375 0.09583333333333334
4 0.53125 0.55 0.071875 0.09583333333333334
4 0.7859375 0.5802083333333333 0.090625 0.12291666666666666
4 0.67265625 0.60625 0.0921875 0.10833333333333334
4 0.17890625 0.6729166666666667 0.1078125 0.1125
4 0.23203125 0.8166666666666667 0.1265625 0.17083333333333334
4 0.684375 0.8875 0.16875 0.225