1 0.31640625 0.3572916666666667 0.0609375 0.10208333333333333
9 0.2171875 0.38645833333333335 0.084375 0.11458333333333333
10 0.66953125 0.4395833333333333 0.0609375 0.09583333333333334
4 0.5875 0.4427083333333333 0.053125 0.06875
4 0.51328125 0.5020833333333333 0.0609375 0.09166666666666666
4 0.72734375 0.5239583333333333 0.0734375 0.10625
4 0.6296875 0.5322916666666667 0.071875 0.09375
4 0.8359375 0.5375 0.075 0.09166666666666666
7 0.059375 0.5822916666666667 0.11875 0.14375
9 0.90234375 0.646875 0.1640625 0.25625
7 0.14375 0.665625 0.115625 0.14375
4 0.6046875 0.709375 0.11875 0.16458333333333333
9 0.8671875 0.8197916666666667 0.215625 0.36041666666666666