4 0.3640625 0.4 0.040625 0.04583333333333333
4 0.496875 0.4197916666666667 0.04375 0.05625
4 0.31015625 0.43645833333333334 0.0484375 0.06458333333333334
4 0.571875 0.440625 0.028125 0.06458333333333334
10 0.7015625 0.46145833333333336 0.06875 0.11875
9 0.61796875 0.46458333333333335 0.0703125 0.13333333333333333
7 0.16953125 0.46875 0.0640625 0.0875
4 0.51953125 0.475 0.0546875 0.07083333333333333
5 0.209375 0.528125 0.090625 0.12708333333333333
4 0.52734375 0.5583333333333333 0.0703125 0.10416666666666667
4 0.96015625 0.6375 0.0796875 0.1375