7 0.32265625 0.3145833333333333 0.0328125 0.04583333333333333
4 0.39140625 0.33229166666666665 0.0265625 0.035416666666666666
1 0.6078125 0.3489583333333333 0.06875 0.11041666666666666
7 0.28046875 0.353125 0.0390625 0.05625
1 0.54609375 0.35833333333333334 0.0640625 0.10833333333333334
7 0.32578125 0.3614583333333333 0.0359375 0.06041666666666667
4 0.37890625 0.3697916666666667 0.0359375 0.04791666666666667
0 0.490625 0.37604166666666666 0.0625 0.09791666666666667
4 0.684375 0.41041666666666665 0.04375 0.058333333333333334
4 0.52890625 0.534375 0.0640625 0.09375
4 0.33046875 0.5416666666666666 0.0671875 0.07916666666666666
7 0.19296875 0.5572916666666666 0.1109375 0.14375
1 0.06484375 0.5760416666666667 0.1296875 0.20625
1 0.7265625 0.6020833333333333 0.2125 0.325
1 0.88359375 0.609375 0.2265625 0.29791666666666666
7 0.06796875 0.8302083333333333 0.1359375 0.3020833333333333