11 0.59375 0.371875 0.059375 0.07291666666666667
4 0.646875 0.38333333333333336 0.0375 0.05
3 0.4875 0.4 0.0375 0.075
4 0.36171875 0.4010416666666667 0.0359375 0.03958333333333333
9 0.571875 0.425 0.065625 0.09166666666666666
4 0.50546875 0.45416666666666666 0.0515625 0.075
9 0.67734375 0.46041666666666664 0.0671875 0.07083333333333333
4 0.6140625 0.5072916666666667 0.075 0.08958333333333333
4 0.5203125 0.5333333333333333 0.065625 0.10416666666666667
11 0.76171875 0.6385416666666667 0.2265625 0.35208333333333336
9 0.8921875 0.6458333333333334 0.115625 0.14166666666666666
4 0.5875 0.709375 0.1 0.13958333333333334