4 0.36953125 0.32083333333333336 0.0234375 0.0375
4 0.5703125 0.346875 0.034375 0.03958333333333333
4 0.3375 0.35833333333333334 0.03125 0.0375
4 0.58046875 0.36354166666666665 0.0296875 0.027083333333333334
4 0.52421875 0.365625 0.0296875 0.03958333333333333
4 0.3859375 0.36875 0.03125 0.03333333333333333
4 0.61015625 0.3697916666666667 0.0328125 0.04791666666666667
4 0.4859375 0.390625 0.0375 0.04375
4 0.5515625 0.390625 0.034375 0.04791666666666667
4 0.3296875 0.4114583333333333 0.040625 0.04791666666666667
1 0.684375 0.41770833333333335 0.109375 0.17708333333333334
1 0.59453125 0.4395833333333333 0.0765625 0.1125
4 0.50703125 0.440625 0.0515625 0.06458333333333334
4 0.52265625 0.5239583333333333 0.0640625 0.09375
4 0.8265625 0.6197916666666666 0.103125 0.10208333333333333
4 0.56328125 0.65625 0.0859375 0.12916666666666668
4 0.72265625 0.6625 0.0953125 0.1125