1 0.27734375 0.3541666666666667 0.0671875 0.10416666666666667
4 0.33828125 0.3614583333333333 0.0234375 0.035416666666666666
4 0.38046875 0.37395833333333334 0.0296875 0.03125
4 0.48359375 0.37916666666666665 0.0359375 0.04583333333333333
1 0.290625 0.4 0.071875 0.10416666666666667
4 0.35703125 0.42604166666666665 0.0453125 0.05625
11 0.60390625 0.428125 0.0953125 0.16041666666666668
10 0.66484375 0.4375 0.0515625 0.08333333333333333
2 0.51953125 0.4552083333333333 0.0859375 0.16041666666666668
10 0.7296875 0.49375 0.078125 0.13333333333333333
4 0.3375 0.49583333333333335 0.0625 0.075
4 0.2203125 0.5270833333333333 0.075 0.07916666666666666
7 0.05 0.5739583333333333 0.1 0.16041666666666668
4 0.578125 0.6104166666666667 0.090625 0.13333333333333333
4 0.26953125 0.721875 0.1109375 0.13958333333333334
7 0.0609375 0.8041666666666667 0.121875 0.17916666666666667