5 0.33203125 0.35520833333333335 0.0359375 0.04375
9 0.25625 0.359375 0.071875 0.08958333333333333
4 0.38203125 0.378125 0.0359375 0.03958333333333333
8 0.6328125 0.38333333333333336 0.0625 0.1125
4 0.31484375 0.39479166666666665 0.0359375 0.04375
11 0.57421875 0.39895833333333336 0.0859375 0.11458333333333333
4 0.49453125 0.4197916666666667 0.0359375 0.06041666666666667
9 0.26640625 0.44479166666666664 0.0671875 0.12291666666666666
4 0.3390625 0.4979166666666667 0.065625 0.07083333333333333
4 0.52734375 0.55625 0.0703125 0.09583333333333334
1 0.078125 0.5625 0.15625 0.32083333333333336
8 0.7375 0.5916666666666667 0.178125 0.3125
4 0.18046875 0.5989583333333334 0.0921875 0.11041666666666666
4 0.2828125 0.6677083333333333 0.09375 0.13541666666666666