7 0.5546875 0.38645833333333335 0.046875 0.07291666666666667
4 0.49453125 0.39791666666666664 0.0359375 0.03333333333333333
4 0.36328125 0.40520833333333334 0.0453125 0.052083333333333336
4 0.61640625 0.40520833333333334 0.0484375 0.04375
4 0.48984375 0.4166666666666667 0.0328125 0.041666666666666664
4 0.57265625 0.421875 0.0390625 0.04791666666666667
4 0.4984375 0.42916666666666664 0.0375 0.03333333333333333
4 0.28359375 0.446875 0.0484375 0.05625
4 0.50390625 0.4666666666666667 0.0453125 0.07083333333333333
5 0.7359375 0.47604166666666664 0.125 0.15208333333333332
4 0.33359375 0.48854166666666665 0.0546875 0.07708333333333334
4 0.63359375 0.5166666666666667 0.0671875 0.0875
5 0.0734375 0.5177083333333333 0.146875 0.18125
4 0.52109375 0.5229166666666667 0.0578125 0.0875
4 0.2359375 0.525 0.06875 0.07916666666666666
4 0.84375 0.5291666666666667 0.071875 0.075
7 0.809375 0.5958333333333333 0.096875 0.10416666666666667
4 0.56015625 0.61875 0.0796875 0.10416666666666667
4 0.91796875 0.7166666666666667 0.1171875 0.12916666666666668
4 0.771875 0.7322916666666667 0.115625 0.16041666666666668
4 0.08828125 0.734375 0.1234375 0.13541666666666666
4 0.65390625 0.8229166666666666 0.1328125 0.2
7 0.90078125 0.865625 0.1984375 0.26875