4 0.3984375 0.325 0.028125 0.0375
4 0.3546875 0.3333333333333333 0.03125 0.029166666666666667
7 0.2890625 0.33958333333333335 0.05625 0.0875
4 0.38125 0.3625 0.040625 0.05
1 0.5359375 0.36354166666666665 0.059375 0.10208333333333333
4 0.63046875 0.40520833333333334 0.0421875 0.06041666666666667
7 0.578125 0.4270833333333333 0.084375 0.125
4 0.67421875 0.440625 0.0578125 0.08125
4 0.34140625 0.46875 0.0796875 0.12916666666666668
4 0.515625 0.4864583333333333 0.06875 0.08541666666666667
4 0.61640625 0.49270833333333336 0.0703125 0.09375
4 0.75234375 0.49375 0.0734375 0.09583333333333334
4 0.53203125 0.5489583333333333 0.0796875 0.10208333333333333
1 0.87890625 0.6135416666666667 0.2421875 0.3020833333333333
4 0.56640625 0.6947916666666667 0.1140625 0.18125
4 0.825 0.8229166666666666 0.178125 0.225
4 0.66640625 0.9322916666666666 0.1890625 0.13541666666666666