0 0.35234375 0.32395833333333335 0.0546875 0.08958333333333333
4 0.3890625 0.340625 0.034375 0.04375
4 0.37578125 0.38333333333333336 0.0453125 0.04583333333333333
4 0.5765625 0.421875 0.05 0.06041666666666667
1 0.2796875 0.42916666666666664 0.078125 0.125
1 0.653125 0.43020833333333336 0.065625 0.06875
7 0.36015625 0.45416666666666666 0.0578125 0.09583333333333334
1 0.13359375 0.475 0.1203125 0.1625
4 0.5921875 0.4791666666666667 0.040625 0.07916666666666666
1 0.73046875 0.48020833333333335 0.0953125 0.16875
1 0.62421875 0.50625 0.0734375 0.12916666666666668
4 0.21953125 0.5416666666666666 0.0828125 0.125
1 0.66640625 0.5458333333333333 0.0921875 0.17083333333333334
4 0.5140625 0.5479166666666667 0.075 0.10833333333333334
1 0.90078125 0.55625 0.1984375 0.20416666666666666
4 0.54765625 0.6 0.0984375 0.11666666666666667
4 0.3140625 0.609375 0.096875 0.13958333333333334
7 0.73828125 0.621875 0.0640625 0.12708333333333333
1 0.84609375 0.6822916666666666 0.2109375 0.28958333333333336
4 0.5578125 0.709375 0.109375 0.18958333333333333
1 0.9203125 0.8270833333333333 0.159375 0.3458333333333333
4 0.72890625 0.85625 0.1640625 0.2833333333333333
4 0.596875 0.928125 0.125 0.14375