4 0.39296875 0.3385416666666667 0.0296875 0.03958333333333333
1 0.27734375 0.35520833333333335 0.0453125 0.07291666666666667
7 0.60625 0.36875 0.053125 0.09166666666666666
4 0.37265625 0.37604166666666666 0.0359375 0.06041666666666667
1 0.3125 0.3802083333333333 0.06875 0.10625
7 0.6359375 0.39479166666666665 0.075 0.10625
4 0.7125 0.42604166666666665 0.059375 0.07291666666666667
7 0.69921875 0.4739583333333333 0.0640625 0.08958333333333333
7 0.2234375 0.47604166666666664 0.0875 0.13958333333333334
4 0.3453125 0.47604166666666664 0.075 0.07708333333333334
7 0.51875 0.49375 0.06875 0.07916666666666666
7 0.61953125 0.5052083333333334 0.0609375 0.13125
1 0.81640625 0.525 0.1328125 0.14166666666666666
7 0.6703125 0.5625 0.103125 0.19583333333333333
7 0.1390625 0.56875 0.103125 0.1875
4 0.521875 0.5708333333333333 0.059375 0.09583333333333334
4 0.5625 0.615625 0.103125 0.11041666666666666
1 0.96875 0.6260416666666667 0.0625 0.13541666666666666
7 0.7390625 0.6302083333333334 0.065625 0.11875
1 0.84375 0.7239583333333334 0.209375 0.34375
4 0.5703125 0.7541666666666667 0.1 0.20416666666666666
1 0.93125 0.8375 0.1375 0.325
4 0.73671875 0.9020833333333333 0.1640625 0.19583333333333333
4 0.17578125 0.9625 0.1734375 0.075