4 0.32734375 0.37604166666666666 0.0296875 0.035416666666666666
4 0.37109375 0.3927083333333333 0.0296875 0.03958333333333333
10 0.62265625 0.4 0.0421875 0.07916666666666666
1 0.21328125 0.403125 0.1109375 0.14791666666666667
4 0.30390625 0.41875 0.0421875 0.058333333333333334
4 0.50625 0.425 0.04375 0.06666666666666667
4 0.36171875 0.4479166666666667 0.0453125 0.06666666666666667
1 0.1765625 0.54375 0.15 0.20416666666666666
4 0.63203125 0.5729166666666666 0.0765625 0.1125
4 0.2984375 0.5947916666666667 0.0875 0.11041666666666666
9 0.78359375 0.66875 0.1671875 0.30416666666666664
10 0.93125 0.6697916666666667 0.134375 0.15208333333333332
3 0.60234375 0.7625 0.1140625 0.2125
4 0.18125 0.9145833333333333 0.1625 0.17083333333333334