7 0.24921875 0.39479166666666665 0.0484375 0.06041666666666667
2 0.6484375 0.4010416666666667 0.0875 0.12291666666666666
4 0.48984375 0.41354166666666664 0.0421875 0.052083333333333336
7 0.28984375 0.42604166666666665 0.0484375 0.06041666666666667
9 0.58671875 0.4427083333333333 0.0609375 0.11041666666666666
4 0.3265625 0.4552083333333333 0.053125 0.05625
4 0.515625 0.46458333333333335 0.05 0.075
4 0.3296875 0.5166666666666667 0.065625 0.075
10 0.77578125 0.5416666666666666 0.0953125 0.1375
4 0.65546875 0.5520833333333334 0.0734375 0.1
4 0.57421875 0.68125 0.1078125 0.15416666666666667
4 0.90703125 0.703125 0.1328125 0.17291666666666666
4 0.775 0.7854166666666667 0.14375 0.175