7 0.3125 0.39791666666666664 0.053125 0.075
1 0.69609375 0.43333333333333335 0.1015625 0.12916666666666668
1 0.58359375 0.434375 0.0828125 0.14791666666666667
4 0.515625 0.4510416666666667 0.04375 0.06458333333333334
1 0.11953125 0.48020833333333335 0.1421875 0.16458333333333333
4 0.81015625 0.5041666666666667 0.0859375 0.09166666666666666
4 0.33984375 0.5052083333333334 0.0609375 0.09375
4 0.5171875 0.509375 0.053125 0.11041666666666666
1 0.678125 0.5322916666666667 0.109375 0.18125
4 0.546875 0.5770833333333333 0.0875 0.14583333333333334
7 0.19296875 0.5927083333333333 0.1078125 0.16875
4 0.58046875 0.703125 0.1015625 0.15208333333333332
1 0.88125 0.821875 0.21875 0.35625
4 0.61796875 0.8427083333333333 0.1140625 0.23541666666666666
4 0.2328125 0.8677083333333333 0.128125 0.21458333333333332