5 0.3734375 0.3927083333333333 0.0375 0.052083333333333336
5 0.30625 0.39375 0.0375 0.04583333333333333
5 0.2515625 0.40625 0.04375 0.05416666666666667
4 0.49765625 0.42291666666666666 0.0390625 0.05
4 0.64296875 0.42916666666666664 0.0484375 0.05416666666666667
4 0.5890625 0.4479166666666667 0.046875 0.058333333333333334
10 0.71796875 0.47291666666666665 0.0828125 0.12916666666666668
4 0.515625 0.4822916666666667 0.05 0.07708333333333334
4 0.6203125 0.49166666666666664 0.05625 0.07916666666666666
9 0.68125 0.5729166666666666 0.109375 0.175
10 0.8109375 0.5958333333333333 0.109375 0.125
4 0.58515625 0.671875 0.0984375 0.16041666666666668
4 0.2625 0.725 0.109375 0.1625