0 0.32265625 0.3645833333333333 0.0640625 0.10833333333333334
4 0.37265625 0.39479166666666665 0.0390625 0.05625
1 0.70859375 0.453125 0.0890625 0.13958333333333334
4 0.503125 0.45416666666666666 0.053125 0.07083333333333333
4 0.35703125 0.45729166666666665 0.0609375 0.07708333333333334
1 0.621875 0.496875 0.065625 0.12708333333333333
4 0.5140625 0.528125 0.06875 0.08541666666666667
1 0.8859375 0.534375 0.228125 0.20625
1 0.66484375 0.5375 0.0921875 0.175
1 0.18046875 0.56875 0.1515625 0.19166666666666668
1 0.04765625 0.5947916666666667 0.0953125 0.23125
4 0.546875 0.5979166666666667 0.0875 0.12916666666666668
4 0.30703125 0.6177083333333333 0.1046875 0.16041666666666668
1 0.740625 0.628125 0.059375 0.13541666666666666
4 0.55625 0.675 0.084375 0.14583333333333334
1 0.8390625 0.69375 0.178125 0.325
4 0.7078125 0.83125 0.1375 0.24583333333333332
1 0.91953125 0.8333333333333334 0.1609375 0.3333333333333333
4 0.05 0.8625 0.1 0.1875
4 0.58515625 0.9302083333333333 0.1296875 0.13958333333333334