8 0.353125 0.31875 0.0375 0.0625
9 0.3140625 0.31979166666666664 0.040625 0.04375
8 0.28046875 0.34479166666666666 0.0578125 0.05625
10 0.53359375 0.35520833333333335 0.0421875 0.07708333333333334
4 0.47421875 0.3572916666666667 0.0328125 0.035416666666666666
4 0.371875 0.36770833333333336 0.034375 0.03958333333333333
2 0.30859375 0.378125 0.0640625 0.08125
10 0.5953125 0.378125 0.04375 0.06875
10 0.23125 0.39166666666666666 0.053125 0.075
10 0.35390625 0.43333333333333335 0.0515625 0.06666666666666667
4 0.5578125 0.5458333333333333 0.065625 0.09583333333333334
4 0.17890625 0.5697916666666667 0.0890625 0.11041666666666666