4 0.39375 0.340625 0.025 0.027083333333333334
7 0.3 0.3416666666666667 0.0375 0.0625
1 0.34375 0.34375 0.05 0.075
4 0.375 0.3645833333333333 0.03125 0.0375
1 0.6375 0.378125 0.078125 0.12291666666666666
7 0.553125 0.3875 0.046875 0.0875
6 0.3515625 0.39166666666666666 0.046875 0.0625
4 0.57109375 0.4239583333333333 0.0328125 0.052083333333333336
7 0.68359375 0.44583333333333336 0.0765625 0.125
4 0.5953125 0.4479166666666667 0.04375 0.06666666666666667
4 0.50234375 0.4625 0.0390625 0.0625
4 0.34765625 0.46770833333333334 0.0578125 0.07708333333333334
4 0.5171875 0.4947916666666667 0.059375 0.08125
7 0.62265625 0.509375 0.0671875 0.13541666666666666
4 0.53046875 0.534375 0.0640625 0.08541666666666667
7 0.81796875 0.5375 0.1234375 0.17083333333333334
7 0.66796875 0.5489583333333333 0.1078125 0.20208333333333334
4 0.55859375 0.5770833333333333 0.0703125 0.10416666666666667
1 0.05078125 0.5833333333333334 0.1015625 0.25416666666666665
7 0.5359375 0.6229166666666667 0.08125 0.15833333333333333
7 0.76484375 0.6510416666666666 0.0984375 0.16041666666666668
1 0.86328125 0.734375 0.2296875 0.38958333333333334
4 0.5734375 0.7416666666666667 0.1 0.175
4 0.61328125 0.8614583333333333 0.1359375 0.20625
4 0.64296875 0.9510416666666667 0.1515625 0.09791666666666667