7 0.2828125 0.37083333333333335 0.06875 0.08333333333333333
4 0.5703125 0.403125 0.040625 0.03125
4 0.57265625 0.403125 0.0421875 0.014583333333333334
1 0.640625 0.4041666666666667 0.065625 0.10833333333333334
4 0.56796875 0.4114583333333333 0.0234375 0.022916666666666665
4 0.50078125 0.43333333333333335 0.0453125 0.05416666666666667
1 0.6890625 0.440625 0.09375 0.13125
1 0.34921875 0.44479166666666664 0.0671875 0.12291666666666666
4 0.59375 0.44583333333333336 0.04375 0.05416666666666667
4 0.50703125 0.46145833333333336 0.0515625 0.05625
7 0.2609375 0.4666666666666667 0.05625 0.09166666666666666
7 0.62734375 0.5052083333333334 0.0765625 0.12708333333333333
7 0.51640625 0.5291666666666667 0.0703125 0.125
7 0.8 0.53125 0.096875 0.0875
1 0.66953125 0.5552083333333333 0.1046875 0.18958333333333333
4 0.5421875 0.6166666666666667 0.08125 0.12916666666666668
7 0.7359375 0.634375 0.0625 0.15208333333333332
4 0.58203125 0.7645833333333333 0.1140625 0.19166666666666668
4 0.63359375 0.934375 0.1453125 0.13125