7 0.31484375 0.37395833333333334 0.0640625 0.08958333333333333
4 0.38515625 0.38229166666666664 0.0359375 0.04791666666666667
4 0.478125 0.384375 0.040625 0.04791666666666667
1 0.56171875 0.3927083333333333 0.0828125 0.12708333333333333
1 0.66171875 0.40625 0.0921875 0.1125
4 0.3625 0.4354166666666667 0.05 0.0625
7 0.24140625 0.43645833333333334 0.0640625 0.09791666666666667
4 0.50703125 0.4739583333333333 0.0546875 0.08958333333333333
4 0.6375 0.5260416666666666 0.0625 0.11041666666666666
4 0.31953125 0.5479166666666667 0.0671875 0.08333333333333333
0 0.77734375 0.6458333333333334 0.2515625 0.3375
4 0.12421875 0.6458333333333334 0.1140625 0.11666666666666667
4 0.6109375 0.6770833333333334 0.109375 0.15833333333333333
4 0.9515625 0.7291666666666666 0.096875 0.14166666666666666