4 0.36953125 0.3885416666666667 0.0421875 0.04791666666666667
4 0.51328125 0.42083333333333334 0.0484375 0.0625
4 0.65859375 0.42916666666666664 0.0578125 0.06666666666666667
4 0.57265625 0.4322916666666667 0.0453125 0.05625
4 0.75390625 0.4635416666666667 0.0546875 0.05625
10 0.63046875 0.48854166666666665 0.0796875 0.13958333333333334
4 0.51796875 0.5 0.0578125 0.08333333333333333
4 0.71484375 0.5104166666666666 0.0671875 0.0625
9 0.81796875 0.5645833333333333 0.1234375 0.2125
4 0.56640625 0.6104166666666667 0.0859375 0.1125
4 0.1359375 0.6666666666666666 0.103125 0.10416666666666667
4 0.7640625 0.71875 0.125 0.17083333333333334