2 0.5421875 0.3625 0.0625 0.0875
4 0.4734375 0.36354166666666665 0.028125 0.03125
8 0.6640625 0.39166666666666666 0.1 0.1125
4 0.48125 0.3927083333333333 0.0375 0.04375
4 0.490625 0.4354166666666667 0.05 0.0625
2 0.58515625 0.4354166666666667 0.0828125 0.15833333333333333
4 0.51015625 0.46145833333333336 0.0609375 0.03958333333333333
4 0.71640625 0.490625 0.0359375 0.06458333333333334
8 0.65546875 0.5 0.1234375 0.22916666666666666
4 0.51953125 0.515625 0.0609375 0.08541666666666667
4 0.7609375 0.5260416666666666 0.065625 0.07291666666666667
4 0.325 0.534375 0.075 0.09791666666666667
4 0.53203125 0.5604166666666667 0.0640625 0.0875
4 0.803125 0.5770833333333333 0.0875 0.10416666666666667
4 0.56171875 0.5927083333333333 0.0890625 0.13541666666666666
4 0.15 0.6145833333333334 0.090625 0.1
4 0.915625 0.6822916666666666 0.13125 0.15208333333333332
4 0.76640625 0.7229166666666667 0.1265625 0.16666666666666666
4 0.590625 0.740625 0.11875 0.16458333333333333