0 0.35390625 0.2875 0.0359375 0.05
4 0.39609375 0.325 0.0296875 0.0375
0 0.4671875 0.3302083333333333 0.04375 0.06458333333333334
0 0.51640625 0.33645833333333336 0.0515625 0.08125
4 0.46953125 0.359375 0.0265625 0.03125
0 0.546875 0.365625 0.0625 0.08958333333333333
1 0.6 0.36666666666666664 0.0625 0.1
4 0.4796875 0.36875 0.034375 0.0375
4 0.37265625 0.375 0.0359375 0.05
4 0.48046875 0.39479166666666665 0.0328125 0.04375
4 0.3234375 0.4010416666666667 0.046875 0.052083333333333336
4 0.48828125 0.40729166666666666 0.0328125 0.03125
4 0.621875 0.40729166666666666 0.03125 0.04791666666666667
4 0.553125 0.41354166666666664 0.040625 0.04375
1 0.6953125 0.4197916666666667 0.128125 0.14375
4 0.20703125 0.42083333333333334 0.0890625 0.11666666666666667
4 0.49765625 0.434375 0.0515625 0.05625
4 0.6 0.496875 0.0625 0.07708333333333334
4 0.51796875 0.5208333333333334 0.0671875 0.08333333333333333
0 0.77109375 0.653125 0.2640625 0.36875
4 0.58125 0.6895833333333333 0.1 0.15416666666666667
4 0.95859375 0.7854166666666667 0.0828125 0.17916666666666667
4 0.66015625 0.9583333333333334 0.1953125 0.08333333333333333