4 0.46640625 0.3260416666666667 0.0265625 0.035416666666666666
4 0.396875 0.3302083333333333 0.03125 0.03958333333333333
10 0.35703125 0.3333333333333333 0.0328125 0.041666666666666664
10 0.56484375 0.3333333333333333 0.0328125 0.06666666666666667
11 0.52421875 0.334375 0.0484375 0.06458333333333334
8 0.3203125 0.34479166666666666 0.05 0.06875
4 0.47734375 0.3614583333333333 0.0296875 0.03958333333333333
4 0.34921875 0.45208333333333334 0.0515625 0.0625
8 0.709375 0.46458333333333335 0.121875 0.17916666666666667
4 0.3078125 0.571875 0.078125 0.09375
4 0.15859375 0.6135416666666667 0.0984375 0.11041666666666666