7 0.31484375 0.3229166666666667 0.0328125 0.05
4 0.346875 0.34791666666666665 0.028125 0.041666666666666664
4 0.47890625 0.37395833333333334 0.0296875 0.03125
1 0.63125 0.378125 0.078125 0.12291666666666666
1 0.55546875 0.39166666666666666 0.0578125 0.08333333333333333
4 0.49453125 0.39479166666666665 0.0390625 0.04791666666666667
4 0.27890625 0.44895833333333335 0.0484375 0.06458333333333334
4 0.4984375 0.4510416666666667 0.04375 0.06041666666666667
4 0.6234375 0.5083333333333333 0.059375 0.075
4 0.52578125 0.5197916666666667 0.0609375 0.08541666666666667
4 0.33203125 0.5322916666666667 0.0640625 0.07291666666666667
1 0.8328125 0.7208333333333333 0.334375 0.5458333333333333
4 0.6015625 0.7822916666666667 0.10625 0.15625