1 0.25859375 0.3645833333333333 0.0828125 0.08333333333333333
4 0.3828125 0.3729166666666667 0.04375 0.05
1 0.675 0.415625 0.071875 0.14791666666666667
1 0.6 0.42291666666666666 0.075 0.15416666666666667
4 0.35078125 0.45416666666666666 0.0734375 0.1125
4 0.74296875 0.45416666666666666 0.0640625 0.08333333333333333
7 0.2578125 0.459375 0.103125 0.16041666666666668
0 0.5265625 0.4739583333333333 0.11875 0.19375
4 0.15390625 0.50625 0.1015625 0.11666666666666667
4 0.7859375 0.5614583333333333 0.1 0.16041666666666668
4 0.8796875 0.5625 0.1 0.11666666666666667
4 0.2921875 0.6479166666666667 0.125 0.18333333333333332
7 0.11796875 0.678125 0.1828125 0.24375
7 0.9640625 0.7125 0.071875 0.25833333333333336
4 0.2015625 0.9572916666666667 0.20625 0.08541666666666667