5 0.22265625 0.37604166666666666 0.0859375 0.08541666666666667
4 0.31796875 0.38645833333333335 0.0328125 0.04791666666666667
4 0.5609375 0.39791666666666664 0.0375 0.05
4 0.49765625 0.42604166666666665 0.0421875 0.06041666666666667
9 0.67109375 0.453125 0.0640625 0.09791666666666667
4 0.359375 0.4625 0.05 0.058333333333333334
4 0.5828125 0.4635416666666667 0.05 0.06041666666666667
5 0.203125 0.48020833333333335 0.140625 0.19791666666666666
4 0.52421875 0.490625 0.0546875 0.08125
9 0.63515625 0.515625 0.0859375 0.12708333333333333
1 0.06875 0.5208333333333334 0.1375 0.2
4 0.5609375 0.6583333333333333 0.096875 0.15
4 0.91015625 0.8958333333333334 0.1796875 0.20833333333333334