0 0.31328125 0.378125 0.0671875 0.10625
4 0.35859375 0.42604166666666665 0.0453125 0.05625
4 0.5125 0.45416666666666666 0.075 0.058333333333333334
1 0.625 0.49895833333333334 0.09375 0.13958333333333334
1 0.865625 0.5135416666666667 0.225 0.16875
4 0.50859375 0.5177083333333333 0.0515625 0.07291666666666667
1 0.6640625 0.54375 0.1 0.17916666666666667
4 0.31796875 0.5479166666666667 0.0734375 0.09583333333333334
4 0.5328125 0.5645833333333333 0.065625 0.0625
7 0.75078125 0.625 0.1015625 0.15
4 0.55234375 0.665625 0.0953125 0.12708333333333333
1 0.85 0.6989583333333333 0.19375 0.34375
1 0.07421875 0.7625 0.1484375 0.2916666666666667
4 0.69296875 0.809375 0.1140625 0.23125
1 0.91796875 0.8260416666666667 0.1640625 0.34791666666666665
7 0.2109375 0.928125 0.18125 0.14375
4 0.58671875 0.9302083333333333 0.1203125 0.13958333333333334