4 0.38203125 0.3614583333333333 0.0328125 0.03958333333333333
4 0.3328125 0.36354166666666665 0.034375 0.04375
5 0.24375 0.378125 0.0625 0.09791666666666667
4 0.3203125 0.3875 0.0375 0.041666666666666664
7 0.5578125 0.39166666666666666 0.053125 0.0875
4 0.49453125 0.39791666666666664 0.0359375 0.03333333333333333
4 0.63671875 0.40625 0.0390625 0.05
4 0.49140625 0.42291666666666666 0.0328125 0.041666666666666664
4 0.675 0.44166666666666665 0.053125 0.058333333333333334
4 0.5890625 0.44375 0.04375 0.05
4 0.50625 0.45416666666666666 0.046875 0.05416666666666667
4 0.34140625 0.478125 0.0578125 0.06041666666666667
4 0.51484375 0.4895833333333333 0.0453125 0.07083333333333333
5 0.803125 0.528125 0.178125 0.21041666666666667
4 0.5421875 0.603125 0.08125 0.11458333333333333
4 0.715625 0.646875 0.109375 0.13541666666666666
7 0.93359375 0.7145833333333333 0.1296875 0.15
4 0.60390625 0.7614583333333333 0.1078125 0.16041666666666668