0 0.6234375 0.359375 0.05625 0.08541666666666667
7 0.54140625 0.37604166666666666 0.0546875 0.08125
4 0.37734375 0.38125 0.0421875 0.05416666666666667
4 0.47890625 0.38229166666666664 0.0546875 0.052083333333333336
4 0.6578125 0.43125 0.05625 0.06666666666666667
1 0.590625 0.4354166666666667 0.09375 0.14583333333333334
4 0.51015625 0.45208333333333334 0.0765625 0.07083333333333333
4 0.34609375 0.4791666666666667 0.0640625 0.0875
4 0.525 0.5229166666666667 0.075 0.07916666666666666
4 0.57890625 0.7375 0.1140625 0.1625
7 0.96640625 0.91875 0.0671875 0.1625