10 0.5953125 0.3729166666666667 0.040625 0.058333333333333334
4 0.37578125 0.390625 0.0328125 0.03958333333333333
4 0.565625 0.40208333333333335 0.0375 0.05416666666666667
4 0.3015625 0.4114583333333333 0.040625 0.052083333333333336
10 0.221875 0.41770833333333335 0.0625 0.07708333333333334
4 0.64765625 0.43125 0.0421875 0.05416666666666667
10 0.1640625 0.44895833333333335 0.075 0.11041666666666666
4 0.5046875 0.453125 0.04375 0.07708333333333334
4 0.359375 0.459375 0.053125 0.06041666666666667
10 0.6125 0.465625 0.0625 0.10208333333333333
4 0.5203125 0.51875 0.05625 0.08333333333333333
4 0.33203125 0.5354166666666667 0.0671875 0.08333333333333333
10 0.78203125 0.5364583333333334 0.0640625 0.12291666666666666
10 0.1625 0.5625 0.121875 0.16666666666666666
11 0.7390625 0.6 0.21875 0.3416666666666667
10 0.92578125 0.66875 0.1453125 0.22916666666666666
2 0.6265625 0.7114583333333333 0.215625 0.41458333333333336
4 0.2484375 0.7885416666666667 0.1125 0.13541666666666666