4 0.59609375 0.375 0.0390625 0.05
4 0.546875 0.39479166666666665 0.040625 0.04791666666666667
4 0.61953125 0.40520833333333334 0.0390625 0.052083333333333336
4 0.4890625 0.4083333333333333 0.034375 0.041666666666666664
5 0.1984375 0.41875 0.06875 0.0875
7 0.675 0.43645833333333334 0.0625 0.08958333333333333
4 0.59375 0.45729166666666665 0.05625 0.07291666666666667
4 0.50546875 0.4583333333333333 0.0453125 0.05416666666666667
1 0.7859375 0.5166666666666667 0.1875 0.2875
4 0.54765625 0.5625 0.0765625 0.1125
4 0.9265625 0.5833333333333334 0.08125 0.10416666666666667
1 0.70078125 0.5958333333333333 0.1703125 0.2375
4 0.61640625 0.778125 0.1203125 0.18541666666666667
4 0.1828125 0.8927083333333333 0.15625 0.21458333333333332