4 0.39453125 0.31979166666666664 0.0234375 0.035416666666666666
10 0.51875 0.32395833333333335 0.034375 0.06458333333333334
4 0.46484375 0.328125 0.0265625 0.035416666666666666
4 0.371875 0.35520833333333335 0.034375 0.04375
4 0.48984375 0.39479166666666665 0.0390625 0.05625
7 0.225 0.40208333333333335 0.05625 0.07916666666666666
8 0.27890625 0.40520833333333334 0.0828125 0.10625
4 0.58828125 0.45208333333333334 0.0640625 0.075
4 0.5578125 0.5697916666666667 0.084375 0.11875
4 0.28828125 0.6177083333333333 0.0828125 0.09791666666666667
4 0.8171875 0.7916666666666666 0.159375 0.2125