4 0.3953125 0.32916666666666666 0.028125 0.04583333333333333
4 0.378125 0.36875 0.05 0.05
5 0.30546875 0.39479166666666665 0.0734375 0.10208333333333333
4 0.37421875 0.4010416666666667 0.0453125 0.06458333333333334
1 0.71171875 0.459375 0.1296875 0.16875
4 0.60234375 0.46458333333333335 0.0640625 0.08333333333333333
4 0.31640625 0.47291666666666665 0.0671875 0.075
4 0.7953125 0.496875 0.05625 0.08541666666666667
4 0.515625 0.509375 0.065625 0.08958333333333333
4 0.65625 0.5697916666666667 0.06875 0.10625
4 0.54765625 0.5729166666666666 0.0859375 0.12083333333333333
4 0.29375 0.615625 0.1125 0.13125
4 0.83515625 0.6291666666666667 0.0984375 0.125
1 0.95078125 0.64375 0.0984375 0.3125
5 0.7421875 0.6791666666666667 0.140625 0.23333333333333334
4 0.61640625 0.6958333333333333 0.1078125 0.17083333333333334
7 0.56953125 0.796875 0.1203125 0.23125
5 0.90625 0.8416666666666667 0.1875 0.31666666666666665