7 0.2703125 0.35833333333333334 0.05 0.06666666666666667
1 0.54296875 0.371875 0.0609375 0.10208333333333333
7 0.61484375 0.3875 0.0484375 0.0625
4 0.484375 0.396875 0.0375 0.04791666666666667
4 0.35546875 0.4083333333333333 0.0421875 0.05
4 0.57421875 0.44166666666666665 0.0515625 0.0625
4 0.6609375 0.45 0.05 0.06666666666666667
4 0.51171875 0.46458333333333335 0.0546875 0.07083333333333333
7 0.73125 0.49583333333333335 0.084375 0.12916666666666668
4 0.65859375 0.5583333333333333 0.0859375 0.1125
4 0.53828125 0.5677083333333334 0.0765625 0.09375
1 0.8921875 0.5875 0.215625 0.3333333333333333
4 0.62578125 0.7739583333333333 0.1453125 0.21875
4 0.1859375 0.9125 0.1625 0.17083333333333334