4 0.3859375 0.36770833333333336 0.03125 0.03958333333333333
5 0.29765625 0.371875 0.0703125 0.10208333333333333
7 0.2421875 0.38125 0.04375 0.05
4 0.6125 0.3958333333333333 0.04375 0.05
9 0.203125 0.421875 0.053125 0.08958333333333333
4 0.49375 0.421875 0.040625 0.052083333333333336
4 0.58125 0.4479166666666667 0.046875 0.058333333333333334
8 0.69609375 0.45 0.1171875 0.12916666666666668
9 0.14296875 0.478125 0.0921875 0.11458333333333333
4 0.5125 0.48020833333333335 0.053125 0.06875
4 0.34609375 0.5145833333333333 0.0578125 0.075
4 0.65078125 0.540625 0.0703125 0.08125
4 0.734375 0.6395833333333333 0.103125 0.12916666666666668
9 0.1078125 0.6427083333333333 0.15625 0.23125
4 0.2265625 0.8854166666666666 0.146875 0.17916666666666667
4 0.63671875 0.8895833333333333 0.1453125 0.22083333333333333