4 0.40234375 0.30625 0.0234375 0.029166666666666667
7 0.32109375 0.325 0.0359375 0.0625
4 0.35859375 0.32708333333333334 0.0328125 0.04583333333333333
4 0.39296875 0.33229166666666665 0.0296875 0.03125
4 0.3609375 0.36875 0.034375 0.04583333333333333
1 0.6375 0.37395833333333334 0.078125 0.10208333333333333
1 0.5640625 0.38333333333333336 0.071875 0.1125
4 0.29296875 0.428125 0.0734375 0.09791666666666667
4 0.72890625 0.440625 0.0609375 0.06041666666666667
1 0.621875 0.465625 0.11875 0.16041666666666668
4 0.509375 0.48541666666666666 0.071875 0.09583333333333334
7 0.20625 0.5510416666666667 0.109375 0.18541666666666667
4 0.534375 0.5583333333333333 0.090625 0.12916666666666668
1 0.925 0.640625 0.15 0.25625
1 0.76875 0.646875 0.25 0.3770833333333333
4 0.56875 0.6572916666666667 0.109375 0.14791666666666667
4 0.59453125 0.8 0.1203125 0.18333333333333332
4 0.6578125 0.9114583333333334 0.171875 0.17708333333333334