4 0.35 0.3458333333333333 0.028125 0.041666666666666664
4 0.47890625 0.37395833333333334 0.0296875 0.03125
1 0.64375 0.38333333333333336 0.084375 0.12916666666666668
1 0.5671875 0.4041666666666667 0.071875 0.09166666666666666
4 0.49765625 0.4114583333333333 0.0390625 0.05625
4 0.29609375 0.415625 0.0421875 0.06041666666666667
4 0.503125 0.4635416666666667 0.04375 0.06041666666666667
4 0.35234375 0.4708333333333333 0.0484375 0.0625
4 0.6390625 0.5375 0.065625 0.075
4 0.5296875 0.5458333333333333 0.065625 0.1
1 0.84765625 0.740625 0.3046875 0.51875
4 0.12890625 0.740625 0.1265625 0.13958333333333334
4 0.62265625 0.8427083333333333 0.1203125 0.18541666666666667