5 0.5359375 0.36666666666666664 0.05625 0.07083333333333333
4 0.36875 0.3697916666666667 0.034375 0.035416666666666666
4 0.48671875 0.375 0.0390625 0.05
7 0.24140625 0.38125 0.0546875 0.06666666666666667
4 0.29453125 0.43125 0.0484375 0.058333333333333334
4 0.56953125 0.434375 0.0390625 0.06041666666666667
4 0.50234375 0.45416666666666666 0.0515625 0.06666666666666667
1 0.65 0.5 0.140625 0.26666666666666666
4 0.7265625 0.5072916666666667 0.065625 0.08541666666666667
0 0.84375 0.578125 0.19375 0.2520833333333333
4 0.54921875 0.603125 0.0765625 0.10625
4 0.6453125 0.875 0.153125 0.225