5 0.328125 0.3645833333333333 0.04375 0.05
9 0.240625 0.3697916666666667 0.06875 0.07708333333333334
8 0.6234375 0.3770833333333333 0.0625 0.1125
11 0.56015625 0.38645833333333335 0.0859375 0.11458333333333333
4 0.375 0.3958333333333333 0.0375 0.05
4 0.49140625 0.4010416666666667 0.0359375 0.04791666666666667
4 0.30859375 0.40208333333333335 0.0390625 0.05
9 0.246875 0.46875 0.075 0.125
4 0.5140625 0.5104166666666666 0.059375 0.08333333333333333
8 0.6953125 0.540625 0.146875 0.26458333333333334
4 0.31875 0.571875 0.071875 0.08958333333333333
1 0.05390625 0.5833333333333334 0.1078125 0.30833333333333335
4 0.1359375 0.6677083333333333 0.109375 0.11458333333333333
4 0.24609375 0.7791666666666667 0.1234375 0.17083333333333334
4 0.6453125 0.896875 0.14375 0.20625