1 0.35859375 0.3125 0.0453125 0.0625
1 0.31640625 0.3177083333333333 0.0359375 0.04791666666666667
4 0.33125 0.3645833333333333 0.03125 0.05416666666666667
1 0.59921875 0.3697916666666667 0.0734375 0.09375
4 0.55390625 0.3958333333333333 0.0359375 0.05
1 0.66796875 0.415625 0.0734375 0.11875
4 0.49453125 0.434375 0.0484375 0.06458333333333334
4 0.57109375 0.434375 0.0546875 0.06458333333333334
1 0.6 0.459375 0.065625 0.11041666666666666
4 0.503125 0.496875 0.053125 0.07291666666666667
1 0.8203125 0.509375 0.209375 0.23125
0 0.2078125 0.5125 0.159375 0.24583333333333332
1 0.63515625 0.5260416666666666 0.0921875 0.17291666666666666
4 0.52890625 0.5729166666666666 0.0609375 0.12916666666666668
7 0.7359375 0.6020833333333333 0.08125 0.12083333333333333
4 0.53984375 0.6333333333333333 0.0796875 0.14583333333333334
4 0.271875 0.6697916666666667 0.13125 0.17291666666666666
1 0.8296875 0.678125 0.221875 0.3229166666666667
4 0.665625 0.703125 0.10625 0.20208333333333334
1 0.909375 0.8239583333333333 0.18125 0.35208333333333336
4 0.58359375 0.9041666666666667 0.1421875 0.19166666666666668