10 0.33984375 0.33645833333333336 0.0390625 0.06875
4 0.50703125 0.3416666666666667 0.0265625 0.0375
4 0.38203125 0.35625 0.0359375 0.041666666666666664
4 0.484375 0.36354166666666665 0.03125 0.04791666666666667
9 0.225 0.3927083333333333 0.078125 0.08958333333333333
11 0.29296875 0.4 0.0828125 0.11666666666666667
11 0.128125 0.4791666666666667 0.15625 0.15416666666666667
4 0.33515625 0.503125 0.0609375 0.08958333333333333
4 0.52890625 0.5458333333333333 0.0671875 0.1125
2 0.09296875 0.7614583333333333 0.1859375 0.4395833333333333
4 0.2375 0.8 0.134375 0.17083333333333334