1 0.35625 0.3229166666666667 0.04375 0.07083333333333333
7 0.3125 0.33125 0.034375 0.058333333333333334
6 0.378125 0.35208333333333336 0.028125 0.04583333333333333
1 0.6453125 0.38229166666666664 0.078125 0.12291666666666666
7 0.553125 0.3875 0.046875 0.0875
4 0.36640625 0.4010416666666667 0.0421875 0.052083333333333336
4 0.57109375 0.4239583333333333 0.0328125 0.052083333333333336
4 0.5953125 0.4479166666666667 0.04375 0.06666666666666667
7 0.7015625 0.4583333333333333 0.09375 0.12916666666666668
4 0.50234375 0.4625 0.0390625 0.0625
1 0.1140625 0.48541666666666666 0.15 0.19166666666666668
4 0.5171875 0.4947916666666667 0.059375 0.08125
7 0.62265625 0.509375 0.0671875 0.13541666666666666
4 0.53046875 0.534375 0.0640625 0.08541666666666667
7 0.66796875 0.5489583333333333 0.1078125 0.20208333333333334
7 0.83984375 0.5541666666666667 0.1296875 0.17083333333333334
4 0.55859375 0.5770833333333333 0.0703125 0.10416666666666667
4 0.29140625 0.5916666666666667 0.0859375 0.1125
7 0.5359375 0.6229166666666667 0.08125 0.15833333333333333
7 0.76484375 0.6510416666666666 0.0984375 0.16041666666666668
1 0.86328125 0.734375 0.2296875 0.38958333333333334
4 0.5734375 0.7416666666666667 0.1 0.175
4 0.61328125 0.8614583333333333 0.1359375 0.20625
4 0.64296875 0.9510416666666667 0.1515625 0.09791666666666667