7 0.3421875 0.29375 0.028125 0.04583333333333333
1 0.58046875 0.3104166666666667 0.0578125 0.06666666666666667
4 0.36875 0.3145833333333333 0.034375 0.04583333333333333
4 0.3890625 0.33958333333333335 0.03125 0.041666666666666664
4 0.475 0.34270833333333334 0.034375 0.03125
5 0.521875 0.34791666666666665 0.053125 0.06666666666666667
4 0.4734375 0.36875 0.034375 0.0375
4 0.4828125 0.4010416666666667 0.040625 0.05625
1 0.58828125 0.4125 0.1046875 0.18333333333333332
4 0.64296875 0.43125 0.0484375 0.07083333333333333
0 0.7171875 0.46041666666666664 0.13125 0.18333333333333332
4 0.509375 0.48333333333333334 0.059375 0.08333333333333333
4 0.3 0.55 0.0875 0.1125
7 0.02734375 0.6010416666666667 0.0546875 0.13541666666666666
4 0.55625 0.6125 0.09375 0.125
5 0.89921875 0.6333333333333333 0.2015625 0.225
4 0.0734375 0.7645833333333333 0.146875 0.17916666666666667
4 0.6359375 0.8552083333333333 0.140625 0.21875
4 0.9671875 0.9604166666666667 0.065625 0.07916666666666666