2 0.628125 0.396875 0.071875 0.10625
4 0.36171875 0.41041666666666665 0.0421875 0.05416666666666667
9 0.58671875 0.42291666666666666 0.0671875 0.12083333333333333
4 0.49765625 0.428125 0.0421875 0.05625
2 0.73515625 0.48125 0.1390625 0.2
4 0.51640625 0.49375 0.0578125 0.08333333333333333
4 0.640625 0.5260416666666666 0.071875 0.09375
5 0.21953125 0.5854166666666667 0.0890625 0.09166666666666666
4 0.55546875 0.5989583333333334 0.0828125 0.12291666666666666
4 0.7 0.61875 0.1 0.12083333333333333
4 0.9484375 0.621875 0.103125 0.11041666666666666
10 0.853125 0.7697916666666667 0.175 0.30625
4 0.64609375 0.7791666666666667 0.1359375 0.20833333333333334