2 0.54375 0.35833333333333334 0.0625 0.0875
4 0.4734375 0.36354166666666665 0.028125 0.03125
8 0.65625 0.390625 0.0875 0.11875
4 0.48125 0.3927083333333333 0.0375 0.04375
2 0.58515625 0.43333333333333335 0.0828125 0.15833333333333333
4 0.490625 0.4354166666666667 0.05 0.0625
4 0.509375 0.45208333333333334 0.04375 0.0375
4 0.71640625 0.490625 0.0359375 0.06458333333333334
8 0.65546875 0.5 0.1234375 0.22916666666666666
4 0.51484375 0.50625 0.0640625 0.0875
4 0.7609375 0.5260416666666666 0.065625 0.07291666666666667
4 0.5515625 0.5729166666666666 0.096875 0.12083333333333333
4 0.79765625 0.578125 0.0703125 0.09791666666666667
4 0.8625 0.6270833333333333 0.1 0.11666666666666667
4 0.703125 0.6395833333333333 0.096875 0.14166666666666666
4 0.559375 0.6552083333333333 0.096875 0.11875
4 0.134375 0.65625 0.103125 0.125
4 0.259375 0.7072916666666667 0.09375 0.12708333333333333
4 0.61484375 0.8520833333333333 0.1390625 0.22083333333333333