2 0.5484375 0.3625 0.0625 0.0875
8 0.6625 0.3875 0.1 0.1125
4 0.48125 0.3927083333333333 0.0375 0.04375
4 0.490625 0.4354166666666667 0.05 0.0625
2 0.58515625 0.4354166666666667 0.0828125 0.15833333333333333
4 0.509375 0.45208333333333334 0.04375 0.0375
4 0.71640625 0.490625 0.0359375 0.06458333333333334
8 0.65546875 0.5 0.1234375 0.22916666666666666
4 0.51484375 0.50625 0.0640625 0.0875
4 0.7609375 0.5260416666666666 0.065625 0.07291666666666667
4 0.5515625 0.5729166666666666 0.096875 0.12083333333333333
4 0.79765625 0.578125 0.0703125 0.09791666666666667
4 0.29140625 0.6260416666666667 0.0859375 0.12291666666666666
4 0.88515625 0.6447916666666667 0.1171875 0.15208333333333332
4 0.7453125 0.6895833333333333 0.115625 0.15
4 0.5765625 0.7083333333333334 0.10625 0.15
4 0.97421875 0.8114583333333333 0.0515625 0.16875
4 0.04609375 0.8177083333333334 0.0921875 0.14791666666666667