4 0.38671875 0.35208333333333336 0.0296875 0.041666666666666664
4 0.52265625 0.3614583333333333 0.0296875 0.04375
8 0.31484375 0.3625 0.0609375 0.09166666666666666
4 0.471875 0.37083333333333335 0.034375 0.05416666666666667
9 0.29453125 0.38645833333333335 0.0546875 0.08958333333333333
4 0.3640625 0.4197916666666667 0.04375 0.05625
4 0.57578125 0.42083333333333334 0.0453125 0.0625
10 0.64453125 0.4895833333333333 0.0953125 0.17083333333333334
4 0.33046875 0.4947916666666667 0.0609375 0.08125
9 0.0484375 0.571875 0.096875 0.17291666666666666
4 0.559375 0.6260416666666667 0.078125 0.11875
11 0.11328125 0.678125 0.2265625 0.40208333333333335