9 0.3 0.3260416666666667 0.04375 0.04791666666666667
8 0.34453125 0.32916666666666666 0.0484375 0.07083333333333333
10 0.52421875 0.34270833333333334 0.0390625 0.07291666666666667
4 0.47265625 0.346875 0.0296875 0.03958333333333333
4 0.38515625 0.35 0.0328125 0.041666666666666664
10 0.5765625 0.35833333333333334 0.04375 0.07083333333333333
8 0.25078125 0.36770833333333336 0.0828125 0.08541666666666667
4 0.36796875 0.38645833333333335 0.0390625 0.04791666666666667
2 0.29609375 0.396875 0.0703125 0.11458333333333333
10 0.2078125 0.4125 0.0625 0.09166666666666666
10 0.33984375 0.475 0.0609375 0.075
4 0.60234375 0.47604166666666664 0.0578125 0.07708333333333334
4 0.5359375 0.48854166666666665 0.05625 0.08958333333333333
4 0.10546875 0.678125 0.1140625 0.15208333333333332
4 0.25859375 0.7739583333333333 0.1140625 0.14791666666666667