4 0.29765625 0.3375 0.0328125 0.04583333333333333
7 0.33984375 0.3385416666666667 0.0296875 0.052083333333333336
4 0.38828125 0.34270833333333334 0.0296875 0.035416666666666666
1 0.6125 0.3625 0.065625 0.10416666666666667
1 0.553125 0.371875 0.059375 0.10208333333333333
0 0.49140625 0.38958333333333334 0.0703125 0.12083333333333333
4 0.72421875 0.4427083333333333 0.0515625 0.05625
4 0.35859375 0.44479166666666664 0.0453125 0.06041666666666667
4 0.665625 0.446875 0.053125 0.08125
7 0.2703125 0.44895833333333335 0.071875 0.08125
7 0.1296875 0.48333333333333334 0.121875 0.15416666666666667
7 0.19765625 0.5645833333333333 0.1078125 0.15833333333333333
4 0.553125 0.6177083333333333 0.084375 0.11041666666666666
4 0.31953125 0.625 0.0828125 0.1
1 0.92421875 0.6895833333333333 0.1515625 0.35833333333333334
7 0.05078125 0.70625 0.1015625 0.225
1 0.8296875 0.7427083333333333 0.30625 0.48541666666666666