4 0.571875 0.353125 0.034375 0.03958333333333333
4 0.52890625 0.36770833333333336 0.0296875 0.03958333333333333
4 0.59140625 0.37916666666666665 0.0390625 0.041666666666666664
4 0.5546875 0.40520833333333334 0.034375 0.04791666666666667
4 0.490625 0.41041666666666665 0.0375 0.05416666666666667
1 0.70859375 0.44375 0.1203125 0.2
4 0.5125 0.465625 0.059375 0.07708333333333334
1 0.6171875 0.478125 0.096875 0.13125
5 0.0546875 0.5447916666666667 0.109375 0.15625
4 0.53984375 0.571875 0.0734375 0.10625
4 0.8859375 0.6822916666666666 0.11875 0.12291666666666666
4 0.58828125 0.7479166666666667 0.1078125 0.17916666666666667
4 0.803125 0.7854166666666667 0.125 0.15416666666666667