5 0.49609375 0.4 0.0359375 0.05
4 0.50390625 0.4510416666666667 0.0421875 0.06041666666666667
4 0.67421875 0.46145833333333336 0.0546875 0.06458333333333334
4 0.61015625 0.484375 0.0546875 0.07291666666666667
4 0.32578125 0.5208333333333334 0.0640625 0.09583333333333334
10 0.775 0.5302083333333333 0.103125 0.16875
4 0.5328125 0.5322916666666667 0.0625 0.09791666666666667
4 0.65 0.5427083333333333 0.06875 0.10208333333333333
9 0.73515625 0.6427083333333333 0.1390625 0.22291666666666668
10 0.9171875 0.696875 0.146875 0.15625
4 0.63828125 0.8333333333333334 0.1390625 0.225