7 0.34375 0.29375 0.028125 0.04583333333333333
4 0.4078125 0.2947916666666667 0.021875 0.03125
4 0.375 0.30416666666666664 0.03125 0.05
1 0.58046875 0.3104166666666667 0.0578125 0.06666666666666667
4 0.3953125 0.33125 0.03125 0.041666666666666664
5 0.521875 0.34791666666666665 0.053125 0.06666666666666667
4 0.4796875 0.3614583333333333 0.034375 0.03125
4 0.48125 0.37916666666666665 0.034375 0.0375
4 0.48671875 0.41041666666666665 0.0421875 0.058333333333333334
1 0.59296875 0.41875 0.1046875 0.18333333333333332
4 0.66015625 0.4395833333333333 0.0484375 0.07083333333333333
0 0.73828125 0.47604166666666664 0.1421875 0.18958333333333333
4 0.5109375 0.5 0.059375 0.08333333333333333
4 0.3171875 0.5041666666666667 0.078125 0.09166666666666666
7 0.05859375 0.5395833333333333 0.1171875 0.15416666666666667
4 0.56328125 0.6385416666666667 0.0984375 0.13541666666666666
5 0.9078125 0.6583333333333333 0.184375 0.2375
4 0.13359375 0.665625 0.1203125 0.16041666666666668
4 0.65390625 0.9 0.1765625 0.2