7 0.2484375 0.3802083333333333 0.053125 0.07291666666666667
10 0.5453125 0.3802083333333333 0.04375 0.06875
9 0.6453125 0.4114583333333333 0.0625 0.10208333333333333
4 0.5 0.428125 0.04375 0.06458333333333334
4 0.36171875 0.428125 0.0421875 0.06041666666666667
4 0.58359375 0.453125 0.0453125 0.05625
1 0.2515625 0.4666666666666667 0.096875 0.15833333333333333
8 0.74375 0.4708333333333333 0.146875 0.1875
9 0.621875 0.49270833333333336 0.08125 0.12291666666666666
4 0.5203125 0.528125 0.05625 0.08541666666666667
9 0.7421875 0.6479166666666667 0.140625 0.2375
4 0.58046875 0.675 0.0953125 0.14583333333333334