1 0.271875 0.35520833333333335 0.06875 0.10625
4 0.3359375 0.365625 0.028125 0.04375
4 0.37890625 0.37604166666666666 0.0328125 0.035416666666666666
1 0.290625 0.4 0.071875 0.10416666666666667
11 0.590625 0.415625 0.084375 0.14791666666666667
4 0.35703125 0.42604166666666665 0.0453125 0.05625
10 0.65078125 0.4270833333333333 0.0515625 0.08333333333333333
2 0.515625 0.4375 0.078125 0.14583333333333334
10 0.70859375 0.475 0.0734375 0.12083333333333333
4 0.325 0.5208333333333334 0.065625 0.075
4 0.19296875 0.5604166666666667 0.0828125 0.09166666666666666
4 0.5625 0.571875 0.08125 0.12291666666666666
4 0.23671875 0.8239583333333333 0.1296875 0.16041666666666668