1 0.2875 0.409375 0.090625 0.13541666666666666
4 0.5 0.45 0.0375 0.06666666666666667
4 0.34296875 0.4822916666666667 0.0609375 0.07708333333333334
4 0.509375 0.5197916666666667 0.065625 0.08958333333333333
1 0.85859375 0.521875 0.2171875 0.21458333333333332
1 0.65703125 0.528125 0.1046875 0.18125
4 0.5359375 0.584375 0.065625 0.13125
4 0.5484375 0.659375 0.090625 0.13958333333333334
4 0.27265625 0.6979166666666666 0.1203125 0.16666666666666666
1 0.85078125 0.7479166666666667 0.2265625 0.42916666666666664
4 0.68984375 0.7791666666666667 0.1546875 0.24166666666666667
1 0.91640625 0.8291666666666667 0.1671875 0.3416666666666667
4 0.58125 0.9104166666666667 0.134375 0.17916666666666667