1 0.68125 0.4270833333333333 0.071875 0.12083333333333333
0 0.271875 0.42916666666666664 0.1125 0.14583333333333334
7 0.5 0.4510416666666667 0.059375 0.08125
1 0.60546875 0.47291666666666665 0.0671875 0.125
4 0.33359375 0.5125 0.0671875 0.07916666666666666
1 0.83515625 0.5239583333333333 0.1984375 0.22708333333333333
4 0.51015625 0.525 0.0734375 0.10833333333333334
1 0.64765625 0.5260416666666666 0.0828125 0.16458333333333333
4 0.53203125 0.58125 0.0765625 0.1125
1 0.73984375 0.6229166666666667 0.0765625 0.1375
4 0.5515625 0.6510416666666666 0.09375 0.14791666666666667
1 0.84140625 0.690625 0.2171875 0.31875
4 0.2640625 0.7458333333333333 0.14375 0.1875
4 0.67890625 0.753125 0.1328125 0.21875
1 0.9125 0.8291666666666667 0.175 0.3416666666666667
0 0.60390625 0.9145833333333333 0.1484375 0.17083333333333334