4 0.48515625 0.4010416666666667 0.0328125 0.04791666666666667
9 0.57578125 0.41041666666666665 0.0546875 0.09166666666666666
4 0.34375 0.44895833333333335 0.04375 0.052083333333333336
4 0.6640625 0.453125 0.05625 0.06875
5 0.1203125 0.4625 0.140625 0.1875
4 0.5234375 0.475 0.05 0.07916666666666666
4 0.55390625 0.5989583333333334 0.0734375 0.10625
4 0.82578125 0.6072916666666667 0.0953125 0.10625
4 0.70390625 0.628125 0.0890625 0.12291666666666666
4 0.29140625 0.6333333333333333 0.0890625 0.11666666666666667
4 0.8125 0.78125 0.1375 0.19583333333333333
4 0.6421875 0.8802083333333334 0.140625 0.23958333333333334