4 0.3984375 0.30625 0.03125 0.041666666666666664
4 0.38984375 0.33958333333333335 0.0296875 0.04583333333333333
4 0.4796875 0.36041666666666666 0.025 0.041666666666666664
7 0.5578125 0.38645833333333335 0.04375 0.07708333333333334
4 0.37421875 0.40208333333333335 0.0734375 0.09166666666666666
4 0.4890625 0.4041666666666667 0.0375 0.0375
4 0.4953125 0.4552083333333333 0.040625 0.05625
7 0.24765625 0.471875 0.1046875 0.12291666666666666
4 0.5171875 0.5083333333333333 0.053125 0.0875
1 0.68671875 0.5447916666666667 0.1859375 0.27708333333333335
4 0.56015625 0.628125 0.0984375 0.13958333333333334
4 0.9140625 0.6989583333333333 0.115625 0.14791666666666667
4 0.203125 0.8291666666666667 0.184375 0.14583333333333334
4 0.659375 0.859375 0.153125 0.23541666666666666