7 0.31796875 0.3229166666666667 0.0328125 0.04583333333333333
4 0.38828125 0.34375 0.0203125 0.025
1 0.5984375 0.3458333333333333 0.059375 0.10416666666666667
1 0.54609375 0.35833333333333334 0.0640625 0.10833333333333334
7 0.265625 0.37083333333333335 0.04375 0.058333333333333334
7 0.31484375 0.371875 0.0359375 0.06041666666666667
0 0.48671875 0.37395833333333334 0.0578125 0.09791666666666667
4 0.37109375 0.38645833333333335 0.0359375 0.04791666666666667
4 0.665625 0.38958333333333334 0.034375 0.041666666666666664
4 0.52109375 0.50625 0.0609375 0.07916666666666666
1 0.68046875 0.553125 0.1640625 0.27708333333333335
1 0.83671875 0.5708333333333333 0.2015625 0.25416666666666665
4 0.30625 0.6322916666666667 0.084375 0.09791666666666667
7 0.12890625 0.6458333333333334 0.1484375 0.175