5 0.334375 0.35520833333333335 0.0375 0.04791666666666667
9 0.2546875 0.359375 0.071875 0.08958333333333333
4 0.38203125 0.378125 0.0359375 0.03958333333333333
4 0.4859375 0.38645833333333335 0.034375 0.04791666666666667
4 0.31875 0.39166666666666666 0.0375 0.041666666666666664
8 0.6375 0.39479166666666665 0.071875 0.13541666666666666
11 0.57734375 0.41458333333333336 0.0921875 0.14583333333333334
4 0.49765625 0.4270833333333333 0.0390625 0.0625
9 0.27265625 0.43645833333333334 0.0671875 0.12291666666666666
4 0.3390625 0.4979166666666667 0.065625 0.07083333333333333
1 0.084375 0.5333333333333333 0.16875 0.2916666666666667
4 0.5328125 0.571875 0.075 0.10208333333333333
4 0.1921875 0.5739583333333333 0.08125 0.10208333333333333
8 0.76171875 0.6020833333333333 0.2078125 0.3333333333333333
4 0.29609375 0.634375 0.0921875 0.11458333333333333