4 0.3734375 0.30416666666666664 0.03125 0.029166666666666667
7 0.3203125 0.3104166666666667 0.046875 0.06666666666666667
4 0.3984375 0.32083333333333336 0.040625 0.05
4 0.38671875 0.34791666666666665 0.0515625 0.06666666666666667
1 0.54296875 0.3729166666666667 0.0828125 0.1125
4 0.67734375 0.4395833333333333 0.0515625 0.075
4 0.35703125 0.4479166666666667 0.0609375 0.07083333333333333
4 0.503125 0.46979166666666666 0.05 0.07708333333333334
7 0.615625 0.4739583333333333 0.090625 0.14375
4 0.734375 0.49895833333333334 0.075 0.10208333333333333
4 0.5375 0.5510416666666667 0.071875 0.10625
4 0.6828125 0.59375 0.115625 0.15
4 0.9125 0.6135416666666667 0.090625 0.12708333333333333
4 0.57265625 0.6604166666666667 0.1140625 0.16666666666666666
1 0.925 0.7208333333333333 0.15 0.30416666666666664
4 0.63125 0.8958333333333334 0.1625 0.20833333333333334