4 0.47578125 0.3572916666666667 0.0359375 0.03125
2 0.54375 0.3697916666666667 0.05625 0.08958333333333333
4 0.4796875 0.38333333333333336 0.03125 0.0375
8 0.66015625 0.396875 0.0953125 0.11875
4 0.49296875 0.40729166666666666 0.0390625 0.03125
4 0.54609375 0.4197916666666667 0.0234375 0.052083333333333336
2 0.59453125 0.440625 0.0953125 0.16458333333333333
4 0.49921875 0.4479166666666667 0.0515625 0.05416666666666667
4 0.51328125 0.4864583333333333 0.0609375 0.06041666666666667
2 0.1078125 0.49583333333333335 0.15625 0.18333333333333332
4 0.3375 0.509375 0.05625 0.06875
4 0.52421875 0.5302083333333333 0.0671875 0.08125
8 0.7203125 0.5677083333333334 0.165625 0.28541666666666665
4 0.8015625 0.5677083333333334 0.071875 0.11458333333333333
4 0.5484375 0.6010416666666667 0.084375 0.11875
4 0.9046875 0.6822916666666666 0.1125 0.13541666666666666
4 0.62890625 0.8145833333333333 0.1453125 0.24166666666666667