7 0.36640625 0.30104166666666665 0.0359375 0.06458333333333334
4 0.40234375 0.3104166666666667 0.0234375 0.029166666666666667
4 0.3203125 0.328125 0.028125 0.03125
1 0.53125 0.346875 0.05 0.07291666666666667
4 0.4703125 0.35208333333333336 0.028125 0.016666666666666666
4 0.48046875 0.3697916666666667 0.0359375 0.022916666666666665
4 0.596875 0.37083333333333335 0.034375 0.05416666666666667
1 0.55546875 0.384375 0.0484375 0.08958333333333333
7 0.309375 0.3854166666666667 0.065625 0.07083333333333333
1 0.6421875 0.390625 0.084375 0.08958333333333333
4 0.4984375 0.4010416666666667 0.04375 0.04375
4 0.56875 0.41354166666666664 0.0375 0.03958333333333333
4 0.590625 0.4395833333333333 0.0375 0.04583333333333333
4 0.509375 0.4427083333333333 0.0375 0.03125
4 0.5171875 0.4739583333333333 0.059375 0.04791666666666667
1 0.81171875 0.484375 0.2140625 0.21041666666666667
7 0.61484375 0.503125 0.0515625 0.13541666666666666
4 0.528125 0.5125 0.05625 0.05
7 0.6703125 0.5416666666666666 0.1125 0.175
4 0.55625 0.565625 0.071875 0.10208333333333333
7 0.034375 0.5791666666666667 0.0625 0.12916666666666668
7 0.5390625 0.625 0.08125 0.14166666666666666
7 0.753125 0.6614583333333334 0.0625 0.16458333333333333
1 0.88046875 0.7104166666666667 0.2015625 0.29583333333333334
4 0.5828125 0.7229166666666667 0.109375 0.15
4 0.0875 0.7395833333333334 0.11875 0.17916666666666667
4 0.61953125 0.8864583333333333 0.1484375 0.22708333333333333