6 0.3296875 0.3614583333333333 0.04375 0.06041666666666667
8 0.634375 0.3854166666666667 0.065625 0.1
10 0.5421875 0.390625 0.028125 0.07291666666666667
4 0.3671875 0.40208333333333335 0.040625 0.05
4 0.68046875 0.40208333333333335 0.0390625 0.0625
4 0.4921875 0.41354166666666664 0.034375 0.04375
9 0.58515625 0.41875 0.0609375 0.125
4 0.50390625 0.45416666666666666 0.0484375 0.06666666666666667
9 0.63125 0.49166666666666664 0.090625 0.15
11 0.78671875 0.5625 0.1859375 0.17083333333333334
4 0.55234375 0.5864583333333333 0.0734375 0.10625
4 0.7234375 0.7416666666666667 0.128125 0.17916666666666667