9 0.55703125 0.37083333333333335 0.0515625 0.0875
9 0.31328125 0.3802083333333333 0.0453125 0.07291666666666667
4 0.3734375 0.396875 0.04375 0.04375
4 0.49296875 0.41354166666666664 0.0359375 0.04375
9 0.57265625 0.41458333333333336 0.0296875 0.07083333333333333
1 0.1890625 0.41875 0.11875 0.16666666666666666
4 0.28203125 0.43645833333333334 0.0484375 0.05625
4 0.3515625 0.44895833333333335 0.040625 0.05625
8 0.71875 0.459375 0.1 0.18125
4 0.50390625 0.46979166666666666 0.0515625 0.08125
11 0.6453125 0.48854166666666665 0.153125 0.23958333333333334
7 0.18828125 0.5270833333333333 0.0765625 0.08333333333333333
4 0.53984375 0.5625 0.0703125 0.10416666666666667
6 0.28984375 0.6604166666666667 0.1296875 0.18333333333333332
4 0.121875 0.6802083333333333 0.1125 0.10625