1 0.271875 0.35520833333333335 0.06875 0.10625
4 0.3359375 0.365625 0.028125 0.04375
4 0.37890625 0.37604166666666666 0.0328125 0.035416666666666666
1 0.290625 0.4 0.071875 0.10416666666666667
11 0.5984375 0.42291666666666666 0.09375 0.15833333333333333
4 0.35703125 0.42604166666666665 0.0453125 0.05625
10 0.65546875 0.43333333333333335 0.0515625 0.08333333333333333
2 0.51875 0.446875 0.08125 0.15625
10 0.71640625 0.48333333333333334 0.0734375 0.12083333333333333
4 0.3296875 0.5083333333333333 0.0625 0.075
4 0.20546875 0.5447916666666667 0.0796875 0.08541666666666667
4 0.56953125 0.5979166666666667 0.0859375 0.1375
7 0.03515625 0.603125 0.0703125 0.18125
4 0.253125 0.7666666666666667 0.121875 0.15416666666666667
7 0.04375 0.8541666666666666 0.0875 0.17916666666666667