9 0.265625 0.3645833333333333 0.040625 0.058333333333333334
4 0.3859375 0.375 0.03125 0.041666666666666664
9 0.23828125 0.390625 0.0484375 0.06875
4 0.66640625 0.396875 0.0390625 0.04375
4 0.6171875 0.4083333333333333 0.040625 0.05
4 0.565625 0.41041666666666665 0.040625 0.0625
9 0.24609375 0.45 0.0734375 0.10833333333333334
4 0.66953125 0.4510416666666667 0.0578125 0.07291666666666667
4 0.353125 0.46875 0.05 0.0625
4 0.15859375 0.475 0.0578125 0.08333333333333333
4 0.515625 0.5072916666666667 0.059375 0.08958333333333333
9 0.2109375 0.509375 0.0875 0.14791666666666667
4 0.31640625 0.578125 0.0671875 0.08125
4 0.65703125 0.5791666666666667 0.0765625 0.09166666666666666
8 0.83125 0.5958333333333333 0.196875 0.2
4 0.5625 0.6302083333333334 0.0875 0.11875
4 0.04921875 0.6583333333333333 0.0984375 0.12916666666666668
4 0.26875 0.709375 0.109375 0.13125
4 0.8078125 0.771875 0.128125 0.15208333333333332