7 0.31796875 0.365625 0.0578125 0.08541666666666667
4 0.38515625 0.38229166666666664 0.0359375 0.04791666666666667
4 0.478125 0.384375 0.040625 0.04791666666666667
1 0.56171875 0.3927083333333333 0.0828125 0.12708333333333333
4 0.3640625 0.4197916666666667 0.05 0.05625
7 0.24765625 0.43020833333333336 0.0640625 0.09791666666666667
1 0.675 0.43125 0.09375 0.14583333333333334
4 0.51171875 0.484375 0.0546875 0.08958333333333333
4 0.3265625 0.5260416666666666 0.0625 0.07291666666666667
4 0.6375 0.5260416666666666 0.0625 0.11041666666666666
4 0.14140625 0.6145833333333334 0.1046875 0.10416666666666667
0 0.79140625 0.6625 0.2640625 0.35833333333333334
4 0.621875 0.6958333333333333 0.125 0.17083333333333334
4 0.96015625 0.7510416666666667 0.0796875 0.15208333333333332