9 0.5453125 0.35833333333333334 0.04375 0.08333333333333333
9 0.30546875 0.384375 0.0453125 0.07291666666666667
4 0.484375 0.39375 0.034375 0.041666666666666664
4 0.3671875 0.421875 0.04375 0.04375
8 0.68515625 0.4270833333333333 0.0828125 0.15
1 0.1625 0.42916666666666664 0.13125 0.17916666666666667
4 0.49609375 0.43645833333333334 0.0421875 0.06041666666666667
11 0.62421875 0.45416666666666666 0.1265625 0.175
4 0.26328125 0.459375 0.0484375 0.05625
4 0.3421875 0.4822916666666667 0.053125 0.06875
4 0.52109375 0.5020833333333333 0.0578125 0.08333333333333333
7 0.1453125 0.5770833333333333 0.090625 0.10416666666666667
4 0.61171875 0.8364583333333333 0.1234375 0.20208333333333334
6 0.22578125 0.8416666666666667 0.1671875 0.25
4 0.04765625 0.8416666666666667 0.0953125 0.14166666666666666