4 0.38046875 0.3572916666666667 0.0359375 0.04375
9 0.53828125 0.36354166666666665 0.0453125 0.07291666666666667
4 0.27421875 0.37604166666666666 0.0390625 0.04375
8 0.6390625 0.384375 0.065625 0.10208333333333333
4 0.49765625 0.40520833333333334 0.0390625 0.04791666666666667
4 0.696875 0.40729166666666666 0.05 0.05625
2 0.5875 0.4083333333333333 0.078125 0.125
4 0.34375 0.459375 0.05 0.06458333333333334
4 0.51953125 0.4895833333333333 0.0546875 0.07083333333333333
8 0.7625 0.49270833333333336 0.134375 0.15208333333333332
10 0.64609375 0.5302083333333333 0.0765625 0.13541666666666666
4 0.54921875 0.5927083333333333 0.0734375 0.09791666666666667
9 0.75 0.6395833333333333 0.1625 0.3
4 0.64453125 0.8708333333333333 0.1421875 0.22916666666666666