10 0.521875 0.33645833333333336 0.034375 0.06041666666666667
9 0.29375 0.3375 0.05625 0.07083333333333333
11 0.34140625 0.3385416666666667 0.0546875 0.08541666666666667
10 0.57265625 0.35520833333333335 0.0359375 0.06458333333333334
4 0.38359375 0.3614583333333333 0.0359375 0.04791666666666667
11 0.24453125 0.371875 0.0828125 0.08541666666666667
4 0.36328125 0.39895833333333336 0.0359375 0.04791666666666667
2 0.2890625 0.403125 0.08125 0.11875
10 0.19609375 0.4239583333333333 0.0671875 0.08958333333333333
4 0.58671875 0.45729166666666665 0.0484375 0.06458333333333334
4 0.52734375 0.46770833333333334 0.0484375 0.07708333333333334
10 0.33046875 0.5052083333333334 0.0671875 0.09375
7 0.0625 0.74375 0.125 0.175
4 0.2234375 0.890625 0.1375 0.18541666666666667