5 0.39296875 0.33229166666666665 0.0265625 0.03125
7 0.61640625 0.396875 0.0390625 0.06458333333333334
1 0.5703125 0.40208333333333335 0.071875 0.11666666666666667
4 0.365625 0.403125 0.040625 0.03958333333333333
7 0.215625 0.4197916666666667 0.059375 0.07291666666666667
7 0.6578125 0.43645833333333334 0.05625 0.07291666666666667
4 0.4984375 0.44375 0.040625 0.058333333333333334
4 0.71953125 0.5072916666666667 0.0671875 0.08125
4 0.6203125 0.5135416666666667 0.0625 0.07708333333333334
4 0.5546875 0.5739583333333333 0.075 0.08958333333333333
7 0.834375 0.590625 0.125 0.18541666666666667
4 0.59765625 0.7583333333333333 0.1140625 0.15
4 0.81953125 0.8052083333333333 0.1515625 0.19791666666666666