1 0.23984375 0.3802083333333333 0.0828125 0.13125
9 0.578125 0.39895833333333336 0.053125 0.10208333333333333
4 0.37109375 0.4 0.0359375 0.05
4 0.3125 0.4010416666666667 0.0375 0.04791666666666667
4 0.621875 0.40729166666666666 0.034375 0.06041666666666667
3 0.48984375 0.409375 0.0390625 0.05625
10 0.6796875 0.425 0.053125 0.04583333333333333
7 0.2515625 0.4510416666666667 0.05625 0.07291666666666667
9 0.61328125 0.46145833333333336 0.0546875 0.06875
4 0.50546875 0.46770833333333334 0.0453125 0.06041666666666667
4 0.33203125 0.5083333333333333 0.0640625 0.10416666666666667
8 0.78359375 0.5177083333333333 0.1234375 0.23958333333333334
4 0.2109375 0.546875 0.065625 0.07708333333333334
4 0.53046875 0.565625 0.0703125 0.11041666666666666
11 0.71796875 0.596875 0.2234375 0.29791666666666666
4 0.59921875 0.7291666666666666 0.1078125 0.17083333333333334
4 0.2640625 0.825 0.13125 0.15
4 0.0484375 0.896875 0.096875 0.16875