2 0.61328125 0.37916666666666665 0.0703125 0.10416666666666667
9 0.56328125 0.39479166666666665 0.0578125 0.11041666666666666
4 0.490625 0.40208333333333335 0.0375 0.04583333333333333
2 0.69140625 0.446875 0.1140625 0.17291666666666666
4 0.503125 0.45625 0.053125 0.075
4 0.60234375 0.471875 0.0578125 0.07291666666666667
4 0.80625 0.5052083333333334 0.078125 0.08125
4 0.32734375 0.5072916666666667 0.0640625 0.08958333333333333
4 0.5296875 0.521875 0.0625 0.08958333333333333
4 0.63984375 0.5260416666666666 0.0796875 0.10208333333333333
10 0.72578125 0.609375 0.1171875 0.21458333333333332
4 0.58359375 0.6208333333333333 0.0921875 0.14583333333333334
4 0.82578125 0.8322916666666667 0.1640625 0.21041666666666667