1 0.57265625 0.3104166666666667 0.0578125 0.06666666666666667
7 0.315625 0.3125 0.03125 0.05
4 0.3625 0.32083333333333336 0.028125 0.04583333333333333
5 0.515625 0.33958333333333335 0.053125 0.06666666666666667
4 0.475 0.34270833333333334 0.034375 0.03125
4 0.4734375 0.36875 0.034375 0.0375
4 0.3703125 0.3854166666666667 0.04375 0.05416666666666667
4 0.48125 0.3885416666666667 0.040625 0.05625
1 0.571875 0.39375 0.09375 0.1625
4 0.62890625 0.42291666666666666 0.0484375 0.07083333333333333
0 0.690625 0.428125 0.1 0.16875
4 0.4984375 0.4510416666666667 0.05 0.06875
4 0.53125 0.5354166666666667 0.08125 0.10833333333333334
5 0.8375 0.5770833333333333 0.16875 0.20416666666666666
4 0.57890625 0.6770833333333334 0.1109375 0.14166666666666666
4 0.76953125 0.715625 0.1203125 0.15208333333333332
4 0.13046875 0.96875 0.1796875 0.0625
4 0.6765625 0.9822916666666667 0.115625 0.035416666666666666