2 0.61875 0.38645833333333335 0.071875 0.10625
9 0.57265625 0.4083333333333333 0.0640625 0.1125
4 0.4953125 0.4166666666666667 0.040625 0.05
4 0.346875 0.45 0.053125 0.0625
2 0.7125 0.4666666666666667 0.128125 0.18333333333333332
4 0.51015625 0.47604166666666664 0.0546875 0.07708333333333334
4 0.61875 0.5 0.0625 0.08333333333333333
4 0.53984375 0.55625 0.0703125 0.10416666666666667
4 0.86953125 0.5583333333333333 0.0953125 0.10416666666666667
4 0.66484375 0.565625 0.0796875 0.10208333333333333
10 0.7796875 0.678125 0.140625 0.24791666666666667
4 0.6109375 0.6854166666666667 0.109375 0.1625
5 0.1296875 0.75 0.13125 0.14166666666666666