7 0.6078125 0.378125 0.040625 0.09791666666666667
4 0.48828125 0.3958333333333333 0.0359375 0.05
8 0.68125 0.4270833333333333 0.109375 0.1625
9 0.5796875 0.43854166666666666 0.053125 0.09375
4 0.5046875 0.46041666666666664 0.04375 0.0625
9 0.64140625 0.50625 0.0828125 0.14583333333333334
4 0.5265625 0.5270833333333333 0.0625 0.09583333333333334
9 0.06484375 0.5302083333333333 0.1234375 0.15625
8 0.89609375 0.5947916666666667 0.2078125 0.22708333333333333
4 0.615625 0.74375 0.115625 0.175
4 0.253125 0.78125 0.11875 0.12916666666666668