4 0.4875 0.40729166666666666 0.0375 0.04791666666666667
9 0.58359375 0.41875 0.0609375 0.10416666666666667
4 0.353125 0.42083333333333334 0.040625 0.04583333333333333
5 0.1453125 0.44166666666666665 0.125 0.17083333333333334
4 0.67890625 0.46979166666666666 0.0578125 0.07291666666666667
4 0.52421875 0.48333333333333334 0.0515625 0.07916666666666666
4 0.31640625 0.5604166666666667 0.0703125 0.1
4 0.56640625 0.6354166666666666 0.0828125 0.1125
4 0.86484375 0.6447916666666667 0.1046875 0.12291666666666666
4 0.72578125 0.65625 0.0984375 0.12916666666666668
4 0.85546875 0.8447916666666667 0.1578125 0.23125