7 0.90546875 0.35208333333333336 0.0015625 0.004166666666666667
1 0.61484375 0.378125 0.0546875 0.08125
7 0.55625 0.37916666666666665 0.05625 0.08333333333333333
4 0.48359375 0.3802083333333333 0.0421875 0.03125
4 0.24453125 0.40625 0.0484375 0.07083333333333333
4 0.56875 0.41875 0.034375 0.04583333333333333
7 0.68125 0.4239583333333333 0.0625 0.09375
4 0.3546875 0.4270833333333333 0.05 0.0625
4 0.50078125 0.43645833333333334 0.0578125 0.04791666666666667
4 0.590625 0.43854166666666666 0.0375 0.03958333333333333
4 0.26171875 0.471875 0.0671875 0.06041666666666667
4 0.50625 0.475 0.06875 0.06666666666666667
7 0.75546875 0.48854166666666665 0.1109375 0.14791666666666667
4 0.34375 0.5 0.065625 0.075
4 0.528125 0.515625 0.084375 0.052083333333333336
7 0.66953125 0.5395833333333333 0.0859375 0.18333333333333332
7 0.5984375 0.5802083333333333 0.003125 0.0020833333333333333
7 0.5296875 0.6 0.096875 0.15
7 0.73203125 0.6322916666666667 0.0546875 0.13958333333333334
4 0.5796875 0.7083333333333334 0.1125 0.125
4 0.70078125 0.7177083333333333 0.0015625 0.0020833333333333333
7 0.72734375 0.771875 0.0015625 0.00625
4 0.60390625 0.846875 0.1609375 0.18958333333333333
4 0.64453125 0.95 0.1578125 0.1