11 0.325 0.359375 0.059375 0.08541666666666667
9 0.2625 0.36041666666666666 0.05625 0.07083333333333333
4 0.5359375 0.38333333333333336 0.034375 0.04583333333333333
4 0.49765625 0.40208333333333335 0.0390625 0.058333333333333334
11 0.20859375 0.40520833333333334 0.0984375 0.09375
4 0.36875 0.40729166666666666 0.0375 0.05625
4 0.334375 0.49166666666666664 0.059375 0.07083333333333333
2 0.22265625 0.4947916666666667 0.1234375 0.18541666666666667
7 0.0921875 0.5135416666666667 0.103125 0.14375
4 0.70234375 0.7302083333333333 0.1171875 0.17291666666666666
7 0.22109375 0.8177083333333334 0.1515625 0.20625