2 0.546875 0.365625 0.0625 0.08958333333333333
4 0.48515625 0.396875 0.0328125 0.04375
4 0.5609375 0.4239583333333333 0.046875 0.04375
4 0.34921875 0.43333333333333335 0.0484375 0.058333333333333334
4 0.49765625 0.434375 0.0515625 0.05625
4 0.584375 0.46770833333333334 0.059375 0.06875
4 0.5109375 0.5041666666666667 0.0625 0.08333333333333333
4 0.778125 0.5552083333333333 0.059375 0.09791666666666667
2 0.69921875 0.5697916666666667 0.1859375 0.29791666666666666
4 0.55859375 0.6260416666666667 0.0953125 0.13541666666666666
4 0.609375 0.8364583333333333 0.134375 0.17708333333333334