7 0.315625 0.3177083333333333 0.034375 0.05625
4 0.38046875 0.35520833333333335 0.0265625 0.03958333333333333
4 0.61171875 0.36354166666666665 0.0703125 0.11041666666666666
7 0.55234375 0.3875 0.0515625 0.09166666666666666
1 0.284375 0.4 0.084375 0.14166666666666666
4 0.49375 0.40208333333333335 0.0375 0.05
4 0.37265625 0.415625 0.0421875 0.06458333333333334
4 0.571875 0.4239583333333333 0.034375 0.052083333333333336
4 0.59453125 0.45208333333333334 0.0453125 0.075
1 0.72734375 0.46041666666666664 0.1328125 0.22916666666666666
4 0.5046875 0.46458333333333335 0.046875 0.06666666666666667
4 0.34296875 0.48541666666666666 0.0640625 0.075
4 0.51640625 0.4979166666666667 0.0609375 0.08333333333333333
7 0.6234375 0.5114583333333333 0.071875 0.13125
4 0.53203125 0.53125 0.0578125 0.0875
7 0.6703125 0.54375 0.109375 0.20833333333333334
7 0.8375 0.5770833333333333 0.140625 0.21666666666666667
4 0.04375 0.6291666666666667 0.0875 0.10833333333333334
7 0.53828125 0.6354166666666666 0.0890625 0.16666666666666666
4 0.58046875 0.7395833333333334 0.1078125 0.17083333333333334
1 0.8578125 0.7541666666666667 0.225 0.42916666666666664
4 0.61328125 0.8635416666666667 0.1421875 0.22291666666666668
4 0.6421875 0.9489583333333333 0.15 0.10208333333333333