5 0.38125 0.36875 0.034375 0.041666666666666664
5 0.325 0.37083333333333335 0.0375 0.04583333333333333
5 0.28046875 0.37604166666666666 0.0390625 0.04791666666666667
5 0.49609375 0.39791666666666664 0.0359375 0.04583333333333333
4 0.50390625 0.4510416666666667 0.0421875 0.06041666666666667
4 0.66484375 0.453125 0.0546875 0.06458333333333334
4 0.60546875 0.478125 0.0546875 0.07291666666666667
10 0.76171875 0.5166666666666667 0.0953125 0.15833333333333333
4 0.528125 0.5239583333333333 0.0625 0.09791666666666667
4 0.6453125 0.534375 0.06875 0.10208333333333333
4 0.31875 0.5458333333333333 0.06875 0.1
9 0.72109375 0.6291666666666667 0.1328125 0.2125
10 0.890625 0.675 0.140625 0.15
4 0.62265625 0.7916666666666666 0.1265625 0.2