4 0.36953125 0.38125 0.0328125 0.058333333333333334
4 0.4765625 0.3885416666666667 0.04375 0.052083333333333336
4 0.48984375 0.4239583333333333 0.0546875 0.052083333333333336
1 0.60390625 0.4239583333333333 0.0671875 0.09791666666666667
1 0.72109375 0.43333333333333335 0.1359375 0.15
4 0.54296875 0.4375 0.0703125 0.07916666666666666
4 0.353125 0.44166666666666665 0.059375 0.07083333333333333
4 0.5015625 0.48020833333333335 0.053125 0.08541666666666667
1 0.16953125 0.5052083333333334 0.1546875 0.24791666666666667
7 0.65078125 0.515625 0.0546875 0.11041666666666666
4 0.878125 0.5364583333333334 0.1 0.08125
4 0.5234375 0.54375 0.065625 0.10833333333333334
1 0.721875 0.5510416666666667 0.134375 0.21875
4 0.56171875 0.6260416666666667 0.0921875 0.13958333333333334
4 0.58984375 0.7583333333333333 0.1296875 0.19166666666666668
1 0.88203125 0.79375 0.2359375 0.4125