8 0.59296875 0.34270833333333334 0.0484375 0.07708333333333334
11 0.540625 0.35833333333333334 0.059375 0.09583333333333334
9 0.203125 0.39895833333333336 0.084375 0.11458333333333333
5 0.30078125 0.40208333333333335 0.0671875 0.07083333333333333
4 0.49140625 0.4322916666666667 0.0390625 0.06458333333333334
4 0.3546875 0.45416666666666666 0.046875 0.05416666666666667
4 0.271875 0.4625 0.059375 0.07083333333333333
8 0.62890625 0.46458333333333335 0.1078125 0.1875
4 0.18359375 0.48125 0.0640625 0.05416666666666667
8 0.803125 0.5489583333333333 0.146875 0.16041666666666668
4 0.54765625 0.5916666666666667 0.0734375 0.1125
9 0.746875 0.6020833333333333 0.1375 0.24583333333333332
9 0.15390625 0.603125 0.1296875 0.20208333333333334
4 0.225 0.8947916666666667 0.15625 0.20208333333333334