10 0.53359375 0.3802083333333333 0.0328125 0.06458333333333334
8 0.62109375 0.38125 0.0640625 0.1
4 0.48828125 0.39791666666666664 0.0390625 0.04583333333333333
9 0.56484375 0.40208333333333335 0.0609375 0.11666666666666667
6 0.296875 0.403125 0.053125 0.07291666666666667
4 0.49453125 0.43125 0.0484375 0.058333333333333334
9 0.60234375 0.46145833333333336 0.0703125 0.13125
4 0.525 0.5166666666666667 0.059375 0.08333333333333333
11 0.734375 0.5166666666666667 0.15625 0.15
4 0.321875 0.5333333333333333 0.065625 0.0875
4 0.62578125 0.6104166666666667 0.0921875 0.1375
3 0.6109375 0.76875 0.1375 0.275