4 0.46796875 0.32708333333333334 0.0234375 0.025
4 0.50703125 0.3302083333333333 0.0296875 0.03125
1 0.625 0.3729166666666667 0.071875 0.125
1 0.56015625 0.38333333333333336 0.0671875 0.10416666666666667
4 0.36953125 0.39791666666666664 0.0421875 0.041666666666666664
7 0.3015625 0.40625 0.05625 0.0625
0 0.50078125 0.4083333333333333 0.0765625 0.125
0 0.18203125 0.434375 0.0921875 0.11875
7 0.2546875 0.46875 0.06875 0.10416666666666667
4 0.690625 0.475 0.065625 0.0875
4 0.35 0.5020833333333333 0.05625 0.0625
7 0.809375 0.5479166666666667 0.1125 0.14166666666666666
7 0.16171875 0.5510416666666667 0.1203125 0.13541666666666666
4 0.590625 0.7479166666666667 0.1125 0.15
1 0.871875 0.8020833333333334 0.25625 0.3958333333333333
7 0.0484375 0.8270833333333333 0.096875 0.30416666666666664
4 0.19296875 0.93125 0.1671875 0.1375