2 0.54375 0.3697916666666667 0.05625 0.08958333333333333
2 0.2515625 0.3729166666666667 0.06875 0.09583333333333334
4 0.4796875 0.38333333333333336 0.03125 0.0375
4 0.37734375 0.39166666666666666 0.0359375 0.05
8 0.66015625 0.396875 0.0953125 0.11875
4 0.49296875 0.40729166666666666 0.0390625 0.03125
4 0.50078125 0.45208333333333334 0.0515625 0.05416666666666667
2 0.6234375 0.46979166666666666 0.121875 0.18541666666666667
4 0.52265625 0.503125 0.0609375 0.06041666666666667
4 0.53671875 0.571875 0.0671875 0.08125
4 0.8640625 0.603125 0.071875 0.11458333333333333
8 0.78671875 0.6552083333333333 0.2328125 0.38125
4 0.58125 0.7083333333333334 0.10625 0.15833333333333333