7 0.3890625 0.353125 0.034375 0.04791666666666667
7 0.3125 0.35833333333333334 0.04375 0.06666666666666667
4 0.23125 0.396875 0.090625 0.09375
4 0.31015625 0.40520833333333334 0.0453125 0.05625
4 0.37578125 0.40520833333333334 0.0390625 0.05625
1 0.77109375 0.496875 0.1421875 0.16041666666666668
1 0.21015625 0.528125 0.1640625 0.22291666666666668
7 0.66953125 0.55 0.1078125 0.20833333333333334
4 0.33046875 0.5541666666666667 0.0828125 0.10416666666666667
4 0.5171875 0.5708333333333333 0.078125 0.10833333333333334
1 0.92578125 0.575 0.1484375 0.17083333333333334
4 0.553125 0.621875 0.09375 0.11458333333333333
1 0.85546875 0.6854166666666667 0.2265625 0.29583333333333334
4 0.565625 0.7166666666666667 0.1125 0.16666666666666666
1 0.91015625 0.8333333333333334 0.1796875 0.3333333333333333
4 0.72578125 0.8729166666666667 0.1765625 0.25416666666666665
4 0.61875 0.95 0.15 0.1