4 0.3890625 0.35 0.040625 0.041666666666666664
5 0.32421875 0.359375 0.0546875 0.09375
4 0.38046875 0.38229166666666664 0.0484375 0.052083333333333336
4 0.3484375 0.41875 0.059375 0.06666666666666667
4 0.64296875 0.4197916666666667 0.0390625 0.07291666666666667
1 0.70234375 0.44479166666666664 0.1359375 0.16041666666666668
4 0.6109375 0.46875 0.075 0.0875
4 0.5171875 0.5125 0.075 0.09583333333333334
4 0.328125 0.5135416666666667 0.09375 0.12291666666666666
7 0.7640625 0.553125 0.090625 0.10625
4 0.853125 0.5541666666666667 0.1 0.09166666666666666
4 0.540625 0.5677083333333334 0.084375 0.10625
4 0.6828125 0.5947916666666667 0.0875 0.13541666666666666
1 0.94921875 0.6395833333333333 0.1015625 0.30833333333333335
4 0.8578125 0.64375 0.096875 0.125
4 0.14765625 0.6666666666666666 0.1484375 0.18333333333333332
5 0.775 0.721875 0.165625 0.2520833333333333
4 0.621875 0.728125 0.115625 0.19375
4 0.2421875 0.7864583333333334 0.146875 0.23125
7 0.5828125 0.85625 0.171875 0.2875
5 0.91171875 0.8677083333333333 0.1765625 0.26458333333333334