4 0.578125 0.359375 0.034375 0.052083333333333336
4 0.53359375 0.371875 0.0296875 0.03958333333333333
4 0.5984375 0.38333333333333336 0.034375 0.041666666666666664
7 0.6359375 0.3958333333333333 0.04375 0.058333333333333334
4 0.5609375 0.415625 0.0375 0.052083333333333336
4 0.490625 0.41875 0.0375 0.05416666666666667
1 0.7265625 0.459375 0.140625 0.21041666666666667
4 0.515625 0.4739583333333333 0.059375 0.07708333333333334
1 0.62890625 0.484375 0.1078125 0.13958333333333334
5 0.07421875 0.5208333333333334 0.1203125 0.125
4 0.55234375 0.6010416666666667 0.0765625 0.12708333333333333
4 0.91171875 0.7114583333333333 0.1296875 0.12291666666666666
4 0.603125 0.7864583333333334 0.115625 0.19375
4 0.84140625 0.85625 0.1484375 0.1625