8 0.603125 0.3625 0.053125 0.08333333333333333
4 0.2796875 0.37083333333333335 0.0375 0.04583333333333333
9 0.5515625 0.3854166666666667 0.053125 0.10833333333333334
4 0.48828125 0.40625 0.0390625 0.058333333333333334
4 0.3609375 0.4125 0.0375 0.05
9 0.58125 0.43125 0.059375 0.11666666666666667
4 0.50859375 0.46875 0.0515625 0.06666666666666667
11 0.6984375 0.478125 0.121875 0.11041666666666666
6 0.2296875 0.49166666666666664 0.078125 0.11666666666666667
4 0.559375 0.5145833333333333 0.06875 0.08333333333333333
3 0.55546875 0.6177083333333333 0.0921875 0.18541666666666667