4 0.59609375 0.375 0.0390625 0.05
4 0.478125 0.38125 0.034375 0.041666666666666664
4 0.5484375 0.396875 0.040625 0.04791666666666667
5 0.21328125 0.41041666666666665 0.0609375 0.07916666666666666
4 0.62421875 0.41354166666666664 0.0390625 0.052083333333333336
4 0.4953125 0.41875 0.040625 0.04583333333333333
7 0.68046875 0.4427083333333333 0.0671875 0.10208333333333333
4 0.509375 0.4666666666666667 0.046875 0.0625
4 0.6 0.471875 0.05625 0.07291666666666667
1 0.80390625 0.5229166666666667 0.1953125 0.2875
4 0.55859375 0.5916666666666667 0.0859375 0.12083333333333333
1 0.7234375 0.6291666666666667 0.184375 0.25416666666666665
4 0.96171875 0.6385416666666667 0.0765625 0.12291666666666666
4 0.2484375 0.7072916666666667 0.115625 0.13958333333333334
4 0.63828125 0.8302083333333333 0.1359375 0.20208333333333334