2 0.546875 0.365625 0.0625 0.08958333333333333
4 0.48046875 0.39479166666666665 0.0328125 0.04375
4 0.48828125 0.40729166666666666 0.0328125 0.03125
4 0.553125 0.41354166666666664 0.040625 0.04375
4 0.49765625 0.434375 0.0515625 0.05625
4 0.56484375 0.44375 0.0359375 0.058333333333333334
4 0.50859375 0.4791666666666667 0.0515625 0.08333333333333333
2 0.65703125 0.521875 0.1390625 0.24375
4 0.74609375 0.53125 0.0546875 0.09166666666666666
4 0.30625 0.540625 0.06875 0.08958333333333333
4 0.53984375 0.5697916666666667 0.0765625 0.09791666666666667
4 0.578125 0.70625 0.103125 0.125
8 0.8890625 0.7802083333333333 0.221875 0.4395833333333333