0 0.4640625 0.33645833333333336 0.04375 0.06458333333333334
0 0.52578125 0.33645833333333336 0.0515625 0.08125
4 0.46953125 0.359375 0.0265625 0.03125
0 0.56484375 0.38958333333333334 0.0671875 0.10833333333333334
7 0.625 0.38958333333333334 0.05625 0.08333333333333333
4 0.48046875 0.39479166666666665 0.0328125 0.04375
4 0.309375 0.3958333333333333 0.0375 0.04583333333333333
4 0.65234375 0.43645833333333334 0.0453125 0.06041666666666667
4 0.49765625 0.43854166666666666 0.0421875 0.06458333333333334
4 0.3484375 0.453125 0.053125 0.06875
7 0.2234375 0.4895833333333333 0.08125 0.09583333333333334
4 0.51640625 0.49166666666666664 0.0421875 0.07083333333333333
8 0.7703125 0.49375 0.159375 0.2125
4 0.6328125 0.5260416666666666 0.06875 0.08958333333333333
4 0.53203125 0.5697916666666667 0.0734375 0.11875
7 0.05625 0.5791666666666667 0.1125 0.16666666666666666
4 0.58125 0.7 0.10625 0.14583333333333334
4 0.74453125 0.7083333333333334 0.1140625 0.1625
4 0.18671875 0.9520833333333333 0.1484375 0.09583333333333334