4 0.3921875 0.33229166666666665 0.03125 0.035416666666666666
7 0.34921875 0.33541666666666664 0.0390625 0.05
7 0.27890625 0.353125 0.0453125 0.06458333333333334
1 0.56015625 0.37604166666666666 0.0703125 0.13125
4 0.61484375 0.39791666666666664 0.0390625 0.05416666666666667
0 0.66796875 0.40625 0.0796875 0.11666666666666667
4 0.48828125 0.415625 0.0359375 0.052083333333333336
4 0.51015625 0.47604166666666664 0.0578125 0.06458333333333334
5 0.7671875 0.509375 0.128125 0.14791666666666667
4 0.32265625 0.51875 0.0671875 0.075
4 0.65703125 0.553125 0.0703125 0.08541666666666667
4 0.54140625 0.56875 0.0734375 0.09166666666666666
4 0.61484375 0.8427083333333333 0.1265625 0.19791666666666666