8 0.5984375 0.359375 0.059375 0.08125
9 0.546875 0.375 0.046875 0.10416666666666667
4 0.27109375 0.37916666666666665 0.0390625 0.0375
4 0.48671875 0.3958333333333333 0.0359375 0.04583333333333333
9 0.57265625 0.41354166666666664 0.0578125 0.11041666666666666
4 0.35390625 0.43645833333333334 0.0484375 0.06041666666666667
4 0.503125 0.45625 0.04375 0.06666666666666667
11 0.68359375 0.4666666666666667 0.1203125 0.12083333333333333
4 0.54765625 0.4947916666666667 0.0578125 0.06875
6 0.19765625 0.5416666666666666 0.0953125 0.14166666666666666
3 0.54453125 0.5875 0.0828125 0.16666666666666666
9 0.9171875 0.7145833333333333 0.165625 0.23333333333333334
9 0.803125 0.775 0.19375 0.30833333333333335
4 0.63046875 0.8010416666666667 0.1359375 0.21458333333333332