4 0.40859375 0.3020833333333333 0.0296875 0.0375
0 0.4671875 0.3302083333333333 0.04375 0.06458333333333334
4 0.390625 0.33125 0.034375 0.041666666666666664
4 0.35390625 0.33541666666666664 0.0265625 0.03333333333333333
0 0.51640625 0.33645833333333336 0.0515625 0.08125
4 0.2875 0.353125 0.046875 0.07291666666666667
4 0.46953125 0.359375 0.0265625 0.03125
1 0.6 0.36666666666666664 0.0625 0.1
4 0.4796875 0.36875 0.034375 0.0375
0 0.54921875 0.375 0.0671875 0.10833333333333334
4 0.48046875 0.39479166666666665 0.0328125 0.04375
4 0.48828125 0.40729166666666666 0.0328125 0.03125
4 0.553125 0.41354166666666664 0.040625 0.04375
4 0.6328125 0.41458333333333336 0.0375 0.05
4 0.5015625 0.44583333333333336 0.046875 0.0375
1 0.7234375 0.45729166666666665 0.121875 0.18541666666666667
4 0.59140625 0.46875 0.0515625 0.07916666666666666
4 0.51171875 0.4979166666666667 0.0578125 0.08333333333333333
4 0.63828125 0.55 0.0765625 0.10833333333333334
4 0.53046875 0.5614583333333333 0.0828125 0.10208333333333333
4 0.1921875 0.5916666666666667 0.078125 0.09583333333333334
0 0.865625 0.7770833333333333 0.26875 0.44583333333333336
4 0.6453125 0.9 0.15 0.2