4 0.38515625 0.3541666666666667 0.0328125 0.03333333333333333
4 0.53671875 0.375 0.0328125 0.041666666666666664
10 0.6015625 0.378125 0.04375 0.06875
4 0.37578125 0.38645833333333335 0.0328125 0.03958333333333333
4 0.48515625 0.38958333333333334 0.0328125 0.04583333333333333
4 0.303125 0.40625 0.0375 0.05
4 0.5671875 0.4083333333333333 0.040625 0.058333333333333334
10 0.2328125 0.409375 0.0625 0.07708333333333334
4 0.65859375 0.434375 0.0453125 0.04791666666666667
10 0.171875 0.434375 0.075 0.11041666666666666
4 0.359375 0.45208333333333334 0.05 0.05
4 0.5078125 0.45729166666666665 0.046875 0.07291666666666667
10 0.61875 0.4739583333333333 0.0625 0.10208333333333333
4 0.33671875 0.5177083333333333 0.0609375 0.07708333333333334
4 0.5265625 0.5291666666666667 0.059375 0.08333333333333333
10 0.8046875 0.5427083333333333 0.05 0.14375
10 0.17890625 0.5479166666666667 0.1078125 0.15833333333333333
11 0.7546875 0.6302083333333334 0.23125 0.36041666666666666
10 0.9375 0.6885416666666667 0.125 0.23125
4 0.2625 0.7375 0.103125 0.1375
2 0.6359375 0.746875 0.234375 0.4395833333333333