4 0.47578125 0.3572916666666667 0.0359375 0.03125
2 0.54375 0.3697916666666667 0.05625 0.08958333333333333
4 0.4796875 0.38333333333333336 0.03125 0.0375
8 0.66015625 0.396875 0.0953125 0.11875
4 0.49296875 0.40729166666666666 0.0390625 0.03125
4 0.54609375 0.4197916666666667 0.0234375 0.052083333333333336
2 0.1921875 0.4239583333333333 0.096875 0.11875
4 0.36015625 0.440625 0.0453125 0.05625
4 0.49921875 0.4479166666666667 0.0515625 0.05416666666666667
2 0.60390625 0.459375 0.0953125 0.16458333333333333
4 0.51640625 0.4947916666666667 0.0609375 0.06041666666666667
4 0.53671875 0.553125 0.0671875 0.08125
4 0.8234375 0.584375 0.071875 0.11458333333333333
8 0.74609375 0.5958333333333333 0.1796875 0.29583333333333334
4 0.55703125 0.640625 0.0890625 0.12291666666666666
4 0.93828125 0.73125 0.1234375 0.14166666666666666