8 0.6203125 0.3770833333333333 0.071875 0.11666666666666667
4 0.3765625 0.38645833333333335 0.0375 0.04791666666666667
9 0.5546875 0.3885416666666667 0.046875 0.07708333333333334
4 0.48359375 0.40208333333333335 0.0328125 0.041666666666666664
9 0.57578125 0.41875 0.0609375 0.10416666666666667
4 0.5 0.43333333333333335 0.040625 0.0625
8 0.734375 0.46875 0.125 0.15
4 0.32265625 0.5 0.0609375 0.07916666666666666
4 0.53359375 0.5114583333333333 0.0578125 0.07708333333333334
2 0.7171875 0.5739583333333333 0.1625 0.26875
4 0.959375 0.6322916666666667 0.08125 0.13125