1 0.3796875 0.2864583333333333 0.025 0.03958333333333333
6 0.409375 0.29375 0.021875 0.029166666666666667
7 0.3421875 0.2989583333333333 0.025 0.035416666666666666
4 0.4015625 0.30520833333333336 0.01875 0.022916666666666665
4 0.38828125 0.33229166666666665 0.0265625 0.035416666666666666
1 0.28203125 0.34270833333333334 0.0578125 0.08541666666666667
7 0.371875 0.37083333333333335 0.03125 0.04583333333333333
7 0.553125 0.3875 0.046875 0.0875
1 0.6734375 0.39895833333333336 0.09375 0.14375
7 0.2890625 0.4010416666666667 0.05625 0.08125
4 0.57109375 0.4239583333333333 0.0328125 0.052083333333333336
4 0.5953125 0.4479166666666667 0.04375 0.06666666666666667
7 0.1484375 0.4510416666666667 0.103125 0.11041666666666666
4 0.50234375 0.4625 0.0390625 0.0625
4 0.3453125 0.48333333333333334 0.05625 0.06666666666666667
7 0.7328125 0.48854166666666665 0.096875 0.15625
4 0.5171875 0.4947916666666667 0.059375 0.08125
4 0.821875 0.503125 0.065625 0.06875
7 0.62265625 0.509375 0.0671875 0.13541666666666666
4 0.53046875 0.534375 0.0640625 0.08541666666666667
7 0.66796875 0.5489583333333333 0.1078125 0.20208333333333334
4 0.55859375 0.5770833333333333 0.0703125 0.10416666666666667
7 0.5359375 0.6229166666666667 0.08125 0.15833333333333333
7 0.76484375 0.6510416666666666 0.0984375 0.16041666666666668
4 0.28671875 0.6541666666666667 0.0890625 0.12083333333333333
1 0.86328125 0.734375 0.2296875 0.38958333333333334
4 0.5734375 0.7416666666666667 0.1 0.175
4 0.61328125 0.8614583333333333 0.1359375 0.20625
4 0.64296875 0.9510416666666667 0.1515625 0.09791666666666667