4 0.38828125 0.34270833333333334 0.0296875 0.03958333333333333
7 0.55 0.38958333333333334 0.046875 0.0875
7 0.63671875 0.39895833333333336 0.0578125 0.11041666666666666
4 0.4890625 0.421875 0.053125 0.052083333333333336
4 0.57265625 0.4239583333333333 0.0359375 0.04791666666666667
4 0.58828125 0.453125 0.0421875 0.07291666666666667
4 0.50390625 0.4625 0.0734375 0.07083333333333333
7 0.7203125 0.47291666666666665 0.08125 0.15
7 0.80078125 0.5072916666666667 0.1140625 0.12291666666666666
7 0.615625 0.509375 0.05625 0.12708333333333333
4 0.52265625 0.5145833333333333 0.0671875 0.07083333333333333
7 0.66484375 0.5489583333333333 0.1015625 0.19375
4 0.559375 0.5697916666666667 0.078125 0.10625
7 0.5359375 0.6145833333333334 0.084375 0.14166666666666666
7 0.728125 0.6385416666666667 0.046875 0.13541666666666666
4 0.26171875 0.6489583333333333 0.1078125 0.13541666666666666
4 0.57734375 0.7197916666666667 0.1046875 0.13958333333333334
1 0.85390625 0.7208333333333333 0.2296875 0.3541666666666667
4 0.60625 0.8385416666666666 0.14375 0.17291666666666666
1 0.9265625 0.8479166666666667 0.146875 0.30416666666666664
4 0.64375 0.9489583333333333 0.15625 0.10208333333333333