1 0.628125 0.37604166666666666 0.075 0.12291666666666666
1 0.5625 0.38333333333333336 0.071875 0.11666666666666667
4 0.3734375 0.3854166666666667 0.034375 0.041666666666666664
7 0.31015625 0.390625 0.0484375 0.06041666666666667
0 0.50390625 0.41458333333333336 0.0765625 0.1375
1 0.1984375 0.42604166666666665 0.0875 0.11875
4 0.715625 0.43125 0.05 0.058333333333333334
7 0.27578125 0.44479166666666664 0.0703125 0.09791666666666667
4 0.3578125 0.46458333333333335 0.046875 0.0625
4 0.7 0.484375 0.071875 0.10208333333333333
1 0.19609375 0.5010416666666667 0.1015625 0.11458333333333333
7 0.8296875 0.5791666666666667 0.1125 0.17083333333333334
7 0.075 0.7114583333333333 0.15 0.2520833333333333
4 0.25078125 0.7802083333333333 0.1296875 0.15208333333333332
4 0.6109375 0.8197916666666667 0.1375 0.18958333333333333