4 0.36015625 0.33125 0.0234375 0.0375
4 0.3234375 0.3770833333333333 0.034375 0.04583333333333333
4 0.48203125 0.38645833333333335 0.0328125 0.04375
4 0.54296875 0.38645833333333335 0.0296875 0.04791666666666667
4 0.37421875 0.39791666666666664 0.0390625 0.041666666666666664
1 0.66328125 0.40520833333333334 0.0953125 0.16458333333333333
4 0.50234375 0.421875 0.0453125 0.06041666666666667
1 0.578125 0.4270833333333333 0.075 0.09583333333333334
4 0.5109375 0.4864583333333333 0.05 0.07708333333333334
4 0.28203125 0.49270833333333336 0.0578125 0.06041666666666667
4 0.77578125 0.5708333333333333 0.0765625 0.0875
4 0.68046875 0.5927083333333333 0.0765625 0.10625
4 0.54296875 0.5979166666666667 0.0765625 0.1125