0 0.3578125 0.31354166666666666 0.046875 0.07291666666666667
4 0.3921875 0.340625 0.0375 0.05625
4 0.384375 0.36875 0.040625 0.05416666666666667
1 0.2953125 0.40208333333333335 0.075 0.1125
7 0.371875 0.40208333333333335 0.05 0.075
4 0.5765625 0.42083333333333334 0.04375 0.05416666666666667
1 0.64921875 0.4239583333333333 0.0609375 0.07291666666666667
1 0.17890625 0.440625 0.1140625 0.13958333333333334
4 0.2640625 0.47291666666666665 0.0625 0.09166666666666666
1 0.7375 0.484375 0.103125 0.16458333333333333
4 0.3546875 0.4895833333333333 0.071875 0.0875
4 0.51171875 0.5041666666666667 0.0703125 0.075
1 0.62578125 0.515625 0.0671875 0.13541666666666666
1 0.67421875 0.5427083333333333 0.1015625 0.18125
4 0.5171875 0.5479166666666667 0.06875 0.10416666666666667
1 0.909375 0.5708333333333333 0.18125 0.20416666666666666
4 0.55 0.60625 0.08125 0.11666666666666667
7 0.75234375 0.6291666666666667 0.0859375 0.1375
4 0.55859375 0.6979166666666666 0.1015625 0.15416666666666667
1 0.87421875 0.7697916666666667 0.2515625 0.46041666666666664
1 0.09609375 0.815625 0.1296875 0.36875
4 0.7234375 0.8625 0.146875 0.26666666666666666
4 0.59453125 0.921875 0.1140625 0.15625