4 0.39296875 0.3385416666666667 0.0296875 0.03958333333333333
1 0.27734375 0.35520833333333335 0.0453125 0.07291666666666667
1 0.31640625 0.36770833333333336 0.0671875 0.08125
7 0.60703125 0.3729166666666667 0.0609375 0.1
4 0.37265625 0.37604166666666666 0.0359375 0.06041666666666667
7 0.64375 0.39895833333333336 0.075 0.11458333333333333
4 0.7125 0.42604166666666665 0.059375 0.07291666666666667
7 0.2359375 0.44895833333333335 0.0875 0.13958333333333334
4 0.35 0.46770833333333334 0.075 0.07708333333333334
7 0.71171875 0.4895833333333333 0.0890625 0.12083333333333333
7 0.5046875 0.49375 0.06875 0.07916666666666666
7 0.61953125 0.5052083333333334 0.0609375 0.13125
1 0.81640625 0.525 0.1328125 0.14166666666666666
7 0.16875 0.5375 0.103125 0.1875
7 0.67734375 0.559375 0.1171875 0.18958333333333333
4 0.521875 0.5708333333333333 0.059375 0.09583333333333334
4 0.5625 0.615625 0.103125 0.11041666666666666
1 0.96875 0.6260416666666667 0.0625 0.13541666666666666
7 0.7390625 0.6302083333333334 0.065625 0.11875
1 0.84375 0.7239583333333334 0.209375 0.34375
4 0.5703125 0.7541666666666667 0.1 0.20416666666666666
4 0.2359375 0.815625 0.228125 0.17291666666666666
1 0.93125 0.8375 0.1375 0.325
4 0.73671875 0.9020833333333333 0.1640625 0.19583333333333333