4 0.371875 0.37604166666666666 0.03125 0.04375
9 0.55 0.38125 0.046875 0.08333333333333333
4 0.48515625 0.39166666666666666 0.0359375 0.05
8 0.6671875 0.4197916666666667 0.084375 0.12708333333333333
4 0.7203125 0.43333333333333335 0.040625 0.058333333333333334
4 0.509375 0.4427083333333333 0.04375 0.06458333333333334
2 0.61796875 0.44583333333333336 0.0953125 0.15
4 0.78671875 0.4822916666666667 0.0671875 0.06458333333333334
4 0.54921875 0.575 0.0796875 0.1
8 0.8640625 0.575 0.196875 0.21666666666666667
4 0.2875 0.6291666666666667 0.0875 0.1375
10 0.7203125 0.6291666666666667 0.10625 0.175
4 0.60390625 0.7875 0.1203125 0.16666666666666666