4 0.29765625 0.3375 0.0328125 0.04583333333333333
7 0.33828125 0.34479166666666666 0.0296875 0.052083333333333336
4 0.38046875 0.3572916666666667 0.0296875 0.035416666666666666
1 0.609375 0.3625 0.059375 0.10416666666666667
1 0.553125 0.371875 0.059375 0.10208333333333333
0 0.49140625 0.38333333333333336 0.0703125 0.10833333333333334
4 0.71328125 0.434375 0.0453125 0.052083333333333336
4 0.665625 0.446875 0.053125 0.08125
4 0.35234375 0.46979166666666666 0.0515625 0.06041666666666667
7 0.24921875 0.4791666666666667 0.0859375 0.09583333333333334
7 0.10859375 0.5114583333333333 0.1453125 0.17291666666666666
4 0.54296875 0.5885416666666666 0.0765625 0.11041666666666666
7 0.15234375 0.6177083333333333 0.1296875 0.19375
1 0.90390625 0.6635416666666667 0.1921875 0.33541666666666664
1 0.77890625 0.684375 0.2515625 0.41875
4 0.29375 0.715625 0.1 0.12291666666666666