11 0.32890625 0.346875 0.0546875 0.08541666666666667
9 0.275 0.35208333333333336 0.05625 0.07083333333333333
11 0.2265625 0.3875 0.090625 0.0875
4 0.37109375 0.39375 0.0359375 0.05
4 0.54375 0.39479166666666665 0.034375 0.04375
4 0.50390625 0.41875 0.0359375 0.0625
4 0.3421875 0.4625 0.05 0.0625
2 0.24140625 0.46979166666666666 0.1171875 0.16041666666666668
10 0.11953125 0.48541666666666666 0.0921875 0.125
10 0.26015625 0.6947916666666667 0.1140625 0.15208333333333332
4 0.75390625 0.846875 0.1421875 0.21041666666666667