4 0.37734375 0.3802083333333333 0.0359375 0.04375
8 0.63515625 0.38333333333333336 0.0578125 0.0875
4 0.26328125 0.3885416666666667 0.0390625 0.04375
4 0.4953125 0.39895833333333336 0.034375 0.04375
2 0.578125 0.40208333333333335 0.071875 0.11666666666666667
4 0.5140625 0.46875 0.05 0.05416666666666667
8 0.7328125 0.478125 0.125 0.15625
10 0.621875 0.5010416666666667 0.065625 0.11458333333333333
4 0.32265625 0.5197916666666667 0.0609375 0.08125
4 0.53359375 0.5510416666666667 0.0609375 0.08125
9 0.71171875 0.5895833333333333 0.1328125 0.2375
4 0.903125 0.5979166666666667 0.090625 0.10833333333333334
4 0.603125 0.7479166666666667 0.115625 0.17916666666666667
9 0.89140625 0.828125 0.2171875 0.34375