2 0.59140625 0.33229166666666665 0.0453125 0.04375
2 0.54375 0.36041666666666666 0.053125 0.09166666666666666
8 0.6625 0.3875 0.1 0.1125
4 0.48125 0.3927083333333333 0.0375 0.04375
4 0.490625 0.4354166666666667 0.05 0.0625
2 0.58515625 0.4354166666666667 0.0828125 0.15833333333333333
4 0.34921875 0.45729166666666665 0.0515625 0.07708333333333334
4 0.51015625 0.46145833333333336 0.0609375 0.03958333333333333
4 0.23671875 0.490625 0.0609375 0.06458333333333334
4 0.71796875 0.49895833333333334 0.0359375 0.06458333333333334
8 0.66796875 0.5020833333333333 0.1234375 0.22916666666666666
4 0.51953125 0.515625 0.0609375 0.08541666666666667
4 0.7609375 0.5260416666666666 0.065625 0.07291666666666667
4 0.53203125 0.5604166666666667 0.0640625 0.0875
4 0.80625 0.5854166666666667 0.0875 0.10416666666666667
4 0.5703125 0.625 0.09375 0.15
4 0.93984375 0.721875 0.1203125 0.15208333333333332
4 0.80859375 0.7739583333333333 0.1328125 0.18958333333333333
4 0.60390625 0.7864583333333334 0.1296875 0.18125