9 0.26640625 0.36041666666666666 0.0390625 0.058333333333333334
4 0.3890625 0.36770833333333336 0.028125 0.03958333333333333
9 0.24296875 0.384375 0.0484375 0.06875
4 0.67890625 0.403125 0.0421875 0.04375
4 0.61875 0.4083333333333333 0.040625 0.05
4 0.56875 0.41354166666666664 0.040625 0.06458333333333334
9 0.265625 0.43020833333333336 0.059375 0.09375
4 0.67734375 0.4552083333333333 0.0609375 0.06875
4 0.35625 0.45729166666666665 0.046875 0.06041666666666667
4 0.16796875 0.4635416666666667 0.0546875 0.07708333333333334
9 0.21953125 0.49270833333333336 0.0796875 0.13958333333333334
4 0.51875 0.5104166666666666 0.059375 0.08333333333333333
4 0.325 0.553125 0.0625 0.07291666666666667
4 0.66640625 0.59375 0.0796875 0.1
8 0.85 0.6177083333333333 0.215625 0.21458333333333332
4 0.06796875 0.63125 0.1078125 0.12083333333333333
4 0.57109375 0.6552083333333333 0.0890625 0.12291666666666666
4 0.2828125 0.6666666666666666 0.1 0.1125
4 0.83046875 0.8010416666666667 0.1390625 0.16041666666666668
4 0.20078125 0.9010416666666666 0.1640625 0.19791666666666666