4 0.39140625 0.35208333333333336 0.0265625 0.0375
5 0.3078125 0.35833333333333334 0.0625 0.09583333333333334
7 0.25546875 0.37395833333333334 0.0421875 0.052083333333333336
4 0.5890625 0.37395833333333334 0.028125 0.03958333333333333
4 0.54375 0.37604166666666666 0.03125 0.04791666666666667
9 0.22421875 0.40208333333333335 0.0515625 0.075
4 0.62578125 0.40625 0.0453125 0.05416666666666667
4 0.49921875 0.4375 0.0453125 0.058333333333333334
9 0.1734375 0.4427083333333333 0.075 0.08958333333333333
4 0.3625 0.46041666666666664 0.04375 0.0625
4 0.59765625 0.4822916666666667 0.0515625 0.06875
8 0.71875 0.4822916666666667 0.125 0.14375
4 0.52109375 0.503125 0.0578125 0.07291666666666667
9 0.1625 0.5677083333333334 0.11875 0.17708333333333334
4 0.67734375 0.5802083333333333 0.0765625 0.09375
4 0.2859375 0.6947916666666667 0.096875 0.12708333333333333
4 0.78359375 0.7104166666666667 0.1234375 0.15833333333333333
9 0.0703125 0.7635416666666667 0.140625 0.29791666666666666