4 0.52109375 0.38958333333333334 0.0390625 0.06666666666666667
7 0.5796875 0.4083333333333333 0.059375 0.0875
7 0.29453125 0.4125 0.0734375 0.1
4 0.48203125 0.415625 0.0421875 0.04791666666666667
4 0.3609375 0.43645833333333334 0.071875 0.10625
4 0.49765625 0.446875 0.0453125 0.06041666666666667
4 0.6109375 0.4739583333333333 0.04375 0.10208333333333333
4 0.77265625 0.484375 0.0640625 0.07291666666666667
4 0.50859375 0.5 0.0640625 0.10416666666666667
4 0.53984375 0.5572916666666666 0.0609375 0.09791666666666667
4 0.56171875 0.6302083333333334 0.0890625 0.16041666666666668
1 0.81953125 0.7072916666666667 0.2140625 0.3229166666666667
4 0.965625 0.7135416666666666 0.06875 0.16041666666666668
4 0.2328125 0.7354166666666667 0.121875 0.18333333333333332
4 0.609375 0.8520833333333333 0.15 0.24583333333333332