4 0.36953125 0.334375 0.0234375 0.03125
7 0.278125 0.36041666666666666 0.0375 0.0625
1 0.321875 0.3729166666666667 0.0625 0.08333333333333333
7 0.6296875 0.37604166666666666 0.071875 0.12291666666666666
7 0.553125 0.3875 0.046875 0.0875
4 0.37890625 0.396875 0.0359375 0.04791666666666667
4 0.57109375 0.4239583333333333 0.0328125 0.052083333333333336
7 0.671875 0.43333333333333335 0.065625 0.125
4 0.33515625 0.4375 0.0453125 0.058333333333333334
4 0.5953125 0.4479166666666667 0.04375 0.06666666666666667
4 0.50234375 0.4625 0.0390625 0.0625
4 0.5171875 0.4947916666666667 0.059375 0.08125
7 0.62265625 0.509375 0.0671875 0.13541666666666666
7 0.7828125 0.51875 0.109375 0.17083333333333334
4 0.265625 0.5291666666666667 0.0875 0.11666666666666667
4 0.53046875 0.534375 0.0640625 0.08541666666666667
7 0.66796875 0.5489583333333333 0.1078125 0.20208333333333334
4 0.55859375 0.5770833333333333 0.0703125 0.10416666666666667
7 0.5359375 0.6229166666666667 0.08125 0.15833333333333333
7 0.76484375 0.6510416666666666 0.0984375 0.16041666666666668
4 0.2796875 0.6958333333333333 0.10625 0.14166666666666666
1 0.86328125 0.734375 0.2296875 0.38958333333333334
4 0.5734375 0.7416666666666667 0.1 0.175
4 0.61328125 0.8614583333333333 0.1359375 0.20625
4 0.64296875 0.9510416666666667 0.1515625 0.09791666666666667