7 0.7671875 0.4947916666666667 0.09375 0.12291666666666666
7 0.53046875 0.5135416666666667 0.0515625 0.052083333333333336
7 0.6703125 0.5427083333333333 0.09375 0.20625
4 0.5609375 0.5708333333333333 0.0625 0.10833333333333334
4 0.3203125 0.5885416666666666 0.075 0.10208333333333333
1 0.90859375 0.6020833333333333 0.1671875 0.18333333333333332
7 0.53515625 0.6125 0.0671875 0.125
7 0.7546875 0.6302083333333334 0.071875 0.14375
1 0.84609375 0.6854166666666667 0.1921875 0.2833333333333333
4 0.584375 0.7072916666666667 0.090625 0.11041666666666666
4 0.17890625 0.7166666666666667 0.1046875 0.125
4 0.609375 0.8333333333333334 0.1125 0.14166666666666666
1 0.928125 0.8447916666666667 0.134375 0.28541666666666665
4 0.64375 0.9489583333333333 0.128125 0.10208333333333333