7 0.403125 0.24895833333333334 0.015625 0.022916666666666665
7 0.41328125 0.278125 0.0171875 0.035416666666666666
7 0.35 0.28020833333333334 0.01875 0.027083333333333334
7 0.38515625 0.2864583333333333 0.0234375 0.04791666666666667
7 0.36015625 0.30833333333333335 0.0234375 0.0375
1 0.50390625 0.3145833333333333 0.0328125 0.06666666666666667
7 0.39296875 0.3229166666666667 0.0296875 0.05416666666666667
4 0.471875 0.3302083333333333 0.01875 0.022916666666666665
1 0.58515625 0.334375 0.0390625 0.07291666666666667
4 0.48046875 0.3385416666666667 0.0015625 0.0020833333333333333
7 0.3390625 0.346875 0.03125 0.04791666666666667
4 0.4734375 0.3489583333333333 0.025 0.01875
4 0.478125 0.3625 0.028125 0.020833333333333332
7 0.534375 0.3645833333333333 0.034375 0.08333333333333333
4 0.478125 0.38229166666666664 0.021875 0.027083333333333334
7 0.61875 0.38229166666666664 0.040625 0.07291666666666667
4 0.48828125 0.39166666666666666 0.0015625 0.004166666666666667
7 0.56015625 0.3958333333333333 0.0453125 0.075
4 0.4828125 0.4125 0.025 0.025
7 0.66640625 0.41875 0.0515625 0.09166666666666666
4 0.49140625 0.421875 0.0234375 0.022916666666666665
4 0.50703125 0.421875 0.0015625 0.0020833333333333333
4 0.58046875 0.43333333333333335 0.0265625 0.0375
4 0.503125 0.446875 0.040625 0.035416666666666666
4 0.60234375 0.45625 0.0359375 0.041666666666666664
4 0.51328125 0.475 0.0421875 0.04583333333333333
7 0.7390625 0.478125 0.08125 0.13958333333333334
4 0.159375 0.48333333333333334 0.059375 0.06666666666666667
4 0.52421875 0.5104166666666666 0.0515625 0.041666666666666664
7 0.62421875 0.5125 0.0421875 0.1125
4 0.3046875 0.5541666666666667 0.078125 0.09166666666666666
7 0.67578125 0.565625 0.0890625 0.16458333333333333
4 0.52734375 0.5854166666666667 0.0703125 0.11666666666666667
7 0.7375 0.65 0.04375 0.14166666666666666
1 0.82578125 0.6895833333333333 0.1609375 0.31666666666666665
4 0.5703125 0.703125 0.090625 0.11875
4 0.07578125 0.765625 0.1234375 0.16041666666666668
4 0.61171875 0.8395833333333333 0.1234375 0.15
1 0.92734375 0.8489583333333334 0.1453125 0.3020833333333333
4 0.2484375 0.8635416666666667 0.121875 0.19791666666666666
4 0.64453125 0.9520833333333333 0.1328125 0.09583333333333334