7 0.26328125 0.378125 0.0484375 0.06041666666666667
7 0.30078125 0.4083333333333333 0.0453125 0.05416666666666667
2 0.66328125 0.4083333333333333 0.0953125 0.12916666666666668
4 0.49296875 0.421875 0.0421875 0.052083333333333336
4 0.34609375 0.428125 0.0484375 0.05625
9 0.59765625 0.46145833333333336 0.0609375 0.11458333333333333
4 0.52109375 0.47604166666666664 0.0578125 0.08541666666666667
4 0.34140625 0.484375 0.0546875 0.06875
10 0.8015625 0.5635416666666667 0.1 0.14791666666666667
4 0.67578125 0.58125 0.0796875 0.1125
4 0.59609375 0.734375 0.1140625 0.16875
4 0.9421875 0.75 0.115625 0.18333333333333332
4 0.22421875 0.828125 0.1296875 0.16875
4 0.07109375 0.8291666666666667 0.1421875 0.175
4 0.821875 0.8625 0.1625 0.20416666666666666