5 0.3328125 0.34791666666666665 0.046875 0.041666666666666664
9 0.26796875 0.35104166666666664 0.0640625 0.07708333333333334
4 0.38515625 0.36666666666666664 0.0296875 0.0375
4 0.32421875 0.38333333333333336 0.0296875 0.041666666666666664
4 0.4859375 0.39479166666666665 0.034375 0.04791666666666667
8 0.6453125 0.39479166666666665 0.071875 0.13541666666666666
11 0.58359375 0.41458333333333336 0.0921875 0.14583333333333334
9 0.2859375 0.41770833333333335 0.05625 0.09375
4 0.50078125 0.43854166666666666 0.0453125 0.07291666666666667
4 0.35 0.46875 0.059375 0.06666666666666667
1 0.08828125 0.496875 0.1765625 0.2604166666666667
4 0.21640625 0.5354166666666667 0.0765625 0.07083333333333333
4 0.31015625 0.5875 0.0765625 0.1
4 0.54453125 0.6135416666666667 0.0796875 0.11458333333333333
8 0.78984375 0.6552083333333333 0.2171875 0.3854166666666667
7 0.04296875 0.7770833333333333 0.0859375 0.1875