4 0.3515625 0.33541666666666664 0.03125 0.0375
4 0.390625 0.3458333333333333 0.03125 0.03333333333333333
4 0.571875 0.353125 0.034375 0.03958333333333333
4 0.52890625 0.36770833333333336 0.0296875 0.03958333333333333
4 0.35390625 0.375 0.0328125 0.0375
4 0.59140625 0.37916666666666665 0.0390625 0.041666666666666664
4 0.628125 0.38958333333333334 0.04375 0.058333333333333334
4 0.5546875 0.40520833333333334 0.034375 0.04791666666666667
4 0.490625 0.40520833333333334 0.0375 0.04375
1 0.70546875 0.4395833333333333 0.1203125 0.2
4 0.5109375 0.4510416666666667 0.053125 0.07708333333333334
1 0.60859375 0.4635416666666667 0.0953125 0.14375
4 0.53359375 0.5572916666666666 0.0734375 0.10208333333333333
4 0.8640625 0.665625 0.115625 0.11875
4 0.57890625 0.71875 0.1046875 0.16666666666666666
4 0.76953125 0.7395833333333334 0.1234375 0.13333333333333333