8 0.609375 0.3614583333333333 0.05 0.08958333333333333
0 0.54921875 0.37916666666666665 0.0640625 0.1
4 0.496875 0.4239583333333333 0.040625 0.04375
8 0.68515625 0.4375 0.0953125 0.14583333333333334
4 0.19453125 0.44895833333333335 0.0578125 0.06041666666666667
10 0.58125 0.4552083333333333 0.05 0.09791666666666667
4 0.3515625 0.45729166666666665 0.05 0.06041666666666667
4 0.7546875 0.4635416666666667 0.04375 0.06458333333333334
4 0.51484375 0.47708333333333336 0.0578125 0.075
9 0.6421875 0.49375 0.09375 0.17083333333333334
4 0.8546875 0.5510416666666667 0.09375 0.10625
4 0.5453125 0.571875 0.078125 0.10625
9 0.7453125 0.6489583333333333 0.14375 0.26458333333333334