5 0.38515625 0.3385416666666667 0.0265625 0.03125
1 0.5625 0.39479166666666665 0.065625 0.11041666666666666
7 0.61328125 0.396875 0.0390625 0.06458333333333334
7 0.65 0.4239583333333333 0.05625 0.07291666666666667
4 0.35859375 0.42916666666666664 0.0484375 0.05416666666666667
4 0.4984375 0.43125 0.040625 0.04583333333333333
7 0.19609375 0.4395833333333333 0.0640625 0.08333333333333333
4 0.61171875 0.49375 0.0609375 0.075
4 0.70859375 0.49375 0.0609375 0.07083333333333333
4 0.5453125 0.5541666666666667 0.0625 0.08333333333333333
7 0.81484375 0.5666666666666667 0.1109375 0.15833333333333333
4 0.584375 0.7208333333333333 0.103125 0.12916666666666668
4 0.77421875 0.7375 0.1390625 0.17083333333333334