5 0.53125 0.35833333333333334 0.05625 0.07083333333333333
4 0.48046875 0.37083333333333335 0.0390625 0.05
4 0.36015625 0.38333333333333336 0.0421875 0.04583333333333333
7 0.21484375 0.4 0.0546875 0.08333333333333333
4 0.55390625 0.41875 0.0265625 0.058333333333333334
4 0.49453125 0.43333333333333335 0.0515625 0.06666666666666667
4 0.271875 0.46458333333333335 0.05625 0.075
1 0.63125 0.47291666666666665 0.121875 0.22083333333333333
4 0.70234375 0.48125 0.0484375 0.07916666666666666
0 0.8109375 0.5479166666666667 0.171875 0.225
4 0.54140625 0.5791666666666667 0.0703125 0.09166666666666666
4 0.61953125 0.80625 0.1328125 0.19166666666666668