7 0.3703125 0.296875 0.034375 0.06041666666666667
7 0.315625 0.36875 0.0625 0.10416666666666667
1 0.64296875 0.39791666666666664 0.0953125 0.10833333333333334
4 0.59296875 0.453125 0.0484375 0.07708333333333334
4 0.50078125 0.46145833333333336 0.0453125 0.06041666666666667
1 0.8171875 0.49375 0.225 0.25
4 0.51875 0.4979166666666667 0.059375 0.08333333333333333
7 0.62265625 0.5041666666666667 0.0734375 0.14583333333333334
4 0.53046875 0.521875 0.0484375 0.06875
7 0.66875 0.5489583333333333 0.1 0.21041666666666667
4 0.55703125 0.565625 0.0765625 0.11458333333333333
7 0.0453125 0.5739583333333333 0.090625 0.15625
7 0.54140625 0.6322916666666667 0.0859375 0.18125
4 0.15546875 0.6333333333333333 0.1046875 0.1375
4 0.7625 0.66875 0.08125 0.17916666666666667
4 0.58125 0.7458333333333333 0.121875 0.19166666666666668
7 0.8953125 0.7916666666666666 0.209375 0.4166666666666667
4 0.63125 0.896875 0.190625 0.20625