4 0.38984375 0.334375 0.0328125 0.04375
7 0.29375 0.346875 0.046875 0.06458333333333334
4 0.33046875 0.371875 0.0390625 0.06041666666666667
1 0.5546875 0.37395833333333334 0.0625 0.12291666666666666
4 0.37421875 0.38958333333333334 0.0453125 0.07083333333333333
4 0.48828125 0.40729166666666666 0.0453125 0.04791666666666667
4 0.66953125 0.41354166666666664 0.0546875 0.07291666666666667
1 0.5875 0.43333333333333335 0.0875 0.14166666666666666
4 0.50625 0.4625 0.059375 0.058333333333333334
4 0.325 0.46875 0.0625 0.075
1 0.784375 0.509375 0.128125 0.18541666666666667
4 0.5203125 0.5291666666666667 0.06875 0.1
1 0.6875 0.55625 0.16875 0.2875
4 0.175 0.571875 0.084375 0.09375
4 0.5484375 0.6177083333333333 0.0875 0.10625
4 0.57578125 0.7333333333333333 0.1109375 0.17083333333333334
7 0.93125 0.7427083333333333 0.1375 0.23541666666666666
4 0.63359375 0.8822916666666667 0.1546875 0.23541666666666666