4 0.37890625 0.371875 0.0328125 0.03958333333333333
4 0.61640625 0.378125 0.0390625 0.03958333333333333
4 0.321875 0.38645833333333335 0.040625 0.04375
7 0.5546875 0.38645833333333335 0.046875 0.07291666666666667
4 0.49453125 0.39791666666666664 0.0359375 0.03333333333333333
4 0.48984375 0.4166666666666667 0.0328125 0.041666666666666664
4 0.63984375 0.4166666666666667 0.0609375 0.05
4 0.57265625 0.421875 0.0390625 0.04791666666666667
4 0.4984375 0.42916666666666664 0.0375 0.03333333333333333
4 0.35546875 0.43020833333333336 0.0390625 0.05625
4 0.28984375 0.4322916666666667 0.0453125 0.04791666666666667
5 0.16328125 0.4375 0.0953125 0.12916666666666668
4 0.50703125 0.4666666666666667 0.0453125 0.07083333333333333
5 0.76015625 0.49583333333333335 0.1421875 0.16666666666666666
4 0.23984375 0.5041666666666667 0.0640625 0.0625
4 0.52578125 0.54375 0.0671875 0.09583333333333334
4 0.65390625 0.5520833333333334 0.0796875 0.1125
7 0.8484375 0.6302083333333334 0.10625 0.13541666666666666
4 0.9625 0.640625 0.075 0.13125
4 0.5734375 0.6510416666666666 0.096875 0.11875
4 0.9546875 0.7791666666666667 0.090625 0.14583333333333334
4 0.8375 0.8239583333333333 0.15625 0.20208333333333334
4 0.69140625 0.903125 0.1546875 0.19375