8 0.50859375 0.321875 0.0421875 0.06458333333333334
4 0.38125 0.34479166666666666 0.034375 0.03958333333333333
0 0.3296875 0.35625 0.059375 0.07916666666666666
10 0.2625 0.36875 0.04375 0.07083333333333333
10 0.5484375 0.3729166666666667 0.046875 0.09583333333333334
4 0.48203125 0.3770833333333333 0.0328125 0.04583333333333333
10 0.371875 0.38958333333333334 0.040625 0.05416666666666667
10 0.62421875 0.4125 0.0578125 0.1
10 0.24921875 0.4791666666666667 0.0609375 0.075
4 0.34375 0.48854166666666665 0.05 0.06041666666666667
4 0.134375 0.690625 0.109375 0.12708333333333333
4 0.6296875 0.725 0.1125 0.18333333333333332
4 0.80859375 0.7572916666666667 0.1328125 0.18958333333333333