4 0.38359375 0.34791666666666665 0.0296875 0.03333333333333333
4 0.28984375 0.35625 0.0328125 0.0375
9 0.53828125 0.36354166666666665 0.0453125 0.07291666666666667
4 0.4828125 0.37916666666666665 0.034375 0.0375
8 0.65 0.396875 0.071875 0.11875
4 0.50390625 0.41770833333333335 0.0390625 0.04791666666666667
2 0.596875 0.41770833333333335 0.084375 0.13958333333333334
4 0.36015625 0.4197916666666667 0.0421875 0.04791666666666667
4 0.72421875 0.43645833333333334 0.0546875 0.06458333333333334
4 0.5296875 0.5166666666666667 0.065625 0.07083333333333333
8 0.796875 0.5177083333333333 0.15625 0.17291666666666666
10 0.66953125 0.5583333333333333 0.0828125 0.14166666666666666
4 0.56328125 0.65 0.0890625 0.12083333333333333
9 0.7953125 0.7041666666666667 0.184375 0.3375