4 0.3609375 0.40208333333333335 0.040625 0.05416666666666667
9 0.628125 0.41041666666666665 0.053125 0.07916666666666666
4 0.55234375 0.41770833333333335 0.0359375 0.04791666666666667
5 0.15546875 0.43333333333333335 0.1203125 0.13333333333333333
4 0.5046875 0.440625 0.046875 0.06458333333333334
9 0.58828125 0.453125 0.0609375 0.09375
4 0.2609375 0.459375 0.053125 0.07291666666666667
4 0.52265625 0.5302083333333333 0.0671875 0.09791666666666667
5 0.10078125 0.6354166666666666 0.2015625 0.35833333333333334
4 0.7453125 0.66875 0.1125 0.15416666666666667
4 0.28125 0.73125 0.10625 0.14166666666666666
4 0.61015625 0.7927083333333333 0.1234375 0.19791666666666666