7 0.35 0.28958333333333336 0.028125 0.04583333333333333
4 0.4078125 0.2947916666666667 0.021875 0.03125
4 0.375 0.30416666666666664 0.03125 0.05
1 0.58046875 0.31666666666666665 0.0578125 0.06666666666666667
4 0.3953125 0.33125 0.03125 0.041666666666666664
5 0.5265625 0.34791666666666665 0.053125 0.06666666666666667
4 0.4796875 0.3614583333333333 0.034375 0.03125
4 0.48125 0.37916666666666665 0.034375 0.0375
4 0.48671875 0.41041666666666665 0.0421875 0.058333333333333334
1 0.6 0.43020833333333336 0.11875 0.20625
4 0.66015625 0.4479166666666667 0.0484375 0.07083333333333333
4 0.325 0.484375 0.065625 0.08541666666666667
0 0.74609375 0.484375 0.1453125 0.20208333333333334
4 0.5171875 0.5072916666666667 0.059375 0.08541666666666667
7 0.0828125 0.5166666666666667 0.1125 0.15
4 0.1609375 0.6302083333333334 0.1125 0.14791666666666667
4 0.56640625 0.6572916666666667 0.1046875 0.14791666666666667
5 0.9125 0.6729166666666667 0.175 0.25416666666666665
4 0.66796875 0.9177083333333333 0.1765625 0.16458333333333333