4 0.35625 0.33541666666666664 0.028125 0.041666666666666664
4 0.48046875 0.3802083333333333 0.0328125 0.04375
1 0.64765625 0.3875 0.0859375 0.13333333333333333
4 0.30625 0.39791666666666664 0.034375 0.05
1 0.5671875 0.4041666666666667 0.071875 0.09166666666666666
4 0.49765625 0.4114583333333333 0.0390625 0.05625
4 0.3609375 0.4427083333333333 0.04375 0.05625
4 0.503125 0.4635416666666667 0.04375 0.06041666666666667
4 0.65078125 0.5541666666666667 0.0671875 0.09583333333333334
4 0.53359375 0.5635416666666667 0.0640625 0.10208333333333333
4 0.20078125 0.6197916666666666 0.0953125 0.11041666666666666
1 0.85703125 0.7510416666666667 0.2859375 0.4979166666666667
4 0.6390625 0.8864583333333333 0.1375 0.20625