8 0.6125 0.365625 0.053125 0.08958333333333333
2 0.55859375 0.37916666666666665 0.0640625 0.1
4 0.5015625 0.4270833333333333 0.05 0.05416666666666667
8 0.68515625 0.4375 0.0953125 0.14583333333333334
4 0.20703125 0.44895833333333335 0.0578125 0.06041666666666667
4 0.35625 0.4510416666666667 0.05 0.06041666666666667
10 0.590625 0.4552083333333333 0.05 0.09791666666666667
4 0.76484375 0.47291666666666665 0.0578125 0.07916666666666666
4 0.51484375 0.4875 0.0578125 0.075
9 0.65 0.5052083333333334 0.096875 0.17708333333333334
4 0.88125 0.5635416666666667 0.09375 0.10625
4 0.5515625 0.584375 0.078125 0.10625
9 0.759375 0.659375 0.159375 0.27708333333333335
4 0.19140625 0.9083333333333333 0.1515625 0.17916666666666667