7 0.28515625 0.3458333333333333 0.0328125 0.05
1 0.609375 0.35625 0.065625 0.10833333333333334
4 0.47578125 0.36770833333333336 0.0296875 0.03125
1 0.54453125 0.375 0.0578125 0.08333333333333333
4 0.32578125 0.38229166666666664 0.0359375 0.052083333333333336
4 0.48984375 0.384375 0.0390625 0.04791666666666667
4 0.49140625 0.41875 0.0390625 0.041666666666666664
4 0.58984375 0.4583333333333333 0.0484375 0.058333333333333334
4 0.51171875 0.4739583333333333 0.0515625 0.07291666666666667
4 0.7828125 0.54375 0.046875 0.075
1 0.71171875 0.5677083333333334 0.1984375 0.34375
4 0.175 0.6020833333333333 0.0875 0.1125
0 0.90234375 0.6572916666666667 0.1953125 0.32708333333333334
4 0.5703125 0.6770833333333334 0.090625 0.125