4 0.384375 0.346875 0.028125 0.035416666666666666
9 0.53515625 0.359375 0.0421875 0.06041666666666667
7 0.26640625 0.37083333333333335 0.0453125 0.0625
4 0.48046875 0.375 0.0328125 0.041666666666666664
4 0.54296875 0.40208333333333335 0.0265625 0.0375
10 0.63984375 0.41041666666666665 0.0390625 0.05416666666666667
4 0.4890625 0.41770833333333335 0.0375 0.05625
11 0.59453125 0.4270833333333333 0.0859375 0.1375
9 0.68828125 0.4635416666666667 0.0703125 0.08541666666666667
4 0.50703125 0.475 0.0546875 0.06666666666666667
4 0.76640625 0.5604166666666667 0.0796875 0.1
4 0.66484375 0.571875 0.0796875 0.09791666666666667
4 0.58828125 0.6635416666666667 0.0890625 0.13125
10 0.92421875 0.6739583333333333 0.1515625 0.23958333333333334