4 0.38984375 0.32395833333333335 0.0328125 0.04375
7 0.2953125 0.340625 0.046875 0.06458333333333334
4 0.33203125 0.36354166666666665 0.0390625 0.06041666666666667
1 0.5546875 0.37395833333333334 0.0625 0.12291666666666666
4 0.37578125 0.375 0.0453125 0.07083333333333333
4 0.48828125 0.40729166666666666 0.0453125 0.04791666666666667
4 0.68828125 0.409375 0.0546875 0.07291666666666667
4 0.340625 0.41875 0.0625 0.075
1 0.5875 0.43333333333333335 0.0875 0.14166666666666666
4 0.50625 0.4625 0.059375 0.058333333333333334
4 0.2171875 0.5114583333333333 0.084375 0.09375
4 0.5203125 0.5291666666666667 0.06875 0.1
1 0.8171875 0.5302083333333333 0.128125 0.18541666666666667
1 0.6875 0.55625 0.16875 0.2875
4 0.5484375 0.6177083333333333 0.0875 0.10625
4 0.57578125 0.7333333333333333 0.1109375 0.17083333333333334
7 0.95546875 0.753125 0.0890625 0.24791666666666667
4 0.63359375 0.8822916666666667 0.1546875 0.23541666666666666