4 0.3765625 0.365625 0.028125 0.03958333333333333
4 0.4828125 0.39479166666666665 0.03125 0.04375
9 0.5703125 0.39895833333333336 0.05 0.08541666666666667
4 0.65234375 0.44166666666666665 0.0515625 0.0625
4 0.51953125 0.46041666666666664 0.0453125 0.07083333333333333
4 0.3328125 0.47708333333333336 0.05 0.058333333333333334
5 0.090625 0.4822916666666667 0.15625 0.19791666666666666
4 0.54296875 0.565625 0.0671875 0.09375
4 0.79453125 0.575 0.0859375 0.09583333333333334
4 0.68515625 0.5958333333333333 0.0828125 0.1125
4 0.7765625 0.728125 0.125 0.17291666666666666
4 0.25234375 0.7510416666666667 0.1171875 0.15208333333333332
4 0.6140625 0.7885416666666667 0.11875 0.19375