7 0.3171875 0.3489583333333333 0.040625 0.06041666666666667
1 0.55234375 0.378125 0.0390625 0.05625
1 0.371875 0.384375 0.05 0.09375
1 0.65 0.39895833333333336 0.059375 0.10625
4 0.4921875 0.40729166666666666 0.040625 0.035416666666666666
7 0.290625 0.4125 0.04375 0.0625
4 0.5703125 0.43020833333333336 0.034375 0.06041666666666667
4 0.5015625 0.4354166666666667 0.0625 0.041666666666666664
4 0.5984375 0.44895833333333335 0.059375 0.06458333333333334
1 0.70859375 0.4510416666666667 0.1015625 0.14375
4 0.51015625 0.471875 0.0515625 0.04375
7 0.61953125 0.5125 0.0734375 0.13333333333333333
7 0.51796875 0.5322916666666667 0.0671875 0.10625
1 0.675 0.5572916666666666 0.128125 0.21875
7 0.74140625 0.6427083333333333 0.0796875 0.16875
4 0.5453125 0.6447916666666667 0.09375 0.15625
1 0.85703125 0.7 0.2171875 0.3416666666666667
4 0.5984375 0.790625 0.11875 0.19791666666666666
4 0.64296875 0.9479166666666666 0.1640625 0.10416666666666667