4 0.4 0.3145833333333333 0.028125 0.0375
4 0.3625 0.31875 0.03125 0.029166666666666667
7 0.3046875 0.32916666666666666 0.05625 0.0875
4 0.3828125 0.35208333333333336 0.040625 0.05
1 0.5375 0.3625 0.0625 0.10833333333333334
4 0.63828125 0.409375 0.0421875 0.06041666666666667
4 0.35703125 0.4270833333333333 0.0546875 0.07916666666666666
7 0.578125 0.4270833333333333 0.084375 0.125
4 0.68203125 0.446875 0.0578125 0.08125
4 0.515625 0.4864583333333333 0.06875 0.08541666666666667
4 0.77421875 0.5145833333333333 0.0734375 0.09583333333333334
4 0.62734375 0.521875 0.0703125 0.09375
4 0.53828125 0.5677083333333334 0.0796875 0.10208333333333333
1 0.88828125 0.6447916666666667 0.2234375 0.3020833333333333
4 0.57265625 0.7302083333333333 0.1140625 0.18125
4 0.196875 0.8739583333333333 0.1625 0.2520833333333333
4 0.859375 0.8791666666666667 0.2 0.24166666666666667