4 0.4 0.31875 0.028125 0.0375
4 0.3609375 0.325 0.03125 0.029166666666666667
7 0.2984375 0.33125 0.05625 0.0875
4 0.3828125 0.35208333333333336 0.040625 0.05
1 0.5390625 0.36354166666666665 0.0625 0.09375
4 0.63828125 0.409375 0.0421875 0.06041666666666667
7 0.578125 0.4270833333333333 0.084375 0.125
4 0.67421875 0.440625 0.0578125 0.08125
4 0.35390625 0.44375 0.0546875 0.07916666666666666
4 0.515625 0.4864583333333333 0.06875 0.08541666666666667
4 0.76328125 0.5 0.0734375 0.09583333333333334
4 0.61953125 0.503125 0.0703125 0.09375
4 0.53828125 0.5677083333333334 0.0796875 0.10208333333333333
1 0.88828125 0.6447916666666667 0.2234375 0.3020833333333333
4 0.56640625 0.709375 0.1140625 0.18125
4 0.8484375 0.8708333333333333 0.178125 0.225
4 0.146875 0.9270833333333334 0.2625 0.14583333333333334