8 0.34140625 0.33125 0.0421875 0.06666666666666667
9 0.32265625 0.35625 0.0390625 0.07083333333333333
4 0.384375 0.36666666666666664 0.03125 0.0375
4 0.36171875 0.4010416666666667 0.0421875 0.052083333333333336
4 0.4890625 0.42083333333333334 0.04375 0.07083333333333333
9 0.15078125 0.45625 0.1109375 0.11666666666666667
11 0.23359375 0.475 0.1296875 0.1875
4 0.6359375 0.5135416666666667 0.065625 0.10208333333333333
11 0.040625 0.6010416666666667 0.08125 0.22708333333333333
7 0.83515625 0.7125 0.2046875 0.3375
4 0.23671875 0.8302083333333333 0.1390625 0.19791666666666666