1 0.3015625 0.38229166666666664 0.06875 0.11875
9 0.18203125 0.41770833333333335 0.0984375 0.13958333333333334
10 0.65234375 0.42083333333333334 0.0515625 0.08333333333333333
4 0.57734375 0.428125 0.0453125 0.05625
4 0.50625 0.478125 0.053125 0.07708333333333334
4 0.7703125 0.48333333333333334 0.0625 0.07083333333333333
4 0.70234375 0.49166666666666664 0.0671875 0.09166666666666666
4 0.609375 0.5010416666666667 0.0625 0.07708333333333334
9 0.8453125 0.5958333333333333 0.140625 0.22083333333333333
4 0.57578125 0.6333333333333333 0.0984375 0.1375
9 0.79375 0.715625 0.16875 0.3020833333333333
7 0.06171875 0.828125 0.1234375 0.20208333333333334