4 0.390625 0.34270833333333334 0.03125 0.035416666666666666
7 0.34765625 0.34375 0.0390625 0.05
7 0.26640625 0.36354166666666665 0.0453125 0.06458333333333334
1 0.55078125 0.3697916666666667 0.0640625 0.12708333333333333
4 0.6078125 0.39791666666666664 0.04375 0.05416666666666667
0 0.66796875 0.4010416666666667 0.0796875 0.12291666666666666
4 0.48828125 0.41354166666666664 0.0359375 0.052083333333333336
4 0.50703125 0.46041666666666664 0.0515625 0.07083333333333333
5 0.759375 0.509375 0.11875 0.14791666666666667
4 0.64375 0.53125 0.059375 0.07916666666666666
4 0.53203125 0.55 0.0640625 0.0875
4 0.29375 0.5989583333333334 0.08125 0.10208333333333333
4 0.596875 0.7885416666666667 0.11875 0.18125