7 0.33984375 0.3 0.0328125 0.05
1 0.37109375 0.3020833333333333 0.0390625 0.06666666666666667
4 0.4015625 0.31666666666666665 0.021875 0.029166666666666667
7 0.31328125 0.35520833333333335 0.0515625 0.07291666666666667
7 0.3609375 0.3927083333333333 0.0625 0.12708333333333333
7 0.64765625 0.40208333333333335 0.0640625 0.1
7 0.2828125 0.42291666666666666 0.05 0.06666666666666667
7 0.70234375 0.4510416666666667 0.0921875 0.15208333333333332
7 0.621875 0.5135416666666667 0.065625 0.15208333333333332
7 0.5171875 0.5302083333333333 0.071875 0.12708333333333333
7 0.6671875 0.5510416666666667 0.10625 0.21041666666666667
1 0.95390625 0.6229166666666667 0.0921875 0.13333333333333333
7 0.73046875 0.6427083333333333 0.0515625 0.15208333333333332
4 0.5421875 0.6447916666666667 0.096875 0.14791666666666667
1 0.85859375 0.7041666666666667 0.2390625 0.3375
4 0.59765625 0.7989583333333333 0.1359375 0.21875
1 0.9265625 0.8447916666666667 0.146875 0.3104166666666667
4 0.653125 0.9416666666666667 0.19375 0.11666666666666667