4 0.38359375 0.34791666666666665 0.0296875 0.03333333333333333
4 0.28984375 0.35625 0.0328125 0.0375
9 0.54140625 0.36354166666666665 0.0453125 0.07291666666666667
4 0.48203125 0.38125 0.0359375 0.04583333333333333
8 0.6578125 0.4010416666666667 0.075 0.11875
4 0.5046875 0.41875 0.040625 0.05
4 0.36015625 0.4197916666666667 0.0421875 0.04791666666666667
2 0.60078125 0.421875 0.0828125 0.13958333333333334
4 0.73515625 0.4427083333333333 0.0546875 0.06458333333333334
4 0.5328125 0.525 0.065625 0.075
8 0.80625 0.5291666666666667 0.165625 0.175
10 0.67734375 0.5708333333333333 0.0859375 0.15833333333333333
4 0.56953125 0.6666666666666666 0.0890625 0.12083333333333333
9 0.81484375 0.740625 0.2046875 0.3854166666666667
4 0.17265625 0.9229166666666667 0.1703125 0.15416666666666667