4 0.39609375 0.309375 0.0234375 0.035416666666666666
4 0.496875 0.315625 0.025 0.03125
10 0.5234375 0.3260416666666667 0.034375 0.06458333333333334
4 0.46953125 0.334375 0.0265625 0.035416666666666666
4 0.37890625 0.33958333333333335 0.0296875 0.0375
7 0.240625 0.3875 0.046875 0.07083333333333333
8 0.2890625 0.3885416666666667 0.075 0.09375
4 0.49375 0.4125 0.046875 0.07083333333333333
4 0.60703125 0.4791666666666667 0.0703125 0.0875
4 0.315625 0.540625 0.06875 0.08125
4 0.5953125 0.6729166666666667 0.1 0.15833333333333333
8 0.0484375 0.7885416666666667 0.096875 0.39375