4 0.38828125 0.3375 0.0265625 0.03333333333333333
1 0.5359375 0.34791666666666665 0.05625 0.1125
4 0.59140625 0.37916666666666665 0.0359375 0.04583333333333333
0 0.6484375 0.38229166666666664 0.0625 0.10208333333333333
7 0.30390625 0.3927083333333333 0.0515625 0.06458333333333334
4 0.49140625 0.4166666666666667 0.0390625 0.04583333333333333
4 0.61484375 0.4354166666666667 0.0421875 0.05416666666666667
4 0.35546875 0.44479166666666664 0.0515625 0.052083333333333336
5 0.7015625 0.45 0.084375 0.11666666666666667
4 0.50546875 0.4625 0.0484375 0.05416666666666667
9 0.6734375 0.49583333333333335 0.1 0.15833333333333333
4 0.53203125 0.56875 0.0703125 0.0875
1 0.83984375 0.7625 0.3203125 0.475
4 0.60859375 0.7802083333333333 0.1203125 0.21458333333333332