4 0.37734375 0.3625 0.0296875 0.03333333333333333
9 0.55390625 0.3885416666666667 0.0484375 0.08125
4 0.4921875 0.403125 0.040625 0.04791666666666667
8 0.68125 0.42291666666666666 0.09375 0.125
4 0.51484375 0.45416666666666666 0.0484375 0.07083333333333333
4 0.7640625 0.47291666666666665 0.05625 0.075
2 0.63984375 0.4791666666666667 0.1109375 0.17916666666666667
4 0.33671875 0.503125 0.0609375 0.08125
8 0.90703125 0.6354166666666666 0.1859375 0.25416666666666665
4 0.571875 0.6458333333333334 0.0875 0.11666666666666667
10 0.775 0.7125 0.140625 0.2375