0 0.4640625 0.33645833333333336 0.04375 0.06458333333333334
0 0.52578125 0.33645833333333336 0.0515625 0.08125
4 0.46953125 0.359375 0.0265625 0.03125
7 0.6203125 0.38333333333333336 0.0625 0.1
0 0.56484375 0.38958333333333334 0.0671875 0.10833333333333334
4 0.48046875 0.39479166666666665 0.0328125 0.04375
4 0.3046875 0.4041666666666667 0.0375 0.04583333333333333
4 0.65234375 0.43645833333333334 0.0453125 0.06041666666666667
4 0.49765625 0.43854166666666666 0.0421875 0.06458333333333334
4 0.34140625 0.4635416666666667 0.0546875 0.05625
4 0.51484375 0.48333333333333334 0.0421875 0.07083333333333333
8 0.7640625 0.49166666666666664 0.159375 0.2125
7 0.2078125 0.5104166666666666 0.084375 0.1125
4 0.6203125 0.5135416666666667 0.06875 0.08958333333333333
4 0.52734375 0.5572916666666666 0.0734375 0.11875
7 0.040625 0.6166666666666667 0.08125 0.18333333333333332
4 0.97109375 0.6541666666666667 0.0578125 0.125
4 0.5671875 0.6802083333333333 0.10625 0.16041666666666668
4 0.73359375 0.6885416666666667 0.1140625 0.15208333333333332