7 0.32734375 0.3125 0.0328125 0.04583333333333333
4 0.39453125 0.33229166666666665 0.0265625 0.035416666666666666
7 0.28671875 0.3489583333333333 0.0390625 0.05625
1 0.6078125 0.3489583333333333 0.06875 0.11041666666666666
7 0.334375 0.35520833333333335 0.040625 0.05625
1 0.54921875 0.3645833333333333 0.0640625 0.10833333333333334
4 0.38046875 0.365625 0.0328125 0.04375
0 0.4890625 0.38333333333333336 0.0625 0.10833333333333334
4 0.69765625 0.42083333333333334 0.0390625 0.04583333333333333
4 0.65703125 0.43645833333333334 0.0484375 0.06458333333333334
4 0.34375 0.49895833333333334 0.0625 0.06875
7 0.2265625 0.5166666666666667 0.1 0.12083333333333333
1 0.078125 0.54375 0.15625 0.17083333333333334
4 0.53671875 0.5625 0.0734375 0.1
1 0.9 0.6322916666666667 0.2 0.30625
1 0.74375 0.64375 0.2375 0.3625
7 0.096875 0.7114583333333333 0.16875 0.22708333333333333
4 0.2578125 0.8552083333333333 0.13125 0.15208333333333332