2 0.26875 0.36041666666666666 0.06875 0.0875
2 0.54375 0.36354166666666665 0.05625 0.08958333333333333
4 0.38359375 0.3729166666666667 0.0359375 0.05
4 0.4796875 0.38333333333333336 0.03125 0.0375
8 0.66015625 0.396875 0.0953125 0.11875
4 0.49921875 0.42291666666666666 0.0515625 0.05416666666666667
4 0.55703125 0.4322916666666667 0.0390625 0.05625
2 0.6296875 0.4822916666666667 0.121875 0.18541666666666667
4 0.52265625 0.503125 0.0609375 0.06041666666666667
4 0.53671875 0.571875 0.0671875 0.08125
8 0.80625 0.6729166666666667 0.2375 0.3958333333333333
4 0.58984375 0.746875 0.1203125 0.16875