10 0.51328125 0.31979166666666664 0.0328125 0.052083333333333336
4 0.4640625 0.3260416666666667 0.025 0.03125
4 0.39140625 0.3302083333333333 0.0234375 0.035416666666666666
4 0.3671875 0.36770833333333336 0.034375 0.04375
4 0.48515625 0.38645833333333335 0.0390625 0.05625
7 0.21484375 0.4083333333333333 0.0609375 0.0875
8 0.27109375 0.4166666666666667 0.0859375 0.1125
4 0.57734375 0.440625 0.0609375 0.07291666666666667
4 0.54609375 0.5364583333333334 0.0671875 0.09791666666666667
4 0.26328125 0.68125 0.1015625 0.1125
4 0.76328125 0.7145833333333333 0.1265625 0.16666666666666666