4 0.3890625 0.35208333333333336 0.034375 0.041666666666666664
7 0.33984375 0.3541666666666667 0.0390625 0.05
1 0.55078125 0.3697916666666667 0.0640625 0.12708333333333333
7 0.24453125 0.3802083333333333 0.0578125 0.07708333333333334
4 0.6078125 0.39479166666666665 0.04375 0.04791666666666667
0 0.6578125 0.3958333333333333 0.071875 0.10833333333333334
4 0.48515625 0.41354166666666664 0.0359375 0.052083333333333336
4 0.50703125 0.46041666666666664 0.0515625 0.07083333333333333
5 0.7453125 0.48541666666666666 0.11875 0.12916666666666668
4 0.6328125 0.5104166666666666 0.059375 0.07916666666666666
4 0.53046875 0.53125 0.0640625 0.0875
9 0.90859375 0.671875 0.1828125 0.26875
4 0.24921875 0.7322916666666667 0.1203125 0.13541666666666666
4 0.58359375 0.740625 0.1078125 0.16458333333333333