7 0.31953125 0.31979166666666664 0.0265625 0.03958333333333333
4 0.346875 0.34791666666666665 0.028125 0.041666666666666664
4 0.47890625 0.37395833333333334 0.0296875 0.03125
1 0.63125 0.378125 0.078125 0.12291666666666666
4 0.49453125 0.39479166666666665 0.0390625 0.04791666666666667
1 0.5625 0.40208333333333335 0.071875 0.09166666666666666
4 0.28671875 0.434375 0.0484375 0.06458333333333334
4 0.4984375 0.4510416666666667 0.04375 0.06041666666666667
4 0.340625 0.5072916666666667 0.05625 0.07291666666666667
4 0.628125 0.5166666666666667 0.059375 0.075
4 0.52578125 0.528125 0.0609375 0.08541666666666667
1 0.83515625 0.7291666666666666 0.3296875 0.5416666666666666
4 0.61171875 0.8020833333333334 0.1140625 0.17083333333333334