4 0.3953125 0.3302083333333333 0.021875 0.03958333333333333
4 0.37421875 0.3729166666666667 0.0328125 0.04583333333333333
4 0.48515625 0.39166666666666666 0.0359375 0.05
8 0.6671875 0.41770833333333335 0.103125 0.15208333333333332
9 0.571875 0.4270833333333333 0.05 0.08333333333333333
4 0.50078125 0.4427083333333333 0.0453125 0.06875
9 0.62109375 0.4875 0.0765625 0.13333333333333333
4 0.5234375 0.509375 0.05625 0.08958333333333333
8 0.86484375 0.571875 0.2078125 0.22708333333333333
4 0.5859375 0.6729166666666667 0.1 0.1375
2 0.878125 0.803125 0.24375 0.39375