8 0.62734375 0.3770833333333333 0.0578125 0.0875
4 0.4921875 0.390625 0.034375 0.04375
2 0.571875 0.39166666666666666 0.071875 0.11666666666666667
4 0.37109375 0.39895833333333336 0.0359375 0.04375
4 0.25078125 0.403125 0.0421875 0.052083333333333336
4 0.5078125 0.45625 0.05 0.05416666666666667
8 0.7125 0.46458333333333335 0.115625 0.15833333333333333
10 0.61640625 0.4895833333333333 0.0671875 0.10833333333333334
4 0.528125 0.53125 0.059375 0.075
4 0.85078125 0.5489583333333333 0.0703125 0.08541666666666667
9 0.6890625 0.5614583333333333 0.125 0.23541666666666666
4 0.30546875 0.5729166666666666 0.0796875 0.0875
4 0.58671875 0.6854166666666667 0.0953125 0.14166666666666666
9 0.85390625 0.79375 0.2171875 0.37083333333333335