4 0.4796875 0.37395833333333334 0.034375 0.03958333333333333
9 0.55234375 0.38333333333333336 0.0484375 0.09166666666666666
4 0.48984375 0.40520833333333334 0.0421875 0.05625
11 0.63828125 0.4166666666666667 0.0890625 0.09583333333333334
4 0.5140625 0.4270833333333333 0.040625 0.05
7 0.26640625 0.4375 0.0671875 0.10416666666666667
4 0.16875 0.475 0.059375 0.06666666666666667
3 0.51171875 0.475 0.0640625 0.1125
4 0.76875 0.48020833333333335 0.065625 0.07708333333333334
4 0.85625 0.5447916666666667 0.08125 0.08958333333333333
9 0.65859375 0.55625 0.1140625 0.16666666666666666
9 0.7921875 0.5885416666666666 0.115625 0.13541666666666666
4 0.55546875 0.6 0.0828125 0.12083333333333333
10 0.95 0.734375 0.1 0.20208333333333334
4 0.79921875 0.7604166666666666 0.1296875 0.17916666666666667
4 0.62890625 0.8489583333333334 0.1421875 0.22291666666666668