7 0.3328125 0.30416666666666664 0.03125 0.05
4 0.4015625 0.30416666666666664 0.021875 0.025
1 0.58046875 0.3104166666666667 0.0578125 0.06666666666666667
4 0.36875 0.3145833333333333 0.034375 0.04583333333333333
4 0.475 0.34270833333333334 0.034375 0.03125
5 0.521875 0.34791666666666665 0.053125 0.06666666666666667
4 0.38203125 0.35625 0.0359375 0.04583333333333333
4 0.4734375 0.36875 0.034375 0.0375
4 0.4828125 0.39895833333333336 0.040625 0.05625
1 0.584375 0.4083333333333333 0.09375 0.1625
4 0.64296875 0.43125 0.0484375 0.07083333333333333
0 0.70546875 0.44895833333333335 0.1109375 0.18125
4 0.503125 0.47604166666666664 0.05 0.06875
4 0.5421875 0.5854166666666667 0.08125 0.10833333333333334
5 0.88671875 0.609375 0.2015625 0.21875
4 0.275 0.6239583333333333 0.109375 0.13541666666666666
4 0.61953125 0.8010416666666667 0.1265625 0.20208333333333334
4 0.034375 0.8958333333333334 0.06875 0.20833333333333334
4 0.91953125 0.9010416666666666 0.1609375 0.19791666666666666