1 0.3796875 0.2864583333333333 0.025 0.03958333333333333
6 0.409375 0.29375 0.021875 0.029166666666666667
7 0.3484375 0.296875 0.025 0.035416666666666666
4 0.4015625 0.30520833333333336 0.01875 0.022916666666666665
4 0.39375 0.31979166666666664 0.025 0.03125
1 0.2921875 0.334375 0.053125 0.08125
7 0.3828125 0.34791666666666665 0.03125 0.041666666666666664
4 0.48125 0.3802083333333333 0.034375 0.05625
7 0.30390625 0.38125 0.0484375 0.07916666666666666
7 0.553125 0.3875 0.046875 0.0875
7 0.1859375 0.42291666666666666 0.0875 0.10833333333333334
1 0.6890625 0.42291666666666666 0.1125 0.18333333333333332
4 0.57109375 0.4239583333333333 0.0328125 0.052083333333333336
4 0.48671875 0.4270833333333333 0.0359375 0.06666666666666667
4 0.3625 0.4375 0.04375 0.058333333333333334
4 0.5953125 0.4479166666666667 0.04375 0.06666666666666667
4 0.50234375 0.4625 0.0390625 0.0625
4 0.5171875 0.4947916666666667 0.059375 0.08125
7 0.7484375 0.5020833333333333 0.103125 0.15833333333333333
7 0.62265625 0.509375 0.0671875 0.13541666666666666
4 0.53046875 0.534375 0.0640625 0.08541666666666667
4 0.3265625 0.5354166666666667 0.06875 0.0875
7 0.66796875 0.5489583333333333 0.1078125 0.20208333333333334
4 0.90546875 0.571875 0.0640625 0.08125
4 0.55859375 0.5770833333333333 0.0703125 0.10416666666666667
7 0.5359375 0.6229166666666667 0.08125 0.15833333333333333
7 0.76484375 0.6510416666666666 0.0984375 0.16041666666666668
1 0.86328125 0.734375 0.2296875 0.38958333333333334
4 0.5734375 0.7416666666666667 0.1 0.175
4 0.61328125 0.8614583333333333 0.1359375 0.20625
4 0.20703125 0.8729166666666667 0.1390625 0.1875
4 0.64296875 0.9510416666666667 0.1515625 0.09791666666666667