7 0.2953125 0.35104166666666664 0.0375 0.05625
9 0.5390625 0.3729166666666667 0.04375 0.07083333333333333
4 0.48515625 0.3885416666666667 0.0390625 0.04791666666666667
4 0.55625 0.41875 0.034375 0.058333333333333334
10 0.6546875 0.42916666666666664 0.05 0.08333333333333333
4 0.49296875 0.434375 0.0515625 0.06875
11 0.61171875 0.4583333333333333 0.1109375 0.17083333333333334
9 0.72109375 0.4947916666666667 0.0828125 0.08541666666666667
4 0.52109375 0.5072916666666667 0.0578125 0.07708333333333334
4 0.81953125 0.6083333333333333 0.0984375 0.1125
4 0.7140625 0.6447916666666667 0.1 0.11875
4 0.625 0.7770833333333333 0.1125 0.17083333333333334