0 0.534375 0.35833333333333334 0.0625 0.0875
4 0.4734375 0.36354166666666665 0.028125 0.03125
4 0.48125 0.3927083333333333 0.0375 0.04375
4 0.490625 0.4354166666666667 0.05 0.0625
0 0.58515625 0.4354166666666667 0.0828125 0.15833333333333333
4 0.509375 0.45208333333333334 0.04375 0.0375
4 0.71640625 0.490625 0.0359375 0.06458333333333334
8 0.65546875 0.5 0.1234375 0.22916666666666666
4 0.51484375 0.50625 0.0640625 0.0875
4 0.22265625 0.509375 0.0671875 0.08125
4 0.3125 0.5125 0.065625 0.075
4 0.7609375 0.5260416666666666 0.065625 0.07291666666666667
4 0.79453125 0.55625 0.0671875 0.058333333333333334
4 0.5515625 0.5729166666666666 0.096875 0.12083333333333333
4 0.69375 0.6145833333333334 0.0875 0.1375
4 0.559375 0.6552083333333333 0.096875 0.11875
4 0.9359375 0.7114583333333333 0.1 0.15625
8 0.83359375 0.7447916666666666 0.2390625 0.36875
4 0.58046875 0.75625 0.1171875 0.17083333333333334
4 0.63203125 0.86875 0.1390625 0.20833333333333334