10 0.33984375 0.3385416666666667 0.0390625 0.06875
4 0.38046875 0.35833333333333334 0.0359375 0.041666666666666664
9 0.215625 0.39895833333333336 0.078125 0.08958333333333333
11 0.28984375 0.4083333333333333 0.0859375 0.125
4 0.58125 0.4864583333333333 0.05625 0.08541666666666667
11 0.109375 0.4947916666666667 0.165625 0.18125
4 0.33046875 0.5104166666666666 0.0671875 0.09166666666666666
4 0.52890625 0.5458333333333333 0.0671875 0.1125
4 0.78203125 0.7427083333333333 0.1171875 0.18541666666666667
2 0.08828125 0.775 0.1765625 0.45
4 0.22734375 0.8364583333333333 0.1421875 0.17708333333333334