4 0.31875 0.3260416666666667 0.021875 0.035416666666666666
4 0.34765625 0.328125 0.0234375 0.03958333333333333
4 0.38671875 0.3375 0.0296875 0.03333333333333333
9 0.55 0.37395833333333334 0.040625 0.07708333333333334
4 0.6109375 0.40208333333333335 0.040625 0.05416666666666667
4 0.5046875 0.4166666666666667 0.040625 0.0625
4 0.35703125 0.425 0.0578125 0.07916666666666666
4 0.515625 0.48541666666666666 0.053125 0.07083333333333333
4 0.703125 0.48541666666666666 0.059375 0.0625
4 0.628125 0.5135416666666667 0.0625 0.08958333333333333
10 0.840625 0.5854166666666667 0.128125 0.2
4 0.68203125 0.5875 0.0796875 0.11666666666666667
4 0.54765625 0.590625 0.0765625 0.12291666666666666
4 0.2828125 0.63125 0.15625 0.13333333333333333
9 0.7953125 0.734375 0.171875 0.28541666666666665