4 0.40234375 0.30625 0.0234375 0.029166666666666667
7 0.32109375 0.32916666666666666 0.0359375 0.05416666666666667
4 0.39140625 0.33229166666666665 0.0265625 0.03125
4 0.353125 0.3375 0.028125 0.041666666666666664
4 0.3609375 0.36875 0.034375 0.04583333333333333
1 0.6375 0.37395833333333334 0.078125 0.10208333333333333
1 0.5640625 0.38333333333333336 0.071875 0.1125
4 0.27578125 0.43020833333333336 0.0515625 0.07708333333333334
4 0.721875 0.440625 0.075 0.06041666666666667
1 0.621875 0.465625 0.11875 0.16041666666666668
4 0.5109375 0.484375 0.075 0.08125
4 0.525 0.5447916666666667 0.071875 0.10208333333333333
7 0.1578125 0.6052083333333333 0.128125 0.16041666666666668
1 0.74296875 0.6135416666666667 0.2328125 0.33125
1 0.9 0.61875 0.15 0.22083333333333333
4 0.56875 0.6572916666666667 0.109375 0.14791666666666667
4 0.59453125 0.8 0.1203125 0.18333333333333332
4 0.6609375 0.90625 0.19375 0.1875