2 0.2984375 0.33229166666666665 0.053125 0.07291666666666667
2 0.546875 0.365625 0.05625 0.08958333333333333
8 0.66015625 0.4010416666666667 0.0953125 0.11875
4 0.49609375 0.42083333333333334 0.0421875 0.0375
4 0.55703125 0.4322916666666667 0.0390625 0.05625
4 0.5078125 0.4739583333333333 0.053125 0.08541666666666667
2 0.64140625 0.4979166666666667 0.1296875 0.2125
4 0.52734375 0.534375 0.0671875 0.09791666666666667
4 0.553125 0.6322916666666667 0.090625 0.11458333333333333
8 0.85703125 0.7479166666666667 0.2859375 0.4791666666666667
4 0.62265625 0.8520833333333333 0.1359375 0.225