9 0.3 0.3260416666666667 0.04375 0.04791666666666667
8 0.34453125 0.32916666666666666 0.0484375 0.07083333333333333
10 0.52578125 0.34791666666666665 0.0421875 0.075
8 0.25234375 0.365625 0.0828125 0.08541666666666667
10 0.5828125 0.36666666666666664 0.04375 0.07083333333333333
4 0.36953125 0.38229166666666664 0.0328125 0.04375
2 0.30234375 0.3885416666666667 0.0671875 0.10208333333333333
10 0.21328125 0.41041666666666665 0.0515625 0.08333333333333333
10 0.34453125 0.4625 0.0609375 0.075
4 0.615625 0.49375 0.065625 0.0875
4 0.12890625 0.6447916666666667 0.1140625 0.13125
4 0.275 0.7229166666666667 0.1 0.1375