4 0.3578125 0.37395833333333334 0.0375 0.04375
4 0.490625 0.42083333333333334 0.0375 0.05
4 0.51484375 0.44166666666666665 0.0453125 0.05416666666666667
4 0.26484375 0.44375 0.0484375 0.05416666666666667
1 0.621875 0.45729166666666665 0.1 0.14791666666666667
4 0.5078125 0.471875 0.05625 0.06458333333333334
4 0.52421875 0.5395833333333333 0.0671875 0.1
1 0.8734375 0.6041666666666666 0.153125 0.19583333333333333
1 0.73515625 0.6052083333333333 0.2046875 0.33958333333333335
7 0.13125 0.634375 0.125 0.16458333333333333
4 0.56015625 0.6458333333333334 0.0921875 0.11666666666666667
4 0.584375 0.76875 0.115625 0.17916666666666667
4 0.65234375 0.90625 0.1546875 0.17916666666666667