7 0.3734375 0.37083333333333335 0.03125 0.041666666666666664
7 0.65546875 0.42083333333333334 0.0671875 0.10416666666666667
4 0.5984375 0.44479166666666664 0.040625 0.05625
7 0.15 0.4708333333333333 0.071875 0.09583333333333334
4 0.51328125 0.47604166666666664 0.0453125 0.06041666666666667
4 0.3484375 0.47708333333333336 0.059375 0.0875
7 0.7484375 0.4864583333333333 0.09375 0.14791666666666667
4 0.5328125 0.5229166666666667 0.053125 0.058333333333333334
7 0.66484375 0.5229166666666667 0.1328125 0.15416666666666667
7 0.6671875 0.546875 0.09375 0.20208333333333334
7 0.84921875 0.5645833333333333 0.1390625 0.2
4 0.55859375 0.5697916666666667 0.0578125 0.11458333333333333
4 0.315625 0.6208333333333333 0.103125 0.14166666666666666
7 0.5328125 0.6229166666666667 0.06875 0.15833333333333333
4 0.58359375 0.7208333333333333 0.1140625 0.15
1 0.85078125 0.740625 0.2328125 0.38125
1 0.1015625 0.7427083333333333 0.203125 0.45208333333333334
4 0.61484375 0.8385416666666666 0.1203125 0.15208333333333332
1 0.9296875 0.84375 0.128125 0.2875
4 0.63671875 0.953125 0.1078125 0.09375