9 0.53515625 0.35833333333333334 0.0390625 0.06666666666666667
4 0.47734375 0.37916666666666665 0.0328125 0.04583333333333333
11 0.6125 0.3854166666666667 0.071875 0.07916666666666666
4 0.503125 0.390625 0.034375 0.035416666666666666
4 0.68046875 0.41041666666666665 0.0484375 0.058333333333333334
3 0.49453125 0.42916666666666664 0.0453125 0.09166666666666666
4 0.7234375 0.43854166666666666 0.053125 0.05625
9 0.6046875 0.46979166666666666 0.078125 0.11875
4 0.51953125 0.49895833333333334 0.0671875 0.08958333333333333
9 0.72265625 0.5052083333333334 0.0859375 0.11875
4 0.6765625 0.5916666666666667 0.084375 0.1125
10 0.83515625 0.5958333333333333 0.1046875 0.12916666666666668
4 0.55546875 0.6260416666666667 0.0953125 0.13125
7 0.10390625 0.6802083333333333 0.1671875 0.23958333333333334