4 0.33828125 0.353125 0.0265625 0.027083333333333334
2 0.5984375 0.359375 0.053125 0.08541666666666667
2 0.6609375 0.41458333333333336 0.090625 0.12916666666666668
4 0.5 0.43125 0.04375 0.058333333333333334
4 0.57734375 0.43125 0.0484375 0.058333333333333334
4 0.725 0.4427083333333333 0.05 0.06458333333333334
4 0.60234375 0.47291666666666665 0.0546875 0.07083333333333333
4 0.51171875 0.4791666666666667 0.0484375 0.06666666666666667
10 0.65859375 0.51875 0.0828125 0.14583333333333334
4 0.55078125 0.5291666666666667 0.0671875 0.10833333333333334
4 0.71171875 0.6520833333333333 0.1046875 0.1375
4 0.225 0.778125 0.128125 0.15625
10 0.8796875 0.8583333333333333 0.171875 0.26666666666666666