7 0.265625 0.36666666666666664 0.05 0.06666666666666667
1 0.540625 0.36666666666666664 0.05625 0.09166666666666666
7 0.61484375 0.3875 0.0484375 0.0625
4 0.484375 0.396875 0.0375 0.04791666666666667
4 0.56953125 0.42916666666666664 0.0515625 0.0625
4 0.34765625 0.43333333333333335 0.0515625 0.0625
4 0.6515625 0.4395833333333333 0.05 0.06666666666666667
4 0.51171875 0.46458333333333335 0.0546875 0.07083333333333333
7 0.71796875 0.47708333333333336 0.0734375 0.125
4 0.64609375 0.5385416666666667 0.0796875 0.10208333333333333
4 0.53203125 0.5458333333333333 0.0640625 0.08333333333333333
1 0.88125 0.5916666666666667 0.2375 0.3625
4 0.6078125 0.7302083333333333 0.134375 0.19375