4 0.3984375 0.31875 0.03125 0.041666666666666664
4 0.38203125 0.3645833333333333 0.0296875 0.04583333333333333
7 0.5578125 0.38645833333333335 0.04375 0.07708333333333334
4 0.4890625 0.4041666666666667 0.0375 0.0375
4 0.4953125 0.4552083333333333 0.040625 0.05625
1 0.62734375 0.47708333333333336 0.1296875 0.17916666666666667
4 0.5234375 0.5083333333333333 0.053125 0.0875
4 0.7625 0.525 0.08125 0.11666666666666667
4 0.5703125 0.6375 0.096875 0.15
4 0.2609375 0.7302083333333333 0.134375 0.17708333333333334
7 0.0546875 0.815625 0.109375 0.27708333333333335
4 0.665625 0.925 0.16875 0.15