4 0.38671875 0.3541666666666667 0.0359375 0.0625
4 0.51640625 0.3770833333333333 0.0234375 0.03333333333333333
4 0.484375 0.390625 0.025 0.027083333333333334
4 0.553125 0.390625 0.03125 0.04375
4 0.52421875 0.4083333333333333 0.0296875 0.0375
10 0.60859375 0.428125 0.0421875 0.07708333333333334
4 0.50546875 0.44375 0.0421875 0.05
4 0.5578125 0.4510416666666667 0.046875 0.052083333333333336
4 0.61015625 0.5145833333333333 0.0640625 0.0875
4 0.534375 0.54375 0.084375 0.11666666666666667
4 0.640625 0.5770833333333333 0.084375 0.125
10 0.86796875 0.6760416666666667 0.0234375 0.10625
9 0.77578125 0.7125 0.1796875 0.3625