4 0.5 0.36666666666666664 0.025 0.016666666666666666
4 0.371875 0.38333333333333336 0.021875 0.0375
4 0.52734375 0.39895833333333336 0.0265625 0.03125
1 0.48515625 0.40625 0.0140625 0.041666666666666664
4 0.4125 0.415625 0.021875 0.052083333333333336
9 0.3390625 0.44166666666666665 0.040625 0.08333333333333333
4 0.5171875 0.44479166666666664 0.03125 0.052083333333333336
4 0.3953125 0.44895833333333335 0.025 0.03958333333333333
8 0.26875 0.4583333333333333 0.04375 0.1125
4 0.5359375 0.5354166666666667 0.0625 0.09166666666666666
4 0.3390625 0.6208333333333333 0.065625 0.1375
4 0.725 0.703125 0.1125 0.17708333333333334