4 0.38828125 0.34270833333333334 0.0328125 0.04375
4 0.52734375 0.3927083333333333 0.0328125 0.03958333333333333
4 0.4890625 0.4041666666666667 0.03125 0.03333333333333333
4 0.57578125 0.4114583333333333 0.0390625 0.04791666666666667
4 0.54140625 0.42083333333333334 0.0390625 0.04583333333333333
10 0.64921875 0.4666666666666667 0.0671875 0.1
4 0.578125 0.475 0.0375 0.05416666666666667
4 0.51796875 0.4791666666666667 0.0453125 0.06666666666666667
4 0.65390625 0.5729166666666666 0.0921875 0.15
4 0.56796875 0.6395833333333333 0.0765625 0.14166666666666666
4 0.71328125 0.6875 0.0921875 0.14583333333333334