4 0.3875 0.346875 0.028125 0.03958333333333333
4 0.57265625 0.409375 0.0421875 0.052083333333333336
4 0.53671875 0.41770833333333335 0.0328125 0.03958333333333333
4 0.4859375 0.42083333333333334 0.034375 0.03333333333333333
10 0.6390625 0.4666666666666667 0.065625 0.09166666666666666
4 0.5140625 0.4708333333333333 0.040625 0.06666666666666667
4 0.57578125 0.48333333333333334 0.0390625 0.0625
4 0.63671875 0.565625 0.0765625 0.11458333333333333
4 0.55390625 0.6145833333333334 0.0890625 0.14166666666666666
4 0.6921875 0.653125 0.1 0.15208333333333332
9 0.8921875 0.828125 0.215625 0.34375