4 0.40625 0.3385416666666667 0.0375 0.03958333333333333
4 0.4765625 0.36875 0.025 0.029166666666666667
4 0.50859375 0.371875 0.0265625 0.027083333333333334
4 0.49140625 0.4 0.0328125 0.0375
4 0.57265625 0.4114583333333333 0.0421875 0.05625
4 0.540625 0.42083333333333334 0.034375 0.05
4 0.49765625 0.434375 0.0421875 0.04375
4 0.53046875 0.49375 0.0671875 0.06666666666666667
4 0.65703125 0.5697916666666667 0.0859375 0.11041666666666666
4 0.546875 0.5802083333333333 0.078125 0.09791666666666667
4 0.60390625 0.7729166666666667 0.1171875 0.19583333333333333