4 0.41328125 0.39791666666666664 0.0328125 0.041666666666666664
4 0.49765625 0.403125 0.0265625 0.035416666666666666
4 0.49296875 0.43645833333333334 0.0421875 0.06458333333333334
4 0.34453125 0.43854166666666666 0.0265625 0.03958333333333333
4 0.38671875 0.48541666666666666 0.0359375 0.041666666666666664
4 0.584375 0.4895833333333333 0.05 0.09166666666666666
8 0.15859375 0.5510416666666667 0.0609375 0.11458333333333333
9 0.234375 0.5875 0.109375 0.14583333333333334
4 0.35078125 0.5979166666666667 0.0609375 0.08333333333333333
4 0.7609375 0.6416666666666667 0.10625 0.09583333333333334
4 0.75703125 0.753125 0.1390625 0.18541666666666667
4 0.6125 0.7927083333333333 0.115625 0.18958333333333333