4 0.41796875 0.3416666666666667 0.0078125 0.020833333333333332
4 0.46953125 0.35 0.0046875 0.016666666666666666
4 0.49296875 0.353125 0.0171875 0.03125
4 0.38125 0.3572916666666667 0.025 0.052083333333333336
4 0.53203125 0.365625 0.0234375 0.03958333333333333
4 0.50234375 0.371875 0.0078125 0.01875
4 0.47734375 0.37395833333333334 0.0078125 0.027083333333333334
4 0.5125 0.3885416666666667 0.021875 0.022916666666666665
4 0.56328125 0.39895833333333336 0.0265625 0.04791666666666667
4 0.49296875 0.409375 0.0203125 0.027083333333333334
4 0.5375 0.4125 0.01875 0.03333333333333333
4 0.5625 0.44895833333333335 0.0375 0.05625
4 0.5046875 0.45729166666666665 0.046875 0.06458333333333334
4 0.58125 0.48020833333333335 0.05 0.07708333333333334
9 0.64453125 0.521875 0.1078125 0.16875
4 0.56796875 0.640625 0.0640625 0.13541666666666666
4 0.8203125 0.8270833333333333 0.13125 0.2125