10 0.328125 0.3958333333333333 0.040625 0.05
4 0.41484375 0.39791666666666664 0.0265625 0.029166666666666667
4 0.52421875 0.4 0.0296875 0.05
4 0.48515625 0.4114583333333333 0.0328125 0.03958333333333333
11 0.56640625 0.4479166666666667 0.0640625 0.13333333333333333
4 0.61796875 0.4479166666666667 0.0515625 0.0625
4 0.51171875 0.49583333333333335 0.0515625 0.0625
4 0.37109375 0.5020833333333333 0.0421875 0.058333333333333334
4 0.77734375 0.6989583333333333 0.1359375 0.15208333333333332
4 0.18359375 0.7697916666666667 0.1265625 0.13541666666666666
4 0.59609375 0.8302083333333333 0.1140625 0.16875