4 0.41640625 0.3375 0.0171875 0.020833333333333332
4 0.38515625 0.35520833333333335 0.0390625 0.04375
4 0.50703125 0.36666666666666664 0.0296875 0.029166666666666667
4 0.53125 0.37083333333333335 0.03125 0.0375
4 0.47578125 0.37604166666666666 0.0234375 0.027083333333333334
10 0.56953125 0.396875 0.0390625 0.052083333333333336
4 0.49296875 0.4166666666666667 0.0328125 0.04583333333333333
4 0.53828125 0.41875 0.0421875 0.041666666666666664
4 0.56484375 0.4552083333333333 0.0453125 0.06041666666666667
4 0.50546875 0.4708333333333333 0.0515625 0.058333333333333334
4 0.584375 0.503125 0.046875 0.06875
4 0.70703125 0.5208333333333334 0.0296875 0.08333333333333333
9 0.653125 0.5520833333333334 0.090625 0.19166666666666668
4 0.57578125 0.6916666666666667 0.0921875 0.17083333333333334
4 0.8625 0.8739583333333333 0.228125 0.2520833333333333