10 0.33125 0.3927083333333333 0.046875 0.05625
4 0.52421875 0.396875 0.0296875 0.03958333333333333
4 0.41484375 0.39791666666666664 0.0265625 0.029166666666666667
4 0.48515625 0.4114583333333333 0.0328125 0.03958333333333333
11 0.56015625 0.440625 0.0640625 0.09375
4 0.6078125 0.44375 0.04375 0.05416666666666667
4 0.50703125 0.478125 0.0453125 0.05625
4 0.3609375 0.5166666666666667 0.05 0.058333333333333334
4 0.725 0.6458333333333334 0.1 0.13333333333333333
4 0.5859375 0.7520833333333333 0.103125 0.14583333333333334
4 0.0890625 0.915625 0.178125 0.16875