11 0.29453125 0.42604166666666665 0.0671875 0.09375
8 0.34765625 0.42604166666666665 0.0546875 0.08541666666666667
7 0.590625 0.43333333333333335 0.0375 0.058333333333333334
4 0.3984375 0.45416666666666666 0.034375 0.0375
4 0.321875 0.4895833333333333 0.04375 0.04583333333333333
4 0.5171875 0.503125 0.046875 0.05625
4 0.38359375 0.50625 0.0421875 0.058333333333333334
4 0.18125 0.5072916666666667 0.046875 0.052083333333333336
7 0.2328125 0.509375 0.0625 0.08958333333333333
6 0.3640625 0.584375 0.059375 0.08541666666666667
7 0.14765625 0.5916666666666667 0.0953125 0.12083333333333333
4 0.56015625 0.6072916666666667 0.0609375 0.10208333333333333
9 0.71875 0.6291666666666667 0.146875 0.2625
4 0.2125 0.6625 0.084375 0.1
4 0.3390625 0.6895833333333333 0.084375 0.10416666666666667
4 0.63046875 0.8072916666666666 0.1171875 0.20208333333333334