4 0.30859375 0.40729166666666666 0.0265625 0.03125
4 0.54453125 0.4166666666666667 0.0265625 0.03333333333333333
4 0.4953125 0.41875 0.025 0.0375
4 0.3625 0.428125 0.025 0.035416666666666666
4 0.40703125 0.43333333333333335 0.0265625 0.0375
4 0.34453125 0.459375 0.0296875 0.052083333333333336
4 0.3984375 0.46770833333333334 0.034375 0.04791666666666667
4 0.575 0.475 0.04375 0.06666666666666667
4 0.62890625 0.475 0.0453125 0.058333333333333334
7 0.31015625 0.48333333333333334 0.0578125 0.09583333333333334
9 0.221875 0.4979166666666667 0.0875 0.15416666666666667
4 0.4 0.5010416666666667 0.040625 0.06041666666666667
4 0.53125 0.5583333333333333 0.0625 0.08333333333333333
4 0.63125 0.5729166666666666 0.0625 0.07083333333333333
7 0.25078125 0.575 0.0921875 0.14166666666666666
4 0.33828125 0.5989583333333334 0.0703125 0.08125
9 0.08515625 0.6135416666666667 0.1703125 0.22291666666666668
4 0.328125 0.6854166666666667 0.078125 0.1
9 0.09609375 0.815625 0.1921875 0.33541666666666664
4 0.25390625 0.909375 0.1359375 0.18125