4 0.496875 0.4270833333333333 0.028125 0.041666666666666664
4 0.5828125 0.4322916666666667 0.034375 0.04791666666666667
4 0.3125 0.49375 0.040625 0.04583333333333333
4 0.540625 0.528125 0.05 0.08125
4 0.29140625 0.5416666666666666 0.0421875 0.07083333333333333
4 0.37578125 0.5552083333333333 0.0515625 0.06458333333333334
9 0.20703125 0.590625 0.1640625 0.21875
4 0.3484375 0.6010416666666667 0.059375 0.06041666666666667
9 0.07890625 0.6052083333333333 0.1359375 0.19375
4 0.33046875 0.659375 0.0796875 0.11458333333333333
4 0.29453125 0.7604166666666666 0.1078125 0.14166666666666666