8 0.4859375 0.33958333333333335 0.015625 0.029166666666666667
4 0.46640625 0.35104166666666664 0.0109375 0.014583333333333334
9 0.3390625 0.38645833333333335 0.034375 0.05625
7 0.36484375 0.40520833333333334 0.0296875 0.04375
4 0.4 0.40729166666666666 0.025 0.01875
4 0.3984375 0.42916666666666664 0.028125 0.029166666666666667
7 0.29921875 0.43645833333333334 0.0421875 0.06041666666666667
9 0.34375 0.44375 0.04375 0.07083333333333333
4 0.4 0.45208333333333334 0.03125 0.03333333333333333
4 0.24140625 0.459375 0.0328125 0.035416666666666666
4 0.3921875 0.4708333333333333 0.034375 0.041666666666666664
4 0.2625 0.4822916666666667 0.0375 0.03958333333333333
4 0.3171875 0.4875 0.040625 0.05416666666666667
4 0.37734375 0.49895833333333334 0.0421875 0.05625
4 0.28359375 0.5364583333333334 0.0453125 0.06041666666666667
4 0.2484375 0.596875 0.065625 0.08125
4 0.33671875 0.634375 0.0765625 0.11458333333333333
8 0.075 0.6364583333333333 0.15 0.24375
4 0.1640625 0.753125 0.109375 0.12291666666666666