8 0.3609375 0.403125 0.05625 0.08125
4 0.41328125 0.4114583333333333 0.0328125 0.04375
9 0.29609375 0.42291666666666666 0.0484375 0.075
9 0.33359375 0.45416666666666666 0.0546875 0.0875
8 0.23203125 0.46770833333333334 0.0984375 0.13125
4 0.39609375 0.4791666666666667 0.0421875 0.05
4 0.3828125 0.5135416666666667 0.05 0.06041666666666667
4 0.35234375 0.5729166666666666 0.0578125 0.06666666666666667
11 0.10703125 0.6114583333333333 0.2078125 0.27291666666666664
4 0.33125 0.6395833333333333 0.075 0.1
8 0.15546875 0.6989583333333333 0.1953125 0.30625
6 0.32421875 0.715625 0.0859375 0.12708333333333333
4 0.29375 0.8375 0.1125 0.15