4 0.48984375 0.41875 0.0265625 0.03333333333333333
4 0.57734375 0.425 0.0359375 0.04583333333333333
4 0.33359375 0.46770833333333334 0.0359375 0.04375
4 0.3140625 0.49895833333333334 0.0375 0.04375
4 0.37578125 0.50625 0.0453125 0.05416666666666667
4 0.534375 0.5072916666666667 0.046875 0.06875
4 0.28984375 0.540625 0.0453125 0.06875
4 0.3734375 0.553125 0.040625 0.06041666666666667
9 0.2046875 0.5895833333333333 0.1625 0.22083333333333333
4 0.34921875 0.5979166666666667 0.0546875 0.058333333333333334
9 0.08359375 0.6072916666666667 0.1671875 0.20208333333333334
4 0.3296875 0.6583333333333333 0.08125 0.1125
4 0.29375 0.7583333333333333 0.103125 0.13333333333333333
4 0.634375 0.8635416666666667 0.125 0.23958333333333334