9 0.346875 0.37083333333333335 0.03125 0.04583333333333333
7 0.52421875 0.38229166666666664 0.0328125 0.04791666666666667
9 0.3234375 0.39895833333333336 0.046875 0.06875
4 0.4234375 0.40520833333333334 0.021875 0.027083333333333334
4 0.40390625 0.41041666666666665 0.0234375 0.029166666666666667
4 0.29453125 0.41354166666666664 0.0265625 0.035416666666666666
7 0.35703125 0.41875 0.0421875 0.058333333333333334
4 0.540625 0.42604166666666665 0.03125 0.03958333333333333
4 0.50703125 0.4270833333333333 0.0296875 0.0375
4 0.396875 0.4322916666666667 0.03125 0.035416666666666666
4 0.259375 0.43854166666666666 0.034375 0.03958333333333333
4 0.40078125 0.44375 0.0328125 0.029166666666666667
4 0.50703125 0.45 0.0390625 0.04583333333333333
4 0.39921875 0.4583333333333333 0.0359375 0.04583333333333333
7 0.33515625 0.459375 0.0578125 0.08541666666666667
4 0.26953125 0.4635416666666667 0.0390625 0.052083333333333336
4 0.3859375 0.4895833333333333 0.04375 0.05416666666666667
4 0.19140625 0.4947916666666667 0.0328125 0.052083333333333336
7 0.23828125 0.49895833333333334 0.0703125 0.08958333333333333
4 0.3015625 0.5104166666666666 0.053125 0.07083333333333333
4 0.3515625 0.6 0.071875 0.0875
4 0.2484375 0.6114583333333333 0.071875 0.08958333333333333
4 0.13671875 0.6291666666666667 0.0765625 0.09166666666666666
4 0.71328125 0.9510416666666667 0.1453125 0.09791666666666667