8 0.61640625 0.4322916666666667 0.0546875 0.08125
0 0.5703125 0.44479166666666664 0.065625 0.09791666666666667
9 0.328125 0.45416666666666666 0.05625 0.07916666666666666
4 0.38828125 0.471875 0.0390625 0.04375
7 0.21484375 0.5020833333333333 0.0640625 0.09583333333333334
4 0.38359375 0.5020833333333333 0.0421875 0.041666666666666664
4 0.521875 0.5020833333333333 0.04375 0.0625
9 0.62890625 0.5270833333333333 0.0890625 0.12083333333333333
0 0.275 0.5291666666666667 0.10625 0.14583333333333334
4 0.3703125 0.55 0.05 0.06666666666666667
9 0.13828125 0.5625 0.1015625 0.1
4 0.33828125 0.6197916666666666 0.0703125 0.07708333333333334
4 0.5734375 0.690625 0.078125 0.12708333333333333
4 0.31171875 0.7239583333333334 0.0953125 0.12708333333333333
8 0.11796875 0.8020833333333334 0.2359375 0.37916666666666665