4 0.3265625 0.415625 0.034375 0.04375
4 0.3640625 0.425 0.03125 0.0375
4 0.40859375 0.43020833333333336 0.0296875 0.035416666666666666
4 0.4984375 0.4322916666666667 0.034375 0.04375
4 0.59921875 0.446875 0.0390625 0.04375
4 0.2796875 0.44895833333333335 0.0375 0.03958333333333333
4 0.33984375 0.46458333333333335 0.0328125 0.041666666666666664
4 0.3921875 0.48125 0.0375 0.041666666666666664
4 0.31953125 0.49270833333333336 0.0421875 0.05625
4 0.528125 0.5125 0.046875 0.07083333333333333
9 0.1828125 0.5270833333333333 0.121875 0.1625
4 0.37734375 0.5270833333333333 0.0421875 0.058333333333333334
7 0.2703125 0.5333333333333333 0.084375 0.12083333333333333
4 0.6234375 0.5375 0.05625 0.07083333333333333
4 0.38984375 0.565625 0.0546875 0.08125
7 0.76796875 0.634375 0.1421875 0.22291666666666668
7 0.1953125 0.64375 0.115625 0.15416666666666667
4 0.321875 0.6572916666666667 0.0875 0.10208333333333333
9 0.05 0.6666666666666666 0.1 0.21666666666666667
4 0.29140625 0.8104166666666667 0.0984375 0.12083333333333333
9 0.09375 0.8270833333333333 0.184375 0.3375
4 0.82890625 0.896875 0.1390625 0.20625
4 0.23046875 0.9416666666666667 0.1421875 0.11666666666666667