8 0.25078125 0.46458333333333335 0.0734375 0.09583333333333334
8 0.5890625 0.47291666666666665 0.084375 0.15
4 0.32890625 0.478125 0.0359375 0.04791666666666667
4 0.37890625 0.5104166666666666 0.0453125 0.0625
7 0.6890625 0.5104166666666666 0.075 0.125
4 0.2984375 0.5239583333333333 0.04375 0.052083333333333336
8 0.1625 0.534375 0.1375 0.16458333333333333
4 0.53203125 0.5416666666666666 0.0453125 0.0625
4 0.37265625 0.5625 0.0515625 0.07083333333333333
4 0.26328125 0.5833333333333334 0.0671875 0.09166666666666666
4 0.3359375 0.6395833333333333 0.06875 0.07916666666666666
4 0.62265625 0.6604166666666667 0.0796875 0.125
9 0.103125 0.7989583333333333 0.20625 0.40208333333333335
4 0.2859375 0.809375 0.125 0.17708333333333334