9 0.328125 0.4 0.034375 0.058333333333333334
9 0.3625 0.4125 0.0375 0.05416666666666667
8 0.28203125 0.4270833333333333 0.0703125 0.1
4 0.40625 0.43854166666666666 0.028125 0.03958333333333333
4 0.396875 0.475 0.0375 0.041666666666666664
11 0.2015625 0.5083333333333333 0.115625 0.17083333333333334
8 0.28046875 0.515625 0.0953125 0.16458333333333333
4 0.36796875 0.5375 0.0515625 0.05416666666666667
4 0.1203125 0.5583333333333333 0.065625 0.0625
4 0.34921875 0.5947916666666667 0.0640625 0.08125
7 0.06640625 0.6791666666666667 0.1328125 0.16666666666666666
6 0.3296875 0.70625 0.0875 0.125
4 0.153125 0.7645833333333333 0.125 0.13333333333333333
4 0.29453125 0.8354166666666667 0.1140625 0.14583333333333334