4 0.284375 0.44375 0.028125 0.041666666666666664
4 0.340625 0.45625 0.03125 0.041666666666666664
8 0.234375 0.48333333333333334 0.078125 0.12083333333333333
4 0.32109375 0.4864583333333333 0.0421875 0.05625
4 0.37421875 0.5135416666666667 0.0453125 0.06458333333333334
4 0.52890625 0.5333333333333333 0.0515625 0.07083333333333333
4 0.28828125 0.5416666666666666 0.0515625 0.06666666666666667
8 0.13984375 0.5614583333333333 0.1671875 0.17708333333333334
4 0.36640625 0.5916666666666667 0.0609375 0.08333333333333333
4 0.24765625 0.6125 0.0703125 0.09166666666666666
4 0.59296875 0.6666666666666666 0.0828125 0.125
4 0.31796875 0.6927083333333334 0.0828125 0.10625