4 0.38828125 0.471875 0.0390625 0.04375
7 0.259375 0.47291666666666665 0.053125 0.0875
0 0.31328125 0.4822916666666667 0.0765625 0.11041666666666666
9 0.20078125 0.5020833333333333 0.0734375 0.06666666666666667
4 0.38359375 0.5020833333333333 0.0421875 0.041666666666666664
0 0.57734375 0.5166666666666667 0.1109375 0.175
4 0.3703125 0.5447916666666667 0.05 0.06041666666666667
4 0.35078125 0.596875 0.0640625 0.06458333333333334
9 0.1015625 0.5989583333333334 0.10625 0.16458333333333333
8 0.21796875 0.6052083333333333 0.1453125 0.20208333333333334
4 0.33125 0.6541666666666667 0.075 0.1
4 0.58515625 0.6760416666666667 0.0890625 0.13958333333333334
8 0.88828125 0.69375 0.2234375 0.3
6 0.30390625 0.7802083333333333 0.1078125 0.15625