4 0.36796875 0.421875 0.0234375 0.03958333333333333
4 0.56328125 0.4375 0.0359375 0.04583333333333333
4 0.4046875 0.43854166666666666 0.01875 0.035416666666666666
4 0.50546875 0.44895833333333335 0.0328125 0.04375
4 0.39765625 0.4552083333333333 0.0234375 0.04375
4 0.34609375 0.45625 0.0296875 0.05
7 0.31328125 0.47708333333333336 0.0578125 0.09583333333333334
9 0.2296875 0.48125 0.084375 0.12916666666666668
4 0.4015625 0.49166666666666664 0.03125 0.058333333333333334
4 0.615625 0.5208333333333334 0.05 0.075
4 0.69296875 0.5291666666666667 0.0578125 0.07083333333333333
7 0.26484375 0.5510416666666667 0.0703125 0.12291666666666666
4 0.34921875 0.571875 0.0640625 0.08958333333333333
9 0.096875 0.596875 0.165625 0.21875
4 0.3390625 0.6552083333333333 0.071875 0.10208333333333333
4 0.72265625 0.7135416666666666 0.0921875 0.11875
4 0.58671875 0.7145833333333333 0.0828125 0.14166666666666666
9 0.09765625 0.7885416666666667 0.1953125 0.32708333333333334
4 0.2625 0.8697916666666666 0.109375 0.20208333333333334