7 0.315625 0.41875 0.034375 0.041666666666666664
4 0.36015625 0.4239583333333333 0.0296875 0.035416666666666666
6 0.40703125 0.43645833333333334 0.0296875 0.03958333333333333
4 0.3375 0.44895833333333335 0.028125 0.027083333333333334
4 0.5078125 0.47291666666666665 0.03125 0.04583333333333333
4 0.3375 0.4739583333333333 0.03125 0.03958333333333333
4 0.39765625 0.4739583333333333 0.0359375 0.04791666666666667
9 0.23359375 0.48541666666666666 0.0640625 0.0875
9 0.29453125 0.5114583333333333 0.0671875 0.09375
4 0.3828125 0.528125 0.05 0.05625
7 0.1734375 0.5354166666666667 0.078125 0.09583333333333334
9 0.08984375 0.6208333333333333 0.1171875 0.175
7 0.1828125 0.65 0.121875 0.1625
9 0.86796875 0.6583333333333333 0.1734375 0.2375
4 0.3203125 0.7572916666666667 0.09375 0.12708333333333333