4 0.365625 0.41458333333333336 0.03125 0.0375
4 0.4078125 0.421875 0.0375 0.03958333333333333
4 0.3109375 0.43020833333333336 0.040625 0.04791666666666667
9 0.55078125 0.4322916666666667 0.0484375 0.07708333333333334
4 0.60078125 0.43854166666666666 0.0296875 0.03958333333333333
4 0.3484375 0.44479166666666664 0.0375 0.04375
4 0.40546875 0.4552083333333333 0.0359375 0.03958333333333333
4 0.2578125 0.471875 0.04375 0.04375
4 0.32890625 0.48333333333333334 0.0390625 0.04583333333333333
4 0.51328125 0.4875 0.0453125 0.0625
7 0.65859375 0.49375 0.0671875 0.1
4 0.384375 0.503125 0.04375 0.04791666666666667
4 0.5859375 0.5041666666666667 0.046875 0.06666666666666667
4 0.309375 0.5125 0.05 0.0625
4 0.375 0.54375 0.046875 0.0625
8 0.15234375 0.5447916666666667 0.1265625 0.17291666666666666
9 0.24765625 0.559375 0.1015625 0.13125
4 0.384375 0.5927083333333333 0.0625 0.08541666666666667
9 0.196875 0.634375 0.11875 0.15625
4 0.5546875 0.6479166666666667 0.06875 0.10416666666666667
8 0.03984375 0.671875 0.0796875 0.18958333333333333
4 0.309375 0.6833333333333333 0.096875 0.10416666666666667
4 0.88203125 0.7114583333333333 0.1265625 0.14375
4 0.28984375 0.809375 0.1046875 0.13125
8 0.09375 0.8291666666666667 0.1875 0.3416666666666667
9 0.8484375 0.8552083333333333 0.196875 0.27708333333333335
4 0.23359375 0.9395833333333333 0.1484375 0.12083333333333333