4 0.4703125 0.35833333333333334 0.015625 0.020833333333333332
4 0.4953125 0.3614583333333333 0.015625 0.022916666666666665
9 0.3328125 0.3875 0.05 0.06666666666666667
4 0.48984375 0.4041666666666667 0.0265625 0.0375
4 0.425 0.40520833333333334 0.025 0.027083333333333334
7 0.36875 0.40625 0.03125 0.05
4 0.4046875 0.41458333333333336 0.028125 0.03333333333333333
9 0.3 0.42083333333333334 0.065625 0.09166666666666666
7 0.35390625 0.4270833333333333 0.0359375 0.05
4 0.396875 0.43333333333333335 0.028125 0.041666666666666664
4 0.26015625 0.44479166666666664 0.0328125 0.03958333333333333
4 0.3484375 0.4479166666666667 0.03125 0.0375
4 0.21796875 0.465625 0.0515625 0.04375
4 0.39609375 0.46875 0.0359375 0.041666666666666664
9 0.32265625 0.478125 0.0578125 0.09791666666666667
4 0.528125 0.49270833333333336 0.05 0.06458333333333334
4 0.38046875 0.5145833333333333 0.0515625 0.06666666666666667
4 0.196875 0.5260416666666666 0.053125 0.07291666666666667
4 0.25546875 0.5697916666666667 0.0671875 0.09375
7 0.11328125 0.5989583333333334 0.1234375 0.15208333333333332
4 0.33671875 0.6 0.0734375 0.09583333333333334
4 0.5671875 0.6177083333333333 0.078125 0.11041666666666666
4 0.89921875 0.74375 0.1296875 0.15
4 0.1109375 0.8177083333333334 0.134375 0.17291666666666666
4 0.24375 0.9385416666666667 0.153125 0.12291666666666666