8 0.3328125 0.4395833333333333 0.06875 0.1125
7 0.2328125 0.49166666666666664 0.05 0.075
4 0.38515625 0.49270833333333336 0.0484375 0.06875
9 0.2828125 0.515625 0.096875 0.09791666666666667
7 0.1734375 0.5447916666666667 0.090625 0.07291666666666667
4 0.540625 0.5510416666666667 0.065625 0.09791666666666667
4 0.3625 0.5739583333333333 0.065625 0.09791666666666667
7 0.0625 0.6104166666666667 0.125 0.10833333333333334
8 0.87890625 0.6510416666666666 0.2421875 0.3020833333333333
4 0.33515625 0.6947916666666667 0.0984375 0.12291666666666666
0 0.1328125 0.7916666666666666 0.265625 0.4125
4 0.64375 0.8677083333333333 0.14375 0.23125
4 0.25546875 0.9010416666666666 0.1328125 0.16875