8 0.265625 0.459375 0.071875 0.09375
4 0.32890625 0.478125 0.0359375 0.04791666666666667
8 0.6140625 0.509375 0.1 0.17291666666666666
4 0.37890625 0.5104166666666666 0.0453125 0.0625
8 0.17265625 0.5239583333333333 0.1296875 0.14791666666666667
4 0.2984375 0.5239583333333333 0.04375 0.052083333333333336
4 0.37265625 0.5625 0.0515625 0.07083333333333333
4 0.26640625 0.5791666666666667 0.0609375 0.08333333333333333
7 0.78046875 0.596875 0.1234375 0.18541666666666667
4 0.3390625 0.63125 0.06875 0.07916666666666666
4 0.57421875 0.6447916666666667 0.0734375 0.09791666666666667
9 0.11015625 0.7520833333333333 0.2203125 0.37916666666666665
4 0.29921875 0.7708333333333334 0.1171875 0.1625
4 0.77734375 0.9020833333333333 0.1578125 0.19583333333333333