4 0.4890625 0.3572916666666667 0.025 0.01875
4 0.48203125 0.384375 0.0265625 0.035416666666666666
8 0.31484375 0.41354166666666664 0.0453125 0.06041666666666667
9 0.26875 0.43645833333333334 0.053125 0.07708333333333334
4 0.3484375 0.4479166666666667 0.028125 0.041666666666666664
4 0.3859375 0.46458333333333335 0.034375 0.05
9 0.259375 0.534375 0.13125 0.17291666666666666
4 0.38125 0.540625 0.04375 0.06458333333333334
4 0.346875 0.5927083333333333 0.06875 0.06875
8 0.14765625 0.6489583333333333 0.2015625 0.29791666666666666
4 0.3296875 0.659375 0.1 0.09375
4 0.29609375 0.7552083333333334 0.1171875 0.13958333333333334
4 0.25546875 0.9145833333333333 0.1515625 0.1625