7 0.29609375 0.4322916666666667 0.0515625 0.07291666666666667
0 0.3421875 0.43333333333333335 0.0625 0.09166666666666666
4 0.49921875 0.45729166666666665 0.0359375 0.03958333333333333
9 0.2546875 0.46041666666666664 0.059375 0.0625
4 0.38828125 0.471875 0.0390625 0.04375
4 0.5984375 0.496875 0.046875 0.07291666666666667
9 0.209375 0.5020833333333333 0.071875 0.10833333333333334
4 0.38359375 0.5020833333333333 0.0421875 0.041666666666666664
8 0.28359375 0.5041666666666667 0.0921875 0.13333333333333333
4 0.5296875 0.5333333333333333 0.046875 0.0625
4 0.3734375 0.540625 0.05 0.06041666666666667
4 0.35234375 0.5864583333333333 0.0640625 0.06458333333333334
9 0.196875 0.6416666666666667 0.140625 0.1875
4 0.33125 0.6479166666666667 0.075 0.1
8 0.0671875 0.6760416666666667 0.134375 0.32708333333333334
6 0.3296875 0.7260416666666667 0.09375 0.13125
4 0.29375 0.8479166666666667 0.115625 0.16666666666666666
11 0.8984375 0.871875 0.203125 0.25625