7 0.3171875 0.421875 0.034375 0.052083333333333336
4 0.40390625 0.43125 0.0328125 0.0375
7 0.27578125 0.4635416666666667 0.0546875 0.06458333333333334
4 0.328125 0.4708333333333333 0.0375 0.04583333333333333
6 0.39375 0.47708333333333336 0.034375 0.05
4 0.29609375 0.509375 0.0390625 0.03958333333333333
4 0.378125 0.53125 0.04375 0.0625
9 0.16796875 0.5458333333333333 0.0859375 0.1125
4 0.29453125 0.5489583333333333 0.0546875 0.05625
4 0.63671875 0.559375 0.0609375 0.08541666666666667
4 0.35078125 0.6302083333333334 0.0734375 0.08125
7 0.06328125 0.6447916666666667 0.1265625 0.15208333333333332
9 0.19296875 0.6614583333333334 0.1359375 0.16875