9 0.29140625 0.42291666666666666 0.0546875 0.08333333333333333
4 0.61640625 0.4427083333333333 0.0390625 0.05625
7 0.33359375 0.45 0.0453125 0.07083333333333333
4 0.5609375 0.45625 0.034375 0.05
4 0.50703125 0.4666666666666667 0.0359375 0.04583333333333333
4 0.3953125 0.47291666666666665 0.034375 0.04583333333333333
9 0.23203125 0.478125 0.0828125 0.12708333333333333
4 0.65703125 0.4895833333333333 0.0546875 0.06666666666666667
4 0.1765625 0.5135416666666667 0.059375 0.06458333333333334
4 0.3 0.5166666666666667 0.053125 0.05416666666666667
4 0.36875 0.5239583333333333 0.046875 0.06875
4 0.6 0.5322916666666667 0.05625 0.07708333333333334
9 0.2421875 0.5875 0.109375 0.15416666666666667
4 0.684375 0.6354166666666666 0.078125 0.10833333333333334
4 0.5578125 0.6416666666666667 0.071875 0.1
4 0.33984375 0.65 0.0734375 0.0875
4 0.11484375 0.653125 0.0765625 0.08958333333333333
7 0.83203125 0.6635416666666667 0.1015625 0.15208333333333332
4 0.05234375 0.9104166666666667 0.1046875 0.17916666666666667
4 0.2234375 0.934375 0.153125 0.13125