7 0.6140625 0.4354166666666667 0.046875 0.075
7 0.2859375 0.440625 0.04375 0.05625
8 0.55859375 0.4427083333333333 0.0671875 0.09375
4 0.49453125 0.4479166666666667 0.0328125 0.04583333333333333
7 0.33203125 0.4583333333333333 0.0484375 0.07083333333333333
9 0.24296875 0.478125 0.0578125 0.09791666666666667
4 0.65390625 0.496875 0.0484375 0.06041666666666667
4 0.3796875 0.51875 0.04375 0.058333333333333334
9 0.28984375 0.5239583333333333 0.0703125 0.10625
4 0.53984375 0.534375 0.0578125 0.06875
4 0.3625 0.6083333333333333 0.065625 0.08333333333333333
8 0.0796875 0.609375 0.15625 0.23125
4 0.23125 0.6739583333333333 0.084375 0.08958333333333333
4 0.29140625 0.8541666666666666 0.1328125 0.16666666666666666
4 0.66796875 0.8989583333333333 0.1453125 0.20208333333333334