4 0.3234375 0.421875 0.034375 0.04375
4 0.353125 0.44166666666666665 0.03125 0.03333333333333333
4 0.50234375 0.44166666666666665 0.0328125 0.04583333333333333
4 0.40546875 0.446875 0.0296875 0.035416666666666666
4 0.56484375 0.459375 0.0296875 0.04791666666666667
4 0.2671875 0.4635416666666667 0.0375 0.03958333333333333
4 0.33046875 0.48125 0.0328125 0.041666666666666664
4 0.6578125 0.484375 0.040625 0.04375
7 0.61171875 0.490625 0.0703125 0.11041666666666666
4 0.38828125 0.49583333333333335 0.0359375 0.041666666666666664
4 0.31171875 0.5072916666666667 0.0421875 0.05625
4 0.3765625 0.53125 0.040625 0.05416666666666667
9 0.1703125 0.5354166666666667 0.121875 0.1625
7 0.2578125 0.5479166666666667 0.084375 0.12083333333333333
4 0.38671875 0.5802083333333333 0.0546875 0.08125
4 0.54453125 0.6 0.0765625 0.09583333333333334
4 0.6484375 0.6010416666666667 0.065625 0.10625
7 0.79375 0.6322916666666667 0.125 0.18125
7 0.1953125 0.64375 0.115625 0.15416666666666667
4 0.31796875 0.6739583333333333 0.0890625 0.10625
9 0.03671875 0.6770833333333334 0.0734375 0.19583333333333333
4 0.29140625 0.8104166666666667 0.0984375 0.12083333333333333
9 0.09375 0.8270833333333333 0.184375 0.3375
4 0.23046875 0.9416666666666667 0.1421875 0.11666666666666667