8 0.37265625 0.39375 0.0421875 0.06666666666666667
11 0.32734375 0.39895833333333336 0.0453125 0.06875
4 0.51484375 0.4 0.0265625 0.029166666666666667
4 0.40625 0.42916666666666664 0.034375 0.0375
4 0.36171875 0.4322916666666667 0.0328125 0.03958333333333333
7 0.290625 0.446875 0.04375 0.06041666666666667
4 0.5 0.4479166666666667 0.034375 0.05
4 0.39453125 0.459375 0.0328125 0.03958333333333333
7 0.2359375 0.5 0.059375 0.07916666666666666
6 0.38203125 0.5177083333333333 0.0453125 0.06458333333333334
4 0.29609375 0.51875 0.0484375 0.05416666666666667
9 0.64296875 0.5385416666666667 0.0796875 0.13125
4 0.3640625 0.5854166666666667 0.059375 0.07083333333333333
4 0.24609375 0.5895833333333333 0.0609375 0.058333333333333334
9 0.08984375 0.6239583333333333 0.1265625 0.15625
4 0.2265625 0.66875 0.084375 0.09166666666666666
4 0.31484375 0.7354166666666667 0.0953125 0.1125