8 0.37265625 0.39375 0.0421875 0.06666666666666667
11 0.32734375 0.39895833333333336 0.0453125 0.06875
4 0.5234375 0.409375 0.028125 0.035416666666666666
4 0.40625 0.42916666666666664 0.034375 0.0375
4 0.36171875 0.4322916666666667 0.0328125 0.03958333333333333
7 0.290625 0.446875 0.04375 0.06041666666666667
4 0.39453125 0.459375 0.0328125 0.03958333333333333
4 0.50546875 0.47291666666666665 0.0390625 0.058333333333333334
7 0.24375 0.49270833333333336 0.05625 0.07291666666666667
4 0.30234375 0.509375 0.0453125 0.052083333333333336
6 0.38515625 0.5125 0.0421875 0.0625
4 0.253125 0.575 0.053125 0.058333333333333334
4 0.36640625 0.5770833333333333 0.0515625 0.07083333333333333
6 0.68046875 0.5885416666666666 0.0984375 0.16875
9 0.10078125 0.6052083333333333 0.1171875 0.14375
4 0.23984375 0.646875 0.0734375 0.08125
4 0.31875 0.715625 0.0875 0.10625