7 0.5703125 0.4083333333333333 0.025 0.05416666666666667
4 0.41328125 0.4125 0.0234375 0.0375
8 0.31171875 0.42083333333333334 0.0453125 0.07916666666666666
9 0.5421875 0.421875 0.0375 0.06041666666666667
4 0.40859375 0.43645833333333334 0.0296875 0.04375
8 0.28046875 0.4375 0.0578125 0.08333333333333333
4 0.33984375 0.45625 0.0484375 0.0375
4 0.39765625 0.459375 0.0296875 0.052083333333333336
4 0.3828125 0.48020833333333335 0.034375 0.027083333333333334
4 0.31953125 0.4947916666666667 0.0421875 0.05625
4 0.3796875 0.503125 0.040625 0.052083333333333336
4 0.525 0.5072916666666667 0.04375 0.07708333333333334
4 0.30234375 0.534375 0.0296875 0.08125
9 0.16015625 0.5385416666666667 0.1015625 0.13958333333333334
4 0.375 0.5520833333333334 0.046875 0.075
9 0.2265625 0.55625 0.1375 0.1875
4 0.35078125 0.5947916666666667 0.0578125 0.07291666666666667
4 0.33046875 0.65625 0.0765625 0.11666666666666667
4 0.29765625 0.740625 0.0828125 0.11458333333333333
8 0.1015625 0.7864583333333334 0.203125 0.4270833333333333
4 0.92109375 0.7875 0.1390625 0.18333333333333332
4 0.68359375 0.9083333333333333 0.1609375 0.18333333333333332