7 0.5546875 0.38958333333333334 0.025 0.05
9 0.53203125 0.403125 0.0328125 0.06041666666666667
4 0.3921875 0.4041666666666667 0.01875 0.0375
8 0.30859375 0.4114583333333333 0.0546875 0.07291666666666667
9 0.36328125 0.4125 0.0328125 0.058333333333333334
4 0.409375 0.41875 0.028125 0.03333333333333333
8 0.27109375 0.44375 0.0640625 0.09166666666666666
4 0.4984375 0.44375 0.034375 0.06666666666666667
4 0.396875 0.453125 0.034375 0.03958333333333333
4 0.3421875 0.46041666666666664 0.0375 0.04583333333333333
4 0.31796875 0.4947916666666667 0.0359375 0.05625
4 0.38359375 0.49895833333333334 0.0453125 0.04375
4 0.3 0.5333333333333333 0.0375 0.0875
4 0.375 0.5458333333333333 0.04375 0.06666666666666667
9 0.134375 0.5458333333333333 0.10625 0.14166666666666666
9 0.21875 0.5708333333333333 0.14375 0.2
4 0.72890625 0.5802083333333333 0.0671875 0.08541666666666667
4 0.34921875 0.590625 0.0640625 0.05625
4 0.56484375 0.6135416666666667 0.0890625 0.12291666666666666
4 0.3328125 0.6520833333333333 0.075 0.1
4 0.29921875 0.7385416666666667 0.1046875 0.08541666666666667
8 0.09921875 0.79375 0.1984375 0.4125