4 0.47265625 0.36354166666666665 0.0203125 0.027083333333333334
7 0.50859375 0.37083333333333335 0.0265625 0.03333333333333333
8 0.325 0.409375 0.040625 0.05625
4 0.3734375 0.41041666666666665 0.028125 0.03333333333333333
4 0.525 0.4125 0.0375 0.041666666666666664
9 0.28515625 0.41458333333333336 0.0484375 0.05416666666666667
4 0.35703125 0.43645833333333334 0.0234375 0.03125
4 0.39921875 0.44583333333333336 0.0359375 0.041666666666666664
4 0.5171875 0.46770833333333334 0.040625 0.052083333333333336
9 0.24609375 0.47291666666666665 0.0796875 0.10833333333333334
4 0.32109375 0.49583333333333335 0.0359375 0.06666666666666667
4 0.3890625 0.5114583333333333 0.053125 0.06041666666666667
9 0.26640625 0.5208333333333334 0.0890625 0.16666666666666666
4 0.36328125 0.5729166666666666 0.0703125 0.08333333333333333
4 0.32421875 0.6458333333333334 0.0796875 0.09583333333333334
8 0.15703125 0.65 0.2328125 0.30416666666666664
4 0.290625 0.7510416666666667 0.109375 0.11875
9 0.059375 0.8677083333333333 0.11875 0.26458333333333334
4 0.25859375 0.9072916666666667 0.1515625 0.18541666666666667