4 0.31328125 0.4 0.0203125 0.03333333333333333
4 0.4921875 0.40208333333333335 0.025 0.029166666666666667
4 0.4 0.41875 0.03125 0.029166666666666667
9 0.35078125 0.4239583333333333 0.0453125 0.06041666666666667
8 0.28046875 0.43854166666666666 0.0703125 0.08541666666666667
4 0.39921875 0.4510416666666667 0.0359375 0.04375
4 0.50078125 0.4552083333333333 0.0328125 0.05625
4 0.3921875 0.471875 0.034375 0.04791666666666667
8 0.23203125 0.47291666666666665 0.1046875 0.1
4 0.33359375 0.475 0.0390625 0.05
4 0.30859375 0.503125 0.0421875 0.04791666666666667
4 0.375 0.5041666666666667 0.046875 0.05416666666666667
4 0.28125 0.5541666666666667 0.05 0.07916666666666666
4 0.37265625 0.5541666666666667 0.0453125 0.0625
4 0.3484375 0.6072916666666667 0.0625 0.07708333333333334
9 0.17421875 0.628125 0.1890625 0.24791666666666667
4 0.321875 0.6770833333333334 0.0875 0.12083333333333333
9 0.0421875 0.7020833333333333 0.084375 0.25833333333333336
4 0.28046875 0.8010416666666667 0.1171875 0.14791666666666667