4 0.484375 0.38958333333333334 0.015625 0.025
7 0.34296875 0.3958333333333333 0.0203125 0.03333333333333333
4 0.3125 0.39895833333333336 0.034375 0.035416666666666666
4 0.41484375 0.409375 0.0171875 0.027083333333333334
4 0.36953125 0.41458333333333336 0.0234375 0.041666666666666664
4 0.4046875 0.43854166666666666 0.01875 0.035416666666666666
4 0.57265625 0.44583333333333336 0.0359375 0.04583333333333333
4 0.50625 0.44895833333333335 0.0375 0.052083333333333336
4 0.39765625 0.4552083333333333 0.0234375 0.04375
4 0.340625 0.4635416666666667 0.025 0.05625
7 0.31484375 0.47291666666666665 0.0578125 0.09583333333333334
9 0.2359375 0.4822916666666667 0.08125 0.12708333333333333
4 0.4015625 0.49166666666666664 0.03125 0.058333333333333334
4 0.62890625 0.5458333333333333 0.0609375 0.09166666666666666
4 0.70390625 0.55 0.0703125 0.09166666666666666
7 0.26484375 0.5510416666666667 0.0703125 0.12291666666666666
4 0.34921875 0.571875 0.0640625 0.08958333333333333
9 0.1 0.60625 0.165625 0.23333333333333334
4 0.3359375 0.6427083333333333 0.078125 0.11041666666666666
4 0.76015625 0.7708333333333334 0.1078125 0.15
4 0.61328125 0.7833333333333333 0.1203125 0.175
9 0.09765625 0.7927083333333333 0.1953125 0.33541666666666664
4 0.2625 0.8697916666666666 0.109375 0.20208333333333334