9 0.3671875 0.396875 0.040625 0.05625
8 0.3390625 0.43020833333333336 0.065625 0.10208333333333333
4 0.40078125 0.43854166666666666 0.0296875 0.03125
4 0.39609375 0.46145833333333336 0.0359375 0.035416666666666666
7 0.25078125 0.48020833333333335 0.0609375 0.08125
4 0.3859375 0.484375 0.034375 0.04791666666666667
9 0.296875 0.4895833333333333 0.075 0.09166666666666666
7 0.190625 0.5239583333333333 0.065625 0.07291666666666667
4 0.37265625 0.5416666666666666 0.0453125 0.06666666666666667
7 0.10546875 0.5916666666666667 0.1109375 0.1125
4 0.3453125 0.640625 0.06875 0.08958333333333333
0 0.15859375 0.678125 0.2140625 0.28541666666666665
4 0.29296875 0.7854166666666667 0.1015625 0.12083333333333333