4 0.48828125 0.3927083333333333 0.0265625 0.04375
8 0.29453125 0.4270833333333333 0.0609375 0.07916666666666666
4 0.36015625 0.43854166666666666 0.0421875 0.04375
4 0.50234375 0.44166666666666665 0.0359375 0.05
4 0.3390625 0.4708333333333333 0.040625 0.0375
4 0.38828125 0.4979166666666667 0.0578125 0.0625
9 0.24140625 0.5427083333333333 0.1421875 0.15625
4 0.37265625 0.54375 0.0609375 0.09583333333333334
9 0.1265625 0.5583333333333333 0.146875 0.15833333333333333
4 0.3484375 0.5979166666666667 0.05625 0.075
7 0.7734375 0.6020833333333333 0.10625 0.15
9 0.678125 0.6072916666666667 0.10625 0.19791666666666666
4 0.334375 0.6489583333333333 0.08125 0.11875
8 0.12421875 0.703125 0.2484375 0.36041666666666666
4 0.29296875 0.7625 0.1265625 0.12916666666666668
4 0.271875 0.909375 0.159375 0.18125