9 0.28828125 0.43125 0.0640625 0.09583333333333334
4 0.39140625 0.44166666666666665 0.0265625 0.0375
4 0.51171875 0.453125 0.0328125 0.04375
4 0.34609375 0.45416666666666666 0.0328125 0.041666666666666664
4 0.23984375 0.4625 0.0359375 0.041666666666666664
4 0.390625 0.4864583333333333 0.040625 0.04791666666666667
9 0.3171875 0.4875 0.071875 0.1
4 0.1921875 0.4947916666666667 0.053125 0.052083333333333336
4 0.52890625 0.5177083333333333 0.0453125 0.06875
4 0.36875 0.5375 0.053125 0.06666666666666667
4 0.18203125 0.5510416666666667 0.0578125 0.07708333333333334
4 0.73671875 0.5822916666666667 0.0671875 0.08125
4 0.2421875 0.5958333333333333 0.071875 0.09583333333333334
7 0.078125 0.6447916666666667 0.1375 0.16458333333333333
4 0.3046875 0.653125 0.096875 0.10208333333333333
4 0.7203125 0.703125 0.109375 0.13125
4 0.6046875 0.7447916666666666 0.096875 0.16458333333333333
4 0.06640625 0.9166666666666666 0.1328125 0.16666666666666666