0 0.35703125 0.415625 0.0484375 0.07291666666666667
7 0.30703125 0.42916666666666664 0.0453125 0.06666666666666667
4 0.39609375 0.453125 0.0390625 0.04375
8 0.31796875 0.45625 0.0734375 0.09583333333333334
9 0.25703125 0.46458333333333335 0.0546875 0.09166666666666666
4 0.51953125 0.4875 0.0390625 0.0625
4 0.38828125 0.49166666666666664 0.0421875 0.05
4 0.3734375 0.5322916666666667 0.05 0.06041666666666667
9 0.2828125 0.5364583333333334 0.08125 0.10625
8 0.1453125 0.5395833333333333 0.15625 0.1875
4 0.34921875 0.5875 0.0578125 0.06666666666666667
4 0.5625 0.5947916666666667 0.071875 0.09375
4 0.33125 0.6458333333333334 0.075 0.1
6 0.32734375 0.7177083333333333 0.0859375 0.12708333333333333
4 0.290625 0.8395833333333333 0.1125 0.15