4 0.3015625 0.44375 0.034375 0.04583333333333333
4 0.34296875 0.4510416666666667 0.0328125 0.04791666666666667
4 0.3921875 0.4635416666666667 0.0375 0.03958333333333333
10 0.26328125 0.4708333333333333 0.0515625 0.058333333333333334
4 0.5140625 0.4739583333333333 0.0375 0.04375
4 0.3265625 0.47604166666666664 0.040625 0.03958333333333333
4 0.39609375 0.49375 0.0421875 0.04583333333333333
4 0.31484375 0.50625 0.0359375 0.0375
10 0.61953125 0.5083333333333333 0.0609375 0.10833333333333334
4 0.53359375 0.528125 0.0515625 0.07291666666666667
4 0.3046875 0.53125 0.040625 0.06666666666666667
4 0.37578125 0.534375 0.0515625 0.052083333333333336
10 0.24609375 0.5625 0.0921875 0.125
4 0.3734375 0.5677083333333334 0.046875 0.052083333333333336
8 0.0953125 0.5770833333333333 0.153125 0.17083333333333334
4 0.38203125 0.6104166666666667 0.0671875 0.09166666666666666
10 0.19609375 0.6385416666666667 0.1171875 0.16041666666666668
9 0.03515625 0.6833333333333333 0.0703125 0.1875
4 0.31015625 0.6927083333333334 0.0953125 0.10625
4 0.5984375 0.7552083333333334 0.103125 0.16875
4 0.29140625 0.809375 0.1046875 0.12708333333333333
8 0.09140625 0.8291666666666667 0.1828125 0.3416666666666667
10 0.8984375 0.865625 0.203125 0.26875
4 0.228125 0.9416666666666667 0.15 0.11666666666666667