9 0.28046875 0.4375 0.0640625 0.09583333333333334
4 0.3921875 0.44895833333333335 0.034375 0.04375
4 0.61015625 0.45416666666666666 0.0328125 0.0375
4 0.23203125 0.459375 0.0453125 0.03958333333333333
4 0.34140625 0.46041666666666664 0.0328125 0.041666666666666664
4 0.58125 0.49270833333333336 0.05 0.06458333333333334
4 0.2203125 0.49583333333333335 0.040625 0.04583333333333333
4 0.51875 0.503125 0.0375 0.05625
9 0.30078125 0.5072916666666667 0.0765625 0.11041666666666666
4 0.384375 0.5104166666666666 0.046875 0.05416666666666667
4 0.128125 0.5489583333333333 0.065625 0.07291666666666667
4 0.346875 0.5885416666666666 0.0625 0.08125
4 0.13515625 0.596875 0.0734375 0.09375
4 0.54765625 0.6041666666666666 0.0671875 0.1125
7 0.68515625 0.6260416666666667 0.1015625 0.16875
4 0.2078125 0.6458333333333334 0.084375 0.10416666666666667
4 0.57421875 0.7552083333333334 0.0953125 0.13541666666666666
4 0.18046875 0.790625 0.1546875 0.13958333333333334
4 0.92421875 0.8416666666666667 0.1421875 0.2