9 0.35625 0.40625 0.05 0.075
4 0.40078125 0.4427083333333333 0.0296875 0.03125
4 0.50078125 0.44479166666666664 0.0359375 0.04791666666666667
8 0.640625 0.4583333333333333 0.071875 0.10416666666666667
8 0.31484375 0.459375 0.0734375 0.12291666666666666
4 0.38828125 0.490625 0.0421875 0.05625
7 0.21328125 0.5177083333333333 0.0796875 0.09791666666666667
4 0.3734375 0.525 0.053125 0.0625
9 0.24765625 0.5520833333333334 0.1015625 0.13333333333333333
4 0.55703125 0.5770833333333333 0.0609375 0.0875
7 0.1234375 0.6020833333333333 0.10625 0.125
4 0.3421875 0.6416666666666667 0.06875 0.09166666666666666
4 0.3046875 0.8114583333333333 0.109375 0.13958333333333334