8 0.3609375 0.4041666666666667 0.046875 0.06666666666666667
9 0.5375 0.41041666666666665 0.0375 0.058333333333333334
9 0.30078125 0.4197916666666667 0.0390625 0.06458333333333334
9 0.33828125 0.4510416666666667 0.0453125 0.07291666666666667
8 0.23515625 0.459375 0.0921875 0.12708333333333333
4 0.3984375 0.46145833333333336 0.028125 0.03958333333333333
4 0.38515625 0.5072916666666667 0.0421875 0.052083333333333336
4 0.35703125 0.56875 0.0578125 0.058333333333333334
11 0.12578125 0.5885416666666666 0.2109375 0.23958333333333334
4 0.3390625 0.63125 0.071875 0.09166666666666666
8 0.17109375 0.6614583333333334 0.1796875 0.28958333333333336
6 0.325 0.7166666666666667 0.090625 0.12083333333333333
4 0.29296875 0.8354166666666667 0.1140625 0.14583333333333334