4 0.496875 0.4375 0.03125 0.04583333333333333
4 0.59140625 0.44166666666666665 0.0328125 0.041666666666666664
4 0.3125 0.5020833333333333 0.0375 0.05
4 0.3765625 0.5072916666666667 0.040625 0.06875
4 0.5546875 0.5520833333333334 0.053125 0.0875
4 0.37421875 0.5572916666666666 0.0453125 0.06875
9 0.20703125 0.5833333333333334 0.1578125 0.21666666666666667
9 0.0921875 0.5927083333333333 0.153125 0.18541666666666667
4 0.3484375 0.6052083333333333 0.05625 0.07291666666666667
4 0.33125 0.6645833333333333 0.090625 0.12083333333333333
4 0.29375 0.7572916666666667 0.109375 0.13541666666666666