4 0.49609375 0.41458333333333336 0.0234375 0.0375
9 0.34921875 0.4197916666666667 0.0484375 0.06041666666666667
4 0.403125 0.42083333333333334 0.028125 0.029166666666666667
8 0.284375 0.43333333333333335 0.059375 0.07916666666666666
4 0.4015625 0.44895833333333335 0.034375 0.035416666666666666
4 0.34140625 0.45208333333333334 0.0328125 0.0375
8 0.23203125 0.4625 0.0859375 0.09583333333333334
4 0.39140625 0.46875 0.0359375 0.04583333333333333
4 0.3296875 0.4739583333333333 0.0375 0.052083333333333336
4 0.5078125 0.478125 0.0375 0.06875
4 0.3796875 0.4791666666666667 0.034375 0.025
4 0.31015625 0.5010416666666667 0.0453125 0.052083333333333336
4 0.37578125 0.509375 0.0453125 0.052083333333333336
4 0.27890625 0.546875 0.0484375 0.07291666666666667
4 0.37109375 0.5552083333333333 0.0453125 0.06875
4 0.3484375 0.6072916666666667 0.065625 0.08125
9 0.1890625 0.6177083333333333 0.196875 0.23958333333333334
4 0.3234375 0.6739583333333333 0.09375 0.11458333333333333
9 0.04921875 0.6770833333333334 0.0984375 0.24583333333333332
4 0.2859375 0.7927083333333333 0.11875 0.14375