4 0.4734375 0.36666666666666664 0.015625 0.020833333333333332
4 0.4984375 0.36770833333333336 0.015625 0.022916666666666665
9 0.3375 0.38125 0.040625 0.05416666666666667
4 0.4234375 0.40520833333333334 0.025 0.027083333333333334
7 0.36875 0.40625 0.03125 0.05
4 0.4078125 0.41041666666666665 0.028125 0.03333333333333333
9 0.30390625 0.41458333333333336 0.0578125 0.07916666666666666
7 0.35390625 0.4270833333333333 0.0359375 0.05
4 0.49921875 0.43125 0.0265625 0.0375
4 0.271875 0.4322916666666667 0.028125 0.035416666666666666
4 0.3953125 0.43333333333333335 0.028125 0.041666666666666664
4 0.3484375 0.4479166666666667 0.03125 0.0375
4 0.39921875 0.4583333333333333 0.0359375 0.041666666666666664
4 0.23515625 0.459375 0.0453125 0.04375
9 0.32421875 0.48020833333333335 0.0578125 0.09791666666666667
4 0.38671875 0.4979166666666667 0.0453125 0.058333333333333334
4 0.215625 0.5177083333333333 0.053125 0.07291666666666667
4 0.26640625 0.5572916666666666 0.0671875 0.08541666666666667
4 0.5515625 0.5625 0.05625 0.075
4 0.35078125 0.5677083333333334 0.0671875 0.08125
7 0.146875 0.5739583333333333 0.10625 0.14375
4 0.1546875 0.7614583333333333 0.115625 0.13541666666666666
4 0.65390625 0.8666666666666667 0.1421875 0.22916666666666666
4 0.2765625 0.8708333333333333 0.146875 0.17916666666666667