4 0.3375 0.3770833333333333 0.03125 0.03333333333333333
4 0.4875 0.40625 0.034375 0.0375
4 0.37265625 0.4114583333333333 0.0296875 0.03958333333333333
4 0.5296875 0.4114583333333333 0.028125 0.03958333333333333
4 0.575 0.41875 0.040625 0.05
4 0.415625 0.42291666666666666 0.028125 0.03333333333333333
4 0.35859375 0.4375 0.0328125 0.05
4 0.40078125 0.4375 0.0328125 0.041666666666666664
4 0.5484375 0.440625 0.034375 0.06041666666666667
7 0.33125 0.4625 0.059375 0.0875
4 0.40625 0.4625 0.046875 0.0625
4 0.50703125 0.4635416666666667 0.0453125 0.06458333333333334
9 0.246875 0.46979166666666666 0.10625 0.11875
7 0.2984375 0.5052083333333334 0.06875 0.09791666666666667
4 0.3609375 0.5395833333333333 0.071875 0.0875
9 0.13515625 0.5666666666666667 0.1703125 0.20416666666666666
4 0.68046875 0.56875 0.0671875 0.075
4 0.35703125 0.590625 0.0765625 0.09375
4 0.55625 0.5947916666666667 0.059375 0.09375
4 0.0578125 0.5947916666666667 0.084375 0.11458333333333333
4 0.0453125 0.696875 0.090625 0.13541666666666666
4 0.29765625 0.753125 0.1078125 0.13541666666666666
9 0.13125 0.7572916666666667 0.225 0.30625
4 0.921875 0.91875 0.15625 0.1625
4 0.01796875 0.9677083333333333 0.0359375 0.06458333333333334