4 0.31953125 0.42604166666666665 0.0296875 0.03958333333333333
4 0.3546875 0.4322916666666667 0.034375 0.03958333333333333
4 0.40078125 0.4395833333333333 0.0328125 0.0375
7 0.290625 0.44895833333333335 0.046875 0.052083333333333336
4 0.4953125 0.45208333333333334 0.03125 0.041666666666666664
4 0.3359375 0.4635416666666667 0.040625 0.04375
4 0.603125 0.46458333333333335 0.046875 0.04583333333333333
4 0.40078125 0.47708333333333336 0.0390625 0.0375
4 0.3203125 0.49583333333333335 0.040625 0.041666666666666664
4 0.51953125 0.496875 0.0390625 0.06041666666666667
4 0.234375 0.5 0.040625 0.04583333333333333
4 0.3796875 0.515625 0.046875 0.04791666666666667
7 0.6078125 0.5197916666666667 0.0625 0.08958333333333333
4 0.3046875 0.53125 0.040625 0.06666666666666667
4 0.3734375 0.5614583333333333 0.046875 0.05625
8 0.121875 0.5625 0.153125 0.17083333333333334
7 0.24453125 0.56875 0.0921875 0.125
4 0.38359375 0.6135416666666667 0.0640625 0.08541666666666667
7 0.19609375 0.640625 0.1171875 0.16041666666666668
9 0.03515625 0.6833333333333333 0.0703125 0.1875
4 0.3125 0.6916666666666667 0.090625 0.10416666666666667
4 0.29375 0.8083333333333333 0.1 0.125
9 0.09140625 0.8291666666666667 0.1828125 0.3416666666666667
4 0.228125 0.9416666666666667 0.15 0.11666666666666667