4 0.471875 0.36041666666666666 0.015625 0.020833333333333332
4 0.4953125 0.3614583333333333 0.015625 0.022916666666666665
9 0.3375 0.38125 0.040625 0.05416666666666667
4 0.4234375 0.40520833333333334 0.025 0.027083333333333334
7 0.36875 0.40625 0.03125 0.05
4 0.49140625 0.41041666666666665 0.0265625 0.0375
9 0.30390625 0.41458333333333336 0.0578125 0.07916666666666666
4 0.4046875 0.41458333333333336 0.028125 0.03333333333333333
7 0.35390625 0.4270833333333333 0.0359375 0.05
4 0.3953125 0.43333333333333335 0.028125 0.041666666666666664
4 0.26953125 0.434375 0.0328125 0.03958333333333333
4 0.3484375 0.4479166666666667 0.03125 0.0375
4 0.23515625 0.459375 0.0453125 0.04375
4 0.39765625 0.46458333333333335 0.0359375 0.041666666666666664
9 0.32265625 0.478125 0.0578125 0.09791666666666667
4 0.38359375 0.5020833333333333 0.0515625 0.06666666666666667
4 0.16484375 0.50625 0.0671875 0.08333333333333333
4 0.215625 0.5177083333333333 0.053125 0.07291666666666667
4 0.5453125 0.54375 0.05625 0.075
4 0.26484375 0.5604166666666667 0.0671875 0.08333333333333333
7 0.14453125 0.571875 0.1234375 0.15208333333333332
4 0.34765625 0.5760416666666667 0.0671875 0.08125
4 0.62265625 0.7802083333333333 0.1015625 0.16458333333333333
4 0.140625 0.7822916666666667 0.134375 0.17291666666666666
4 0.2703125 0.8854166666666666 0.146875 0.17916666666666667