9 0.35078125 0.4166666666666667 0.0453125 0.07083333333333333
4 0.50859375 0.44583333333333336 0.0328125 0.041666666666666664
4 0.39765625 0.446875 0.0296875 0.03125
8 0.30078125 0.47604166666666664 0.0796875 0.13125
4 0.3828125 0.5020833333333333 0.04375 0.0625
7 0.1921875 0.5322916666666667 0.090625 0.09375
4 0.365625 0.5479166666666667 0.05 0.06666666666666667
7 0.63671875 0.5645833333333333 0.0640625 0.10416666666666667
9 0.2140625 0.5916666666666667 0.125 0.16666666666666666
7 0.0828125 0.6333333333333333 0.128125 0.13333333333333333
4 0.32734375 0.690625 0.0796875 0.11041666666666666
8 0.9109375 0.7104166666666667 0.178125 0.325
4 0.60546875 0.7322916666666667 0.1015625 0.15625
7 0.88515625 0.85625 0.2296875 0.2875
4 0.2765625 0.9145833333333333 0.14375 0.17083333333333334