9 0.30546875 0.4114583333333333 0.0484375 0.07708333333333334
7 0.33828125 0.44166666666666665 0.0421875 0.058333333333333334
4 0.403125 0.4510416666666667 0.028125 0.04375
9 0.253125 0.459375 0.078125 0.11875
4 0.6359375 0.4791666666666667 0.040625 0.05416666666666667
4 0.38203125 0.48020833333333335 0.0359375 0.04791666666666667
4 0.32421875 0.48125 0.0359375 0.04583333333333333
0 0.5875 0.48125 0.084375 0.12916666666666668
4 0.13515625 0.5447916666666667 0.0734375 0.07291666666666667
9 0.271875 0.546875 0.090625 0.13958333333333334
4 0.7234375 0.55625 0.08125 0.0875
4 0.17578125 0.5635416666666667 0.0609375 0.06458333333333334
4 0.36875 0.5760416666666667 0.059375 0.07291666666666667
4 0.58359375 0.6854166666666667 0.0859375 0.14166666666666666
4 0.72734375 0.7020833333333333 0.1109375 0.15
4 0.03515625 0.7177083333333333 0.0703125 0.13125
4 0.89609375 0.71875 0.1453125 0.1375
4 0.30234375 0.7333333333333333 0.0953125 0.12916666666666668
4 0.125 0.7729166666666667 0.121875 0.15833333333333333