4 0.49375 0.3625 0.025 0.025
4 0.48125 0.38645833333333335 0.028125 0.035416666666666666
8 0.3171875 0.409375 0.04375 0.06041666666666667
9 0.271875 0.4322916666666667 0.053125 0.06875
4 0.353125 0.44583333333333336 0.0375 0.041666666666666664
4 0.3890625 0.4635416666666667 0.03125 0.04791666666666667
9 0.2234375 0.46875 0.103125 0.07916666666666666
9 0.2640625 0.5229166666666667 0.11875 0.15
4 0.38515625 0.5427083333333333 0.0515625 0.08541666666666667
4 0.3515625 0.5875 0.05 0.06666666666666667
8 0.15078125 0.6510416666666666 0.1953125 0.28958333333333336
4 0.3265625 0.6625 0.078125 0.10833333333333334
4 0.025 0.71875 0.05 0.10833333333333334
4 0.28984375 0.7625 0.1140625 0.1375
9 0.0484375 0.875 0.096875 0.25
4 0.26953125 0.9177083333333333 0.1484375 0.16458333333333333