9 0.340625 0.3770833333333333 0.034375 0.05
4 0.52109375 0.4 0.0203125 0.03333333333333333
9 0.31875 0.4041666666666667 0.053125 0.07916666666666666
4 0.4234375 0.40520833333333334 0.021875 0.027083333333333334
4 0.40546875 0.41041666666666665 0.0234375 0.029166666666666667
4 0.49140625 0.41041666666666665 0.0265625 0.03333333333333333
7 0.35703125 0.41875 0.0421875 0.058333333333333334
4 0.28203125 0.4239583333333333 0.0359375 0.035416666666666666
4 0.396875 0.428125 0.03125 0.035416666666666666
4 0.40390625 0.44375 0.0328125 0.029166666666666667
4 0.2375 0.459375 0.034375 0.03958333333333333
7 0.33359375 0.4635416666666667 0.0578125 0.08541666666666667
4 0.39765625 0.46979166666666666 0.0390625 0.04791666666666667
4 0.25390625 0.48020833333333335 0.0390625 0.052083333333333336
4 0.3765625 0.5083333333333333 0.053125 0.0625
7 0.21015625 0.5208333333333334 0.0828125 0.10416666666666667
4 0.2890625 0.5208333333333334 0.053125 0.07083333333333333
4 0.15546875 0.525 0.0609375 0.07083333333333333
4 0.57265625 0.6166666666666667 0.0671875 0.1
4 0.22890625 0.6416666666666667 0.0859375 0.1
4 0.33515625 0.6479166666666667 0.0796875 0.10416666666666667
4 0.08203125 0.6989583333333333 0.1015625 0.11458333333333333