7 0.321875 0.41458333333333336 0.034375 0.041666666666666664
4 0.4921875 0.41770833333333335 0.028125 0.035416666666666666
4 0.36796875 0.4197916666666667 0.0296875 0.035416666666666666
6 0.40703125 0.43645833333333334 0.0296875 0.03958333333333333
7 0.5984375 0.4375 0.0375 0.05
4 0.346875 0.453125 0.03125 0.03958333333333333
7 0.575 0.465625 0.046875 0.06875
4 0.39765625 0.4739583333333333 0.0359375 0.04791666666666667
9 0.23828125 0.48125 0.0609375 0.0875
9 0.3046875 0.49583333333333335 0.059375 0.0875
4 0.3875 0.5166666666666667 0.04375 0.05
7 0.18515625 0.5208333333333334 0.0703125 0.09166666666666666
4 0.52578125 0.521875 0.0453125 0.06875
9 0.109375 0.6010416666666667 0.10625 0.16041666666666668
7 0.2109375 0.615625 0.1 0.13958333333333334
4 0.328125 0.7145833333333333 0.084375 0.1125