7 0.33359375 0.40520833333333334 0.0328125 0.03958333333333333
4 0.48359375 0.4083333333333333 0.0265625 0.0375
4 0.3671875 0.41770833333333335 0.028125 0.03958333333333333
4 0.534375 0.421875 0.028125 0.035416666666666666
4 0.4125 0.42291666666666666 0.025 0.03333333333333333
4 0.2875 0.440625 0.03125 0.03958333333333333
4 0.3453125 0.45416666666666666 0.034375 0.041666666666666664
4 0.39609375 0.46770833333333334 0.0359375 0.04375
4 0.5140625 0.4739583333333333 0.04375 0.05625
4 0.6390625 0.484375 0.05 0.06041666666666667
4 0.325 0.48854166666666665 0.0375 0.05625
9 0.1921875 0.5114583333333333 0.096875 0.14375
4 0.38046875 0.5135416666666667 0.0421875 0.05625
7 0.28359375 0.515625 0.0703125 0.10625
4 0.39375 0.5479166666666667 0.05 0.075
7 0.2015625 0.6333333333333333 0.115625 0.16666666666666666
4 0.5765625 0.640625 0.08125 0.12291666666666666
9 0.05859375 0.64375 0.1171875 0.21666666666666667
4 0.3234375 0.6458333333333334 0.078125 0.09583333333333334
4 0.725 0.6854166666666667 0.1 0.10833333333333334
4 0.896875 0.721875 0.121875 0.13125
4 0.29609375 0.7895833333333333 0.1015625 0.12916666666666668
9 0.09296875 0.8291666666666667 0.1859375 0.3416666666666667
4 0.22890625 0.9385416666666667 0.1546875 0.12291666666666666