9 0.35625 0.40625 0.05 0.075
4 0.49765625 0.43333333333333335 0.0328125 0.041666666666666664
4 0.40078125 0.4427083333333333 0.0296875 0.03125
8 0.62421875 0.44583333333333336 0.0640625 0.08333333333333333
8 0.3140625 0.4635416666666667 0.08125 0.12708333333333333
4 0.38828125 0.490625 0.0421875 0.05625
7 0.20703125 0.5229166666666667 0.0828125 0.09166666666666666
4 0.3734375 0.525 0.053125 0.0625
4 0.53671875 0.525 0.0515625 0.07083333333333333
9 0.23984375 0.559375 0.1078125 0.13541666666666666
7 0.11640625 0.603125 0.1046875 0.11875
4 0.33984375 0.6510416666666666 0.0765625 0.09791666666666667
4 0.29921875 0.8395833333333333 0.1234375 0.15833333333333333
4 0.88828125 0.8916666666666667 0.1828125 0.21666666666666667