8 0.57734375 0.4635416666666667 0.0703125 0.13541666666666666
8 0.25078125 0.46458333333333335 0.0734375 0.09583333333333334
4 0.32265625 0.4864583333333333 0.0421875 0.05625
7 0.66484375 0.490625 0.0703125 0.11041666666666666
4 0.37421875 0.5135416666666667 0.0453125 0.06458333333333334
4 0.52578125 0.5145833333333333 0.0453125 0.0625
8 0.1625 0.534375 0.1375 0.16458333333333333
4 0.2921875 0.5364583333333334 0.05 0.06041666666666667
4 0.3671875 0.5677083333333334 0.053125 0.07291666666666667
4 0.26328125 0.5833333333333334 0.0671875 0.09166666666666666
4 0.5953125 0.6135416666666667 0.071875 0.10625
4 0.33125 0.6520833333333333 0.071875 0.08333333333333333
9 0.1 0.7989583333333333 0.2 0.40208333333333335
4 0.27890625 0.825 0.1296875 0.17916666666666667