8 0.26875 0.45 0.065625 0.09166666666666666
4 0.32890625 0.478125 0.0359375 0.04791666666666667
8 0.196875 0.5020833333333333 0.115625 0.12083333333333333
4 0.37421875 0.5125 0.0453125 0.0625
4 0.2984375 0.5239583333333333 0.04375 0.052083333333333336
4 0.37265625 0.5583333333333333 0.0515625 0.07083333333333333
4 0.27265625 0.575 0.0609375 0.08333333333333333
8 0.68125 0.5875 0.159375 0.26666666666666666
4 0.3421875 0.6166666666666667 0.0625 0.08333333333333333
4 0.80703125 0.6354166666666666 0.0828125 0.10833333333333334
9 0.1140625 0.71875 0.228125 0.3541666666666667
4 0.30703125 0.7333333333333333 0.1046875 0.15416666666666667
4 0.22734375 0.91875 0.1640625 0.1625