7 0.34453125 0.3958333333333333 0.0265625 0.0375
6 0.41484375 0.4 0.0265625 0.025
4 0.38046875 0.4010416666666667 0.0296875 0.035416666666666666
4 0.37421875 0.4125 0.0265625 0.03333333333333333
4 0.40859375 0.42916666666666664 0.0234375 0.029166666666666667
9 0.29296875 0.4322916666666667 0.0421875 0.052083333333333336
9 0.34765625 0.44479166666666664 0.0390625 0.05625
4 0.40078125 0.459375 0.0328125 0.035416666666666666
4 0.50390625 0.4625 0.0390625 0.05416666666666667
7 0.24765625 0.4666666666666667 0.0453125 0.07083333333333333
7 0.2984375 0.496875 0.0625 0.08958333333333333
9 0.203125 0.5083333333333333 0.075 0.1
4 0.3671875 0.5729166666666666 0.05625 0.075
9 0.23125 0.6041666666666666 0.090625 0.14583333333333334
4 0.33203125 0.715625 0.0890625 0.11875
4 0.11015625 0.8958333333333334 0.1453125 0.14166666666666666