8 0.3125 0.4125 0.05625 0.07083333333333333
9 0.25703125 0.43645833333333334 0.0640625 0.06458333333333334
4 0.34140625 0.459375 0.0421875 0.052083333333333336
4 0.3859375 0.47708333333333336 0.040625 0.07083333333333333
9 0.18515625 0.5145833333333333 0.1109375 0.12916666666666668
4 0.52734375 0.5322916666666667 0.0578125 0.08541666666666667
9 0.25390625 0.5385416666666667 0.1296875 0.17291666666666666
4 0.37578125 0.5458333333333333 0.0578125 0.075
4 0.35078125 0.59375 0.0609375 0.075
4 0.3359375 0.6677083333333333 0.103125 0.11458333333333333
8 0.15 0.6708333333333333 0.234375 0.31666666666666665
4 0.29453125 0.7552083333333334 0.1265625 0.14375
9 0.0515625 0.8729166666666667 0.103125 0.25416666666666665
4 0.6609375 0.9010416666666666 0.15 0.19791666666666666
4 0.26796875 0.9083333333333333 0.1453125 0.18333333333333332