8 0.34765625 0.42604166666666665 0.0546875 0.08541666666666667
4 0.41015625 0.4270833333333333 0.0296875 0.03333333333333333
11 0.28671875 0.43020833333333336 0.0671875 0.09791666666666667
4 0.3953125 0.46458333333333335 0.034375 0.041666666666666664
4 0.5078125 0.4739583333333333 0.0375 0.04791666666666667
4 0.31484375 0.5020833333333333 0.0484375 0.05416666666666667
7 0.228125 0.509375 0.065625 0.09375
4 0.17578125 0.515625 0.0546875 0.052083333333333336
4 0.37890625 0.51875 0.0453125 0.058333333333333334
4 0.54140625 0.5447916666666667 0.0515625 0.07291666666666667
9 0.66875 0.5697916666666667 0.109375 0.19791666666666666
6 0.359375 0.5927083333333333 0.059375 0.08541666666666667
7 0.1328125 0.6135416666666667 0.096875 0.12708333333333333
4 0.5765625 0.6583333333333333 0.078125 0.13333333333333333
4 0.19609375 0.6895833333333333 0.0953125 0.1
4 0.3296875 0.7125 0.08125 0.1125