0 0.3625 0.4010416666666667 0.046875 0.06875
9 0.30078125 0.42916666666666664 0.0453125 0.06666666666666667
8 0.3328125 0.440625 0.065625 0.08541666666666667
4 0.39921875 0.440625 0.0328125 0.04375
9 0.2640625 0.45416666666666666 0.053125 0.08333333333333333
4 0.38828125 0.49166666666666664 0.0421875 0.05
9 0.29375 0.5125 0.065625 0.09583333333333334
8 0.17265625 0.5229166666666667 0.1328125 0.17916666666666667
4 0.3734375 0.5322916666666667 0.05 0.06041666666666667
4 0.55234375 0.575 0.0609375 0.0875
4 0.34921875 0.5875 0.0578125 0.06666666666666667
4 0.33125 0.6458333333333334 0.075 0.1
11 0.06484375 0.6958333333333333 0.1296875 0.2875
6 0.32734375 0.7177083333333333 0.0859375 0.12708333333333333
4 0.29375 0.8375 0.1125 0.15
4 0.67734375 0.9020833333333333 0.1578125 0.19583333333333333