8 0.31015625 0.4125 0.0578125 0.0875
4 0.41171875 0.4166666666666667 0.0265625 0.0375
9 0.56796875 0.4427083333333333 0.0578125 0.10208333333333333
4 0.40859375 0.44375 0.0296875 0.03333333333333333
4 0.49921875 0.44479166666666664 0.0328125 0.052083333333333336
11 0.26328125 0.4510416666666667 0.0796875 0.11875
8 0.3234375 0.45416666666666666 0.0625 0.10833333333333334
4 0.3875 0.4875 0.034375 0.04583333333333333
4 0.528125 0.534375 0.04375 0.06041666666666667
4 0.28359375 0.5375 0.0546875 0.058333333333333334
7 0.1890625 0.5510416666666667 0.078125 0.11458333333333333
4 0.36484375 0.5541666666666667 0.0546875 0.07083333333333333
7 0.746875 0.6104166666666667 0.096875 0.12916666666666668
6 0.35078125 0.6333333333333333 0.0703125 0.1
7 0.0546875 0.6989583333333333 0.109375 0.17291666666666666
4 0.3125 0.7729166666666667 0.096875 0.13333333333333333
4 0.09609375 0.8552083333333333 0.1390625 0.15625