8 0.3515625 0.38229166666666664 0.028125 0.05625
4 0.47734375 0.384375 0.0203125 0.03125
7 0.52421875 0.3927083333333333 0.0265625 0.04791666666666667
8 0.3265625 0.39895833333333336 0.0375 0.06041666666666667
9 0.3 0.4114583333333333 0.053125 0.052083333333333336
4 0.3609375 0.43020833333333336 0.028125 0.03125
4 0.403125 0.43854166666666666 0.034375 0.04375
9 0.25703125 0.440625 0.0671875 0.06458333333333334
4 0.33828125 0.4708333333333333 0.0328125 0.04583333333333333
4 0.57890625 0.49583333333333335 0.0609375 0.08333333333333333
9 0.28984375 0.49895833333333334 0.0921875 0.13125
4 0.38984375 0.49895833333333334 0.0484375 0.05625
7 0.2078125 0.5072916666666667 0.05625 0.07708333333333334
4 0.3640625 0.5541666666666667 0.046875 0.07083333333333333
8 0.1546875 0.65625 0.225 0.30833333333333335
4 0.33125 0.659375 0.090625 0.11041666666666666
4 0.61796875 0.7104166666666667 0.1015625 0.16666666666666666
4 0.296875 0.753125 0.109375 0.12708333333333333
9 0.065625 0.8677083333333333 0.13125 0.26458333333333334
4 0.26015625 0.9135416666666667 0.1390625 0.17291666666666666