8 0.328125 0.44583333333333336 0.071875 0.125
4 0.37734375 0.4895833333333333 0.0421875 0.058333333333333334
7 0.21953125 0.490625 0.0578125 0.07291666666666667
4 0.51640625 0.49375 0.0546875 0.07916666666666666
9 0.27734375 0.5177083333333333 0.0984375 0.13958333333333334
7 0.16796875 0.55625 0.1015625 0.10833333333333334
8 0.790625 0.578125 0.165625 0.21041666666666667
4 0.35390625 0.5895833333333333 0.0671875 0.09166666666666666
7 0.065625 0.634375 0.121875 0.11041666666666666
4 0.571875 0.653125 0.084375 0.13958333333333334
4 0.3265625 0.7072916666666667 0.096875 0.12291666666666666
0 0.10859375 0.8041666666666667 0.2171875 0.37083333333333335
4 0.24140625 0.9302083333333333 0.1671875 0.13125