7 0.3171875 0.421875 0.034375 0.052083333333333336
4 0.39921875 0.43125 0.0328125 0.0375
7 0.275 0.46875 0.05 0.0625
4 0.32578125 0.48020833333333335 0.0421875 0.052083333333333336
6 0.390625 0.48125 0.034375 0.05
4 0.29296875 0.5135416666666667 0.0390625 0.03958333333333333
4 0.60234375 0.515625 0.0515625 0.07291666666666667
4 0.378125 0.53125 0.04375 0.0625
9 0.16484375 0.5520833333333334 0.0953125 0.1125
4 0.28984375 0.553125 0.0546875 0.06458333333333334
4 0.34609375 0.640625 0.0765625 0.08958333333333333
7 0.05703125 0.6614583333333334 0.1140625 0.16458333333333333
9 0.1671875 0.6895833333333333 0.134375 0.18333333333333332
4 0.675 0.9291666666666667 0.153125 0.14166666666666666