9 0.53671875 0.415625 0.0359375 0.06875
4 0.3953125 0.453125 0.0375 0.04375
4 0.34140625 0.46041666666666664 0.0390625 0.05
4 0.515625 0.49270833333333336 0.040625 0.07291666666666667
4 0.31796875 0.4947916666666667 0.0421875 0.052083333333333336
4 0.3765625 0.5104166666666666 0.053125 0.058333333333333334
9 0.15625 0.53125 0.096875 0.12916666666666668
4 0.37265625 0.5520833333333334 0.0515625 0.07083333333333333
9 0.2265625 0.5635416666666667 0.134375 0.19791666666666666
4 0.34921875 0.6052083333333333 0.0609375 0.08125
4 0.32890625 0.665625 0.0890625 0.12708333333333333
4 0.85234375 0.7083333333333334 0.1171875 0.14166666666666666
4 0.28984375 0.7552083333333334 0.1109375 0.13958333333333334
8 0.10234375 0.7875 0.2046875 0.425
4 0.634375 0.8177083333333334 0.1375 0.22291666666666668
4 0.2609375 0.9114583333333334 0.146875 0.17708333333333334