7 0.33828125 0.39791666666666664 0.0265625 0.0375
7 0.30859375 0.4270833333333333 0.0359375 0.04583333333333333
4 0.35546875 0.428125 0.0296875 0.035416666666666666
6 0.40234375 0.44479166666666664 0.0296875 0.03958333333333333
4 0.3296875 0.453125 0.028125 0.027083333333333334
4 0.39375 0.48020833333333335 0.0375 0.04791666666666667
4 0.33203125 0.48125 0.0359375 0.041666666666666664
9 0.2234375 0.49375 0.065625 0.09583333333333334
9 0.2828125 0.5291666666666667 0.071875 0.10833333333333334
4 0.3796875 0.540625 0.05 0.06041666666666667
9 0.746875 0.5447916666666667 0.109375 0.16458333333333333
7 0.159375 0.5479166666666667 0.08125 0.10416666666666667
9 0.06328125 0.65 0.1265625 0.19583333333333333
7 0.15 0.7 0.14375 0.19166666666666668
4 0.31015625 0.7916666666666666 0.0984375 0.14166666666666666