4 0.3140625 0.4270833333333333 0.0375 0.04583333333333333
4 0.35078125 0.44375 0.0359375 0.0375
9 0.56640625 0.44479166666666664 0.0484375 0.08125
4 0.4078125 0.45 0.034375 0.0375
4 0.6140625 0.45625 0.0375 0.041666666666666664
4 0.2625 0.46979166666666666 0.0375 0.03958333333333333
4 0.328125 0.48125 0.0375 0.041666666666666664
4 0.384375 0.5020833333333333 0.040625 0.05
4 0.31171875 0.5072916666666667 0.0421875 0.05625
4 0.52109375 0.5145833333333333 0.0453125 0.0625
7 0.68984375 0.521875 0.0734375 0.11875
4 0.6015625 0.5239583333333333 0.046875 0.06875
8 0.1578125 0.5375 0.121875 0.1625
4 0.37578125 0.5427083333333333 0.0453125 0.06458333333333334
9 0.2578125 0.5479166666666667 0.084375 0.12083333333333333
4 0.3859375 0.5895833333333333 0.059375 0.08333333333333333
9 0.19375 0.64375 0.115625 0.15416666666666667
4 0.31484375 0.678125 0.0921875 0.10625
8 0.03515625 0.6854166666666667 0.0703125 0.19583333333333333
4 0.58671875 0.753125 0.0890625 0.13958333333333334
4 0.29140625 0.8104166666666667 0.0984375 0.12083333333333333
8 0.0921875 0.83125 0.184375 0.3375
4 0.23046875 0.9416666666666667 0.1421875 0.11666666666666667