8 0.5 0.36041666666666666 0.025 0.04583333333333333
9 0.35 0.37395833333333334 0.03125 0.04791666666666667
4 0.48046875 0.3885416666666667 0.0171875 0.01875
7 0.36640625 0.40520833333333334 0.0296875 0.04375
4 0.4 0.40729166666666666 0.025 0.01875
7 0.32109375 0.41354166666666664 0.0328125 0.04375
4 0.3984375 0.42916666666666664 0.028125 0.029166666666666667
9 0.34921875 0.4354166666666667 0.0359375 0.0625
4 0.30234375 0.44166666666666665 0.0265625 0.03333333333333333
4 0.403125 0.45 0.03125 0.03333333333333333
4 0.33125 0.46770833333333334 0.0375 0.052083333333333336
4 0.3921875 0.46875 0.034375 0.041666666666666664
4 0.275 0.48541666666666666 0.0375 0.041666666666666664
4 0.378125 0.4947916666666667 0.0375 0.052083333333333336
4 0.28984375 0.53125 0.0484375 0.0625
4 0.36796875 0.5395833333333333 0.0546875 0.07916666666666666
8 0.15 0.5416666666666666 0.14375 0.15833333333333333
4 0.6734375 0.6145833333333334 0.08125 0.1
4 0.24765625 0.615625 0.0703125 0.08125
8 0.05078125 0.703125 0.1015625 0.26458333333333334
4 0.315625 0.76875 0.096875 0.12916666666666668
4 0.10078125 0.8510416666666667 0.1359375 0.17708333333333334