7 0.32734375 0.4125 0.0296875 0.05
9 0.59296875 0.415625 0.0421875 0.07291666666666667
4 0.4046875 0.42604166666666665 0.028125 0.027083333333333334
7 0.2859375 0.45 0.040625 0.058333333333333334
4 0.3390625 0.4552083333333333 0.03125 0.04375
6 0.39765625 0.465625 0.0296875 0.04791666666666667
4 0.30625 0.4864583333333333 0.034375 0.035416666666666666
4 0.3828125 0.5114583333333333 0.0375 0.04791666666666667
4 0.309375 0.521875 0.04375 0.05625
9 0.18828125 0.5270833333333333 0.0828125 0.1125
4 0.36015625 0.5989583333333334 0.0609375 0.07291666666666667
9 0.22421875 0.6114583333333333 0.1109375 0.14375
7 0.0984375 0.6114583333333333 0.1125 0.14375
4 0.76640625 0.7333333333333333 0.1078125 0.15833333333333333