9 0.29765625 0.41875 0.0546875 0.08333333333333333
0 0.54921875 0.4270833333333333 0.0546875 0.09166666666666666
4 0.5953125 0.4395833333333333 0.03125 0.04583333333333333
7 0.33515625 0.44583333333333336 0.0453125 0.07083333333333333
4 0.3984375 0.46041666666666664 0.034375 0.04583333333333333
9 0.2421875 0.46979166666666666 0.078125 0.11875
4 0.2 0.484375 0.0375 0.052083333333333336
4 0.65625 0.484375 0.05625 0.06875
4 0.315625 0.49895833333333334 0.046875 0.05625
4 0.37578125 0.503125 0.0390625 0.05625
4 0.6078125 0.5270833333333333 0.05625 0.07916666666666666
4 0.52890625 0.5291666666666667 0.0453125 0.0625
4 0.7328125 0.5604166666666667 0.078125 0.0875
9 0.2625 0.5635416666666667 0.103125 0.15208333333333332
4 0.06484375 0.6041666666666666 0.0859375 0.09166666666666666
4 0.14453125 0.60625 0.0703125 0.07916666666666666
4 0.35390625 0.6114583333333333 0.0671875 0.08125
4 0.703125 0.7 0.096875 0.13333333333333333
4 0.2703125 0.8385416666666666 0.11875 0.16041666666666668
4 0.0796875 0.8489583333333334 0.140625 0.19375