7 0.35078125 0.38958333333333334 0.0265625 0.0375
8 0.53359375 0.4041666666666667 0.0453125 0.07083333333333333
4 0.37578125 0.40625 0.0265625 0.03333333333333333
4 0.41484375 0.4166666666666667 0.0234375 0.029166666666666667
4 0.4984375 0.4322916666666667 0.028125 0.03125
9 0.29921875 0.434375 0.0421875 0.07708333333333334
4 0.59609375 0.434375 0.0265625 0.035416666666666666
9 0.35234375 0.43645833333333334 0.0390625 0.05625
4 0.40546875 0.44895833333333335 0.0328125 0.035416666666666666
7 0.25546875 0.4583333333333333 0.0515625 0.07083333333333333
7 0.303125 0.4864583333333333 0.05 0.09375
9 0.2125 0.5020833333333333 0.06875 0.1
4 0.51796875 0.5072916666666667 0.0484375 0.06458333333333334
4 0.371875 0.559375 0.053125 0.06458333333333334
9 0.25 0.5729166666666666 0.0875 0.12083333333333333
4 0.34296875 0.675 0.0828125 0.1125
4 0.15703125 0.8083333333333333 0.1171875 0.11666666666666667