9 0.29765625 0.41875 0.0546875 0.08333333333333333
0 0.56015625 0.44375 0.0671875 0.1
7 0.33515625 0.44583333333333336 0.0453125 0.07083333333333333
4 0.4015625 0.45416666666666666 0.034375 0.04583333333333333
4 0.60859375 0.45416666666666666 0.0421875 0.04583333333333333
9 0.2421875 0.46979166666666666 0.078125 0.11875
4 0.38046875 0.490625 0.0390625 0.05625
4 0.3203125 0.49270833333333336 0.046875 0.05625
4 0.6796875 0.5104166666666666 0.0625 0.07916666666666666
9 0.265625 0.559375 0.103125 0.15208333333333332
4 0.54609375 0.5739583333333333 0.0578125 0.08958333333333333
4 0.6453125 0.578125 0.06875 0.09375
4 0.09296875 0.5875 0.0859375 0.09166666666666666
4 0.1625 0.5885416666666666 0.0625 0.07291666666666667
4 0.36171875 0.596875 0.0671875 0.08125
4 0.7828125 0.6104166666666667 0.1 0.10416666666666667
4 0.2859375 0.7916666666666666 0.1125 0.15
4 0.0984375 0.8208333333333333 0.140625 0.18333333333333332
4 0.79296875 0.85625 0.1453125 0.225