7 0.31328125 0.41354166666666664 0.0328125 0.03958333333333333
9 0.59609375 0.4239583333333333 0.0546875 0.09375
7 0.35078125 0.425 0.0390625 0.05416666666666667
9 0.27421875 0.45 0.0453125 0.08333333333333333
9 0.3265625 0.46875 0.05 0.07083333333333333
4 0.39296875 0.48333333333333334 0.0421875 0.04583333333333333
8 0.1640625 0.5354166666666667 0.128125 0.1625
4 0.3765625 0.5375 0.05625 0.06666666666666667
8 0.6265625 0.5375 0.109375 0.14583333333333334
7 0.73515625 0.5458333333333333 0.0890625 0.1375
4 0.29140625 0.5625 0.0546875 0.06666666666666667
4 0.56640625 0.6604166666666667 0.0796875 0.13333333333333333
4 0.328125 0.7083333333333334 0.1 0.11666666666666667
4 0.8796875 0.740625 0.115625 0.15625
11 0.1 0.8125 0.2 0.375
4 0.25 0.9458333333333333 0.146875 0.10833333333333334