4 0.340625 0.3770833333333333 0.03125 0.03333333333333333
4 0.37265625 0.4114583333333333 0.0296875 0.03958333333333333
4 0.415625 0.42291666666666666 0.028125 0.03333333333333333
4 0.5390625 0.425 0.03125 0.05
4 0.49921875 0.42916666666666664 0.0359375 0.05
4 0.40078125 0.43333333333333335 0.0328125 0.041666666666666664
4 0.35859375 0.4375 0.0328125 0.05
4 0.6 0.4395833333333333 0.04375 0.05416666666666667
4 0.40859375 0.446875 0.0453125 0.05625
7 0.33125 0.45416666666666666 0.059375 0.0875
9 0.246875 0.46770833333333334 0.10625 0.11875
4 0.56640625 0.46875 0.0484375 0.07083333333333333
7 0.30390625 0.496875 0.0734375 0.09791666666666667
4 0.52265625 0.5072916666666667 0.0671875 0.09791666666666667
4 0.375 0.5197916666666667 0.05625 0.07291666666666667
9 0.15 0.5479166666666667 0.140625 0.16666666666666666
4 0.36484375 0.5770833333333333 0.0671875 0.07916666666666666
4 0.76015625 0.6572916666666667 0.0953125 0.12708333333333333
4 0.015625 0.6625 0.03125 0.10416666666666667
4 0.06953125 0.6864583333333333 0.1046875 0.11041666666666666
4 0.30703125 0.7145833333333333 0.0921875 0.125
4 0.60234375 0.721875 0.0953125 0.14375
9 0.15625 0.7427083333333333 0.225 0.30625
4 0.0359375 0.9614583333333333 0.071875 0.07708333333333334