8 0.4953125 0.3541666666666667 0.025 0.04583333333333333
9 0.3453125 0.3802083333333333 0.034375 0.05625
4 0.47734375 0.38229166666666664 0.0171875 0.01875
7 0.36640625 0.40520833333333334 0.0296875 0.04375
4 0.4 0.40729166666666666 0.025 0.01875
7 0.31328125 0.41770833333333335 0.0421875 0.06041666666666667
4 0.2890625 0.41875 0.025 0.025
4 0.3984375 0.42916666666666664 0.028125 0.029166666666666667
9 0.34765625 0.4375 0.0359375 0.0625
4 0.403125 0.45 0.03125 0.03333333333333333
4 0.28125 0.45729166666666665 0.034375 0.03958333333333333
4 0.3296875 0.46770833333333334 0.0375 0.052083333333333336
4 0.3921875 0.46875 0.034375 0.041666666666666664
4 0.2734375 0.4875 0.0375 0.041666666666666664
4 0.378125 0.4947916666666667 0.0375 0.052083333333333336
4 0.2859375 0.5395833333333333 0.05 0.06666666666666667
4 0.36796875 0.5395833333333333 0.0546875 0.07916666666666666
8 0.15 0.5416666666666666 0.14375 0.15833333333333333
4 0.6328125 0.5510416666666667 0.0625 0.06875
4 0.240625 0.6291666666666667 0.075 0.0875
8 0.0421875 0.6958333333333333 0.084375 0.22083333333333333
4 0.3046875 0.796875 0.10625 0.13958333333333334
4 0.07421875 0.9 0.1453125 0.19166666666666668