9 0.28828125 0.43125 0.0640625 0.09583333333333334
4 0.2546875 0.440625 0.0375 0.03958333333333333
4 0.39140625 0.44166666666666665 0.0265625 0.0375
4 0.34140625 0.46041666666666664 0.0328125 0.041666666666666664
4 0.234375 0.46875 0.0375 0.04583333333333333
4 0.390625 0.4864583333333333 0.040625 0.04791666666666667
4 0.51796875 0.4864583333333333 0.0390625 0.052083333333333336
9 0.31015625 0.490625 0.0765625 0.11041666666666666
4 0.184375 0.503125 0.053125 0.052083333333333336
4 0.69296875 0.534375 0.0546875 0.06041666666666667
4 0.3625 0.55 0.053125 0.07916666666666666
4 0.17265625 0.559375 0.0640625 0.08125
4 0.2359375 0.6 0.071875 0.09583333333333334
4 0.6640625 0.615625 0.08125 0.10625
4 0.56640625 0.6395833333333333 0.0734375 0.1125
7 0.06171875 0.675 0.1234375 0.175
4 0.278125 0.6791666666666667 0.10625 0.1125