8 0.32578125 0.3958333333333333 0.0484375 0.058333333333333334
8 0.2984375 0.41770833333333335 0.06875 0.07291666666666667
4 0.4078125 0.42291666666666666 0.025 0.041666666666666664
4 0.35859375 0.4354166666666667 0.0359375 0.041666666666666664
4 0.4984375 0.4354166666666667 0.053125 0.09583333333333334
4 0.33828125 0.4583333333333333 0.0296875 0.0625
4 0.38828125 0.5 0.0484375 0.10833333333333334
9 0.16171875 0.5208333333333334 0.1203125 0.11666666666666667
9 0.2515625 0.5375 0.134375 0.17083333333333334
4 0.528125 0.5375 0.071875 0.10416666666666667
4 0.37578125 0.553125 0.0796875 0.06875
4 0.3453125 0.596875 0.071875 0.09375
4 0.32734375 0.659375 0.0796875 0.12708333333333333
8 0.1421875 0.6854166666666667 0.246875 0.3458333333333333
4 0.2875 0.7458333333333333 0.128125 0.1375
4 0.2546875 0.9125 0.1375 0.175