4 0.490625 0.365625 0.021875 0.027083333333333334
4 0.4828125 0.3875 0.021875 0.029166666666666667
9 0.26953125 0.425 0.0484375 0.05
4 0.35078125 0.44583333333333336 0.0265625 0.0375
9 0.21015625 0.47291666666666665 0.0859375 0.0875
4 0.403125 0.4739583333333333 0.059375 0.06041666666666667
9 0.25 0.5260416666666666 0.128125 0.15208333333333332
4 0.38125 0.53125 0.059375 0.0625
4 0.35859375 0.5885416666666666 0.0640625 0.07708333333333334
8 0.1546875 0.6385416666666667 0.196875 0.28541666666666665
4 0.33203125 0.6489583333333333 0.0796875 0.10625
4 0.03203125 0.7135416666666666 0.0609375 0.08958333333333333
4 0.28984375 0.75 0.1046875 0.11666666666666667
9 0.04765625 0.8791666666666667 0.0953125 0.24166666666666667
4 0.265625 0.9125 0.18125 0.175