8 0.63515625 0.44895833333333335 0.0546875 0.08125
9 0.33125 0.45 0.05625 0.0625
4 0.503125 0.45729166666666665 0.0375 0.06041666666666667
0 0.584375 0.4708333333333333 0.075 0.11666666666666667
4 0.38828125 0.471875 0.0390625 0.04375
7 0.21640625 0.5020833333333333 0.0640625 0.09583333333333334
4 0.38359375 0.5020833333333333 0.0421875 0.041666666666666664
0 0.28046875 0.525 0.1046875 0.14583333333333334
4 0.53671875 0.534375 0.0484375 0.07291666666666667
4 0.3703125 0.55 0.05 0.06666666666666667
9 0.14609375 0.5583333333333333 0.0953125 0.1
9 0.6671875 0.5708333333333333 0.10625 0.1625
4 0.33828125 0.6197916666666666 0.0703125 0.07708333333333334
4 0.3125 0.7083333333333334 0.0875 0.10833333333333334
8 0.11640625 0.7708333333333334 0.2328125 0.3541666666666667
4 0.6171875 0.8145833333333333 0.109375 0.19166666666666668