11 0.5859375 0.46458333333333335 0.08125 0.11666666666666667
7 0.26484375 0.465625 0.0515625 0.07291666666666667
0 0.32109375 0.46770833333333334 0.0671875 0.10208333333333333
4 0.38828125 0.471875 0.0390625 0.04375
4 0.5078125 0.48020833333333335 0.040625 0.052083333333333336
9 0.2109375 0.5020833333333333 0.065625 0.06666666666666667
4 0.38359375 0.5020833333333333 0.0421875 0.041666666666666664
4 0.3703125 0.5447916666666667 0.05 0.06041666666666667
8 0.23515625 0.5802083333333333 0.1234375 0.18125
9 0.11953125 0.5875 0.0953125 0.15416666666666667
4 0.35078125 0.596875 0.0640625 0.06458333333333334
4 0.33125 0.6541666666666667 0.075 0.1
0 0.671875 0.65625 0.196875 0.30416666666666664
6 0.3140625 0.7572916666666667 0.103125 0.14791666666666667
9 0.08046875 0.8489583333333334 0.1609375 0.3020833333333333