0 0.3578125 0.409375 0.046875 0.06875
7 0.29921875 0.42916666666666664 0.0453125 0.06666666666666667
4 0.39921875 0.440625 0.0328125 0.04375
8 0.3234375 0.453125 0.065625 0.08541666666666667
9 0.2640625 0.45416666666666666 0.053125 0.08333333333333333
4 0.38828125 0.49166666666666664 0.0421875 0.05
9 0.290625 0.51875 0.065625 0.09583333333333334
8 0.159375 0.5270833333333333 0.14375 0.1875
4 0.5359375 0.53125 0.053125 0.07916666666666666
4 0.3734375 0.5322916666666667 0.05 0.06041666666666667
4 0.34921875 0.5875 0.0578125 0.06666666666666667
4 0.33125 0.6458333333333334 0.075 0.1
11 0.053125 0.696875 0.10625 0.24375
6 0.32734375 0.7177083333333333 0.0859375 0.12708333333333333
4 0.61328125 0.7520833333333333 0.1109375 0.1625
4 0.29375 0.8375 0.1125 0.15