9 0.328125 0.4 0.034375 0.058333333333333334
9 0.3625 0.4125 0.0375 0.05416666666666667
8 0.28203125 0.4270833333333333 0.0703125 0.1
4 0.40625 0.43854166666666666 0.028125 0.03958333333333333
4 0.4015625 0.47291666666666665 0.0375 0.041666666666666664
11 0.21640625 0.4979166666666667 0.1109375 0.1625
8 0.2828125 0.5072916666666667 0.09375 0.15208333333333332
4 0.37421875 0.525 0.0515625 0.05416666666666667
4 0.14765625 0.5333333333333333 0.0578125 0.058333333333333334
4 0.35234375 0.5927083333333333 0.0640625 0.08125
7 0.08671875 0.65 0.1234375 0.15416666666666667
6 0.3359375 0.6916666666666667 0.0875 0.125
4 0.18984375 0.6989583333333333 0.0953125 0.11041666666666666
4 0.29609375 0.8333333333333334 0.1140625 0.14583333333333334