9 0.3328125 0.4479166666666667 0.05625 0.0625
8 0.640625 0.45729166666666665 0.065625 0.09791666666666667
4 0.38828125 0.471875 0.0390625 0.04375
4 0.5078125 0.471875 0.040625 0.06041666666666667
0 0.6015625 0.478125 0.0875 0.13125
7 0.2234375 0.5 0.059375 0.09166666666666666
4 0.38359375 0.5020833333333333 0.0421875 0.041666666666666664
0 0.2828125 0.5197916666666667 0.1 0.13958333333333334
4 0.3703125 0.55 0.05 0.06666666666666667
9 0.14921875 0.5510416666666667 0.0921875 0.08541666666666667
4 0.54921875 0.5614583333333333 0.0546875 0.08541666666666667
9 0.69140625 0.6020833333333333 0.1265625 0.19583333333333333
4 0.34453125 0.609375 0.0640625 0.07291666666666667
4 0.3171875 0.703125 0.0875 0.11041666666666666
8 0.12265625 0.759375 0.2453125 0.34375
4 0.65546875 0.8989583333333333 0.1328125 0.20208333333333334
6 0.25234375 0.921875 0.1484375 0.15625