4 0.3203125 0.3927083333333333 0.034375 0.035416666666666666
7 0.34296875 0.3958333333333333 0.0203125 0.03333333333333333
4 0.41484375 0.409375 0.0171875 0.027083333333333334
4 0.36953125 0.41458333333333336 0.0234375 0.041666666666666664
4 0.4890625 0.41458333333333336 0.015625 0.025
4 0.4046875 0.43854166666666666 0.01875 0.035416666666666666
4 0.3484375 0.446875 0.025 0.05625
4 0.39765625 0.4552083333333333 0.0234375 0.04375
4 0.58671875 0.46041666666666664 0.0359375 0.04583333333333333
4 0.5046875 0.465625 0.0375 0.052083333333333336
7 0.31484375 0.47291666666666665 0.0578125 0.09583333333333334
9 0.2359375 0.48020833333333335 0.08125 0.12291666666666666
4 0.4015625 0.48125 0.03125 0.058333333333333334
7 0.2765625 0.5291666666666667 0.071875 0.10833333333333334
4 0.34921875 0.56875 0.0640625 0.07916666666666666
9 0.1125 0.578125 0.159375 0.20208333333333334
4 0.65390625 0.5864583333333333 0.0734375 0.12291666666666666
4 0.74765625 0.6 0.0765625 0.10416666666666667
4 0.3484375 0.6375 0.071875 0.08333333333333333
9 0.1109375 0.7927083333333333 0.221875 0.30625
4 0.27109375 0.8447916666666667 0.1140625 0.16041666666666668
4 0.8703125 0.9197916666666667 0.159375 0.16041666666666668
4 0.68828125 0.9375 0.1703125 0.125