4 0.55546875 0.428125 0.0296875 0.035416666666666666
4 0.31484375 0.43020833333333336 0.0296875 0.03958333333333333
4 0.35 0.434375 0.03125 0.035416666666666666
4 0.39765625 0.44583333333333336 0.0359375 0.041666666666666664
4 0.50078125 0.44895833333333335 0.0328125 0.04375
7 0.284375 0.45416666666666666 0.046875 0.058333333333333334
4 0.3296875 0.46875 0.0375 0.0375
7 0.571875 0.46875 0.04375 0.06666666666666667
4 0.39765625 0.48125 0.0421875 0.041666666666666664
4 0.31484375 0.5 0.0359375 0.0375
4 0.2203125 0.5145833333333333 0.040625 0.04583333333333333
4 0.378125 0.5229166666666667 0.046875 0.05
4 0.3046875 0.53125 0.040625 0.06666666666666667
7 0.24453125 0.56875 0.0921875 0.125
9 0.10625 0.56875 0.153125 0.17083333333333334
4 0.3734375 0.5697916666666667 0.05 0.05625
4 0.38359375 0.6135416666666667 0.0640625 0.08541666666666667
7 0.19609375 0.640625 0.1171875 0.16041666666666668
4 0.58046875 0.6510416666666666 0.0796875 0.10208333333333333
9 0.03515625 0.6833333333333333 0.0703125 0.1875
4 0.3125 0.6916666666666667 0.090625 0.10416666666666667
4 0.29375 0.8083333333333333 0.1 0.125
9 0.09140625 0.8291666666666667 0.1828125 0.3416666666666667
4 0.65078125 0.8947916666666667 0.1390625 0.21041666666666667
7 0.9265625 0.9020833333333333 0.146875 0.19583333333333333
4 0.228125 0.9416666666666667 0.15 0.11666666666666667