7 0.3375 0.4041666666666667 0.03125 0.0375
4 0.37265625 0.40520833333333334 0.0296875 0.035416666666666666
6 0.41171875 0.42083333333333334 0.0296875 0.03333333333333333
4 0.35703125 0.43125 0.0265625 0.03333333333333333
4 0.40625 0.44479166666666664 0.03125 0.03958333333333333
9 0.26796875 0.4552083333333333 0.0484375 0.07291666666666667
9 0.32890625 0.46875 0.0453125 0.075
4 0.39375 0.4864583333333333 0.040625 0.04791666666666667
7 0.2171875 0.49375 0.0625 0.08333333333333333
4 0.528125 0.521875 0.05 0.06875
9 0.16484375 0.5479166666666667 0.0890625 0.125
7 0.25703125 0.5479166666666667 0.0765625 0.11666666666666667
7 0.71875 0.5520833333333334 0.08125 0.0875
7 0.6796875 0.6135416666666667 0.09375 0.13541666666666666
4 0.35234375 0.63125 0.0734375 0.09166666666666666
7 0.15234375 0.721875 0.1578125 0.21041666666666667
4 0.303125 0.834375 0.128125 0.15625