4 0.5109375 0.3885416666666667 0.021875 0.03125
4 0.5546875 0.3927083333333333 0.025 0.035416666666666666
4 0.4859375 0.4010416666666667 0.01875 0.027083333333333334
4 0.5203125 0.4125 0.021875 0.029166666666666667
4 0.5796875 0.41770833333333335 0.028125 0.035416666666666666
4 0.41640625 0.42604166666666665 0.0171875 0.035416666666666666
4 0.55 0.4354166666666667 0.025 0.0375
9 0.27578125 0.43645833333333334 0.0515625 0.09375
7 0.3453125 0.43645833333333334 0.040625 0.06458333333333334
4 0.48828125 0.43854166666666666 0.0265625 0.035416666666666666
4 0.38984375 0.45416666666666666 0.0328125 0.0375
7 0.3234375 0.4635416666666667 0.04375 0.08125
7 0.63125 0.46458333333333335 0.0375 0.05416666666666667
4 0.5203125 0.4979166666666667 0.03125 0.05
4 0.3828125 0.5 0.034375 0.04583333333333333
9 0.20703125 0.5020833333333333 0.0984375 0.13333333333333333
4 0.63984375 0.5041666666666667 0.0453125 0.05416666666666667
4 0.61640625 0.54375 0.0421875 0.05416666666666667
4 0.3484375 0.575 0.05 0.08333333333333333
4 0.06796875 0.6052083333333333 0.0859375 0.10625
9 0.2046875 0.6364583333333333 0.146875 0.20625
4 0.7578125 0.6979166666666666 0.090625 0.14583333333333334
4 0.05703125 0.7895833333333333 0.0890625 0.12916666666666668
4 0.3 0.8125 0.1 0.1375
4 0.64765625 0.8854166666666666 0.1515625 0.225