4 0.525 0.4197916666666667 0.0375 0.04375
4 0.35859375 0.4375 0.0265625 0.03333333333333333
4 0.39765625 0.4479166666666667 0.0328125 0.05
4 0.525 0.4822916666666667 0.04375 0.05625
4 0.328125 0.49166666666666664 0.034375 0.05416666666666667
9 0.2671875 0.5145833333333333 0.1 0.15
4 0.3859375 0.5208333333333334 0.04375 0.0625
4 0.359375 0.5708333333333333 0.053125 0.06666666666666667
8 0.14921875 0.64375 0.2546875 0.31666666666666665
4 0.33125 0.6625 0.08125 0.1375
4 0.296875 0.7541666666666667 0.1 0.15833333333333333
9 0.06953125 0.859375 0.1390625 0.27708333333333335
4 0.2671875 0.90625 0.15 0.1875