8 0.36953125 0.396875 0.0390625 0.05625
9 0.31640625 0.409375 0.0390625 0.06458333333333334
9 0.35546875 0.425 0.0453125 0.06666666666666667
8 0.265625 0.43645833333333334 0.078125 0.09375
4 0.4015625 0.4510416666666667 0.028125 0.03958333333333333
4 0.39765625 0.4822916666666667 0.0421875 0.052083333333333336
11 0.18125 0.53125 0.140625 0.1875
4 0.36171875 0.5479166666666667 0.0515625 0.05416666666666667
8 0.25 0.5541666666666667 0.109375 0.175
9 0.65234375 0.5677083333333334 0.1078125 0.16875
4 0.346875 0.60625 0.06875 0.08333333333333333
6 0.325 0.7166666666666667 0.090625 0.12083333333333333
4 0.29453125 0.8354166666666667 0.1140625 0.14583333333333334