4 0.30546875 0.41458333333333336 0.0265625 0.029166666666666667
4 0.36015625 0.43333333333333335 0.0296875 0.041666666666666664
4 0.40546875 0.4375 0.0265625 0.0375
4 0.55859375 0.446875 0.0390625 0.06041666666666667
4 0.603125 0.44895833333333335 0.0375 0.04791666666666667
4 0.34140625 0.46458333333333335 0.0265625 0.05416666666666667
4 0.3953125 0.47604166666666664 0.034375 0.04375
7 0.31015625 0.48333333333333334 0.0578125 0.09583333333333334
9 0.2140625 0.49375 0.0875 0.1375
4 0.5140625 0.5010416666666667 0.04375 0.06458333333333334
4 0.3984375 0.5072916666666667 0.040625 0.06041666666666667
4 0.59609375 0.515625 0.0484375 0.06041666666666667
7 0.23515625 0.5864583333333333 0.0890625 0.13958333333333334
4 0.334375 0.6114583333333333 0.06875 0.08958333333333333
9 0.07890625 0.6260416666666667 0.1578125 0.23125
4 0.32265625 0.709375 0.0828125 0.10208333333333333
4 0.89296875 0.7447916666666666 0.1359375 0.16875
9 0.0953125 0.8208333333333333 0.190625 0.3375
4 0.66171875 0.84375 0.1359375 0.20833333333333334
4 0.24453125 0.91875 0.1390625 0.1625