8 0.3015625 0.41875 0.053125 0.07083333333333333
8 0.25546875 0.45 0.0796875 0.0875
4 0.6328125 0.4791666666666667 0.046875 0.058333333333333334
4 0.5109375 0.48541666666666666 0.04375 0.058333333333333334
4 0.3125 0.49895833333333334 0.034375 0.052083333333333336
4 0.37578125 0.5083333333333333 0.0421875 0.05416666666666667
4 0.37421875 0.553125 0.0421875 0.06041666666666667
9 0.1171875 0.5708333333333333 0.13125 0.1625
9 0.215625 0.5739583333333333 0.15 0.20625
4 0.3484375 0.6041666666666666 0.053125 0.06666666666666667
4 0.33046875 0.6614583333333334 0.0890625 0.11041666666666666
4 0.625 0.74375 0.1 0.17083333333333334
4 0.2921875 0.75625 0.10625 0.12916666666666668
4 0.2421875 0.9416666666666667 0.1625 0.11666666666666667