4 0.59375 0.4375 0.028125 0.0375
9 0.27421875 0.44583333333333336 0.0671875 0.10833333333333334
4 0.3921875 0.44895833333333335 0.034375 0.04375
4 0.34140625 0.46041666666666664 0.0328125 0.041666666666666664
4 0.22421875 0.46770833333333334 0.0453125 0.03958333333333333
4 0.56640625 0.46770833333333334 0.0359375 0.052083333333333336
4 0.5125 0.4739583333333333 0.034375 0.052083333333333336
4 0.2171875 0.5041666666666667 0.040625 0.04583333333333333
9 0.29765625 0.5145833333333333 0.0828125 0.12083333333333333
4 0.384375 0.51875 0.046875 0.05416666666666667
4 0.5265625 0.55 0.05 0.08333333333333333
7 0.64296875 0.5666666666666667 0.0859375 0.14166666666666666
4 0.103125 0.56875 0.071875 0.07916666666666666
4 0.346875 0.5989583333333334 0.0625 0.08125
4 0.12109375 0.6104166666666667 0.0796875 0.09583333333333334
4 0.54453125 0.64375 0.0671875 0.09583333333333334
4 0.1984375 0.6572916666666667 0.0875 0.11041666666666666
0 0.8734375 0.825 0.253125 0.35
4 0.1390625 0.8260416666666667 0.159375 0.15625