9 0.29609375 0.42291666666666666 0.0609375 0.0875
4 0.39140625 0.44166666666666665 0.0265625 0.0375
4 0.35078125 0.45 0.0328125 0.041666666666666664
4 0.25078125 0.45625 0.0359375 0.041666666666666664
4 0.51796875 0.46770833333333334 0.0328125 0.04791666666666667
4 0.396875 0.4739583333333333 0.0375 0.04375
4 0.20390625 0.48333333333333334 0.0484375 0.05
9 0.3171875 0.4875 0.071875 0.1
4 0.3734375 0.5270833333333333 0.05 0.0625
4 0.18828125 0.5447916666666667 0.0578125 0.07708333333333334
4 0.5453125 0.5625 0.05625 0.08333333333333333
4 0.25 0.5854166666666667 0.071875 0.09583333333333334
7 0.10078125 0.621875 0.1265625 0.15208333333333332
4 0.31953125 0.6260416666666667 0.0859375 0.09375
4 0.80078125 0.6479166666666667 0.0921875 0.10416666666666667
4 0.8140625 0.8385416666666666 0.153125 0.17291666666666666
4 0.0859375 0.8791666666666667 0.146875 0.17083333333333334
4 0.6609375 0.9041666666666667 0.1375 0.19166666666666668