8 0.33515625 0.396875 0.0390625 0.06041666666666667
8 0.309375 0.41875 0.05 0.0625
4 0.36640625 0.43333333333333335 0.0390625 0.041666666666666664
4 0.3390625 0.46145833333333336 0.028125 0.06041666666666667
4 0.3890625 0.4822916666666667 0.065625 0.06458333333333334
4 0.525 0.50625 0.06875 0.08333333333333333
9 0.1890625 0.5135416666666667 0.115625 0.13125
9 0.2546875 0.5354166666666667 0.15 0.16666666666666666
4 0.3828125 0.5489583333333333 0.08125 0.08541666666666667
4 0.353125 0.596875 0.071875 0.09375
7 0.07890625 0.6489583333333333 0.1328125 0.16875
8 0.1515625 0.6666666666666666 0.234375 0.32083333333333336
4 0.32734375 0.6697916666666667 0.0921875 0.13541666666666666
4 0.29140625 0.7583333333333333 0.1140625 0.1625
4 0.63359375 0.80625 0.1484375 0.2
4 0.27265625 0.9114583333333334 0.1703125 0.17708333333333334