9 0.3484375 0.3729166666666667 0.034375 0.05
9 0.3328125 0.39375 0.053125 0.07916666666666666
4 0.30234375 0.403125 0.0265625 0.035416666666666666
4 0.4234375 0.40520833333333334 0.021875 0.027083333333333334
4 0.40546875 0.41041666666666665 0.0234375 0.029166666666666667
7 0.36328125 0.41458333333333336 0.0421875 0.058333333333333334
7 0.55390625 0.41458333333333336 0.0484375 0.07916666666666666
4 0.396875 0.428125 0.03125 0.035416666666666666
4 0.39765625 0.44166666666666665 0.0328125 0.029166666666666667
4 0.2578125 0.4427083333333333 0.034375 0.03958333333333333
4 0.28984375 0.446875 0.0390625 0.052083333333333336
9 0.33671875 0.4552083333333333 0.0578125 0.08541666666666667
4 0.40234375 0.459375 0.0390625 0.04791666666666667
4 0.22578125 0.46041666666666664 0.0421875 0.058333333333333334
4 0.3890625 0.471875 0.05 0.06041666666666667
7 0.253125 0.475 0.084375 0.09583333333333334
4 0.58671875 0.484375 0.0515625 0.06458333333333334
4 0.3078125 0.5 0.053125 0.07083333333333333
4 0.58359375 0.5239583333333333 0.0546875 0.08541666666666667
4 0.359375 0.5479166666666667 0.071875 0.09166666666666666
4 0.17734375 0.5677083333333334 0.0859375 0.10208333333333333
4 0.5609375 0.5802083333333333 0.065625 0.09375
4 0.2609375 0.5822916666666667 0.08125 0.09375
4 0.121875 0.8083333333333333 0.1625 0.21666666666666667
4 0.19140625 0.9645833333333333 0.1890625 0.06666666666666667