7 0.32890625 0.4083333333333333 0.0296875 0.05
4 0.40625 0.421875 0.028125 0.027083333333333334
9 0.60859375 0.4270833333333333 0.0515625 0.07916666666666666
7 0.2859375 0.44583333333333336 0.040625 0.058333333333333334
4 0.3390625 0.4552083333333333 0.03125 0.04375
6 0.39765625 0.465625 0.0296875 0.04791666666666667
4 0.30625 0.4864583333333333 0.034375 0.035416666666666666
4 0.390625 0.5052083333333334 0.0375 0.04791666666666667
4 0.309375 0.5177083333333333 0.04375 0.05625
9 0.19296875 0.5229166666666667 0.0828125 0.1125
4 0.36640625 0.5875 0.0640625 0.07083333333333333
9 0.23828125 0.5947916666666667 0.1078125 0.13541666666666666
7 0.10234375 0.6052083333333333 0.1046875 0.14375
4 0.9125 0.90625 0.175 0.1875