9 0.3578125 0.40520833333333334 0.04375 0.06458333333333334
8 0.33203125 0.43333333333333335 0.0671875 0.10416666666666667
4 0.40078125 0.43854166666666666 0.0296875 0.03125
4 0.39453125 0.46979166666666666 0.0359375 0.035416666666666666
7 0.240625 0.4822916666666667 0.071875 0.09791666666666667
4 0.38203125 0.49583333333333335 0.0390625 0.05
9 0.2828125 0.5083333333333333 0.08125 0.10833333333333334
7 0.17421875 0.5385416666666667 0.0796875 0.08541666666666667
4 0.36171875 0.5666666666666667 0.0484375 0.075
4 0.56015625 0.6135416666666667 0.0734375 0.10625
7 0.06953125 0.6260416666666667 0.1390625 0.13125
4 0.33515625 0.684375 0.0859375 0.10625
8 0.91953125 0.7479166666666667 0.1609375 0.36666666666666664
0 0.121875 0.7708333333333334 0.24375 0.37916666666666665
4 0.26796875 0.8729166666666667 0.1328125 0.15833333333333333