4 0.48359375 0.3958333333333333 0.0359375 0.041666666666666664
9 0.31484375 0.403125 0.0515625 0.08125
7 0.35390625 0.4125 0.0578125 0.0875
4 0.2828125 0.41458333333333336 0.034375 0.05416666666666667
4 0.3953125 0.43333333333333335 0.046875 0.058333333333333334
4 0.26953125 0.4395833333333333 0.0515625 0.075
4 0.4015625 0.446875 0.040625 0.04791666666666667
7 0.328125 0.46041666666666664 0.078125 0.10416666666666667
4 0.23046875 0.4666666666666667 0.0515625 0.058333333333333334
4 0.3921875 0.4791666666666667 0.05625 0.075
4 0.25078125 0.48854166666666665 0.0671875 0.07708333333333334
4 0.365625 0.5197916666666667 0.071875 0.08958333333333333
7 0.1984375 0.53125 0.084375 0.11666666666666667
4 0.2890625 0.53125 0.059375 0.07916666666666666
4 0.53984375 0.5322916666666667 0.0515625 0.06458333333333334
4 0.12578125 0.5520833333333334 0.0671875 0.0625
4 0.215625 0.6677083333333333 0.09375 0.10625
4 0.32890625 0.6875 0.0890625 0.1125
4 0.05234375 0.7541666666666667 0.1046875 0.13333333333333333