9 0.26640625 0.45 0.0734375 0.10833333333333334
4 0.3875 0.46145833333333336 0.034375 0.04375
4 0.33671875 0.46875 0.0328125 0.041666666666666664
7 0.57578125 0.478125 0.0515625 0.08125
4 0.18828125 0.5 0.0546875 0.05416666666666667
4 0.51015625 0.5145833333333333 0.0453125 0.05416666666666667
9 0.28984375 0.5208333333333334 0.0828125 0.12083333333333333
4 0.203125 0.534375 0.053125 0.05625
4 0.3796875 0.5416666666666666 0.046875 0.05416666666666667
0 0.690625 0.6052083333333333 0.175 0.2520833333333333
4 0.3296875 0.65 0.075 0.10416666666666667
4 0.08046875 0.6541666666666667 0.0953125 0.11666666666666667
4 0.1640625 0.7104166666666667 0.10625 0.1375
4 0.89140625 0.7125 0.1484375 0.15