4 0.36015625 0.4239583333333333 0.0296875 0.035416666666666666
7 0.3109375 0.425 0.034375 0.041666666666666664
6 0.40703125 0.43645833333333334 0.0296875 0.03958333333333333
4 0.3375 0.44895833333333335 0.028125 0.027083333333333334
4 0.3375 0.4739583333333333 0.03125 0.03958333333333333
4 0.39765625 0.4739583333333333 0.0359375 0.04791666666666667
9 0.228125 0.4875 0.065625 0.09166666666666666
9 0.28671875 0.521875 0.0671875 0.09375
4 0.38125 0.534375 0.05 0.05625
7 0.165625 0.5395833333333333 0.078125 0.09583333333333334
9 0.7796875 0.578125 0.125 0.18541666666666667
9 0.07109375 0.6458333333333334 0.1265625 0.19583333333333333
7 0.1640625 0.6791666666666667 0.134375 0.18333333333333332
4 0.31484375 0.7822916666666667 0.1046875 0.12708333333333333