4 0.4953125 0.43333333333333335 0.040625 0.05
8 0.55859375 0.44583333333333336 0.0546875 0.075
7 0.328125 0.4583333333333333 0.05 0.08333333333333333
9 0.23671875 0.48125 0.0671875 0.09166666666666666
4 0.646875 0.4895833333333333 0.04375 0.0625
4 0.5296875 0.515625 0.053125 0.06458333333333334
4 0.378125 0.525 0.04375 0.06666666666666667
9 0.28671875 0.5260416666666666 0.0734375 0.10625
4 0.35703125 0.6145833333333334 0.0703125 0.09583333333333334
8 0.075 0.6333333333333333 0.15 0.24166666666666667
4 0.22890625 0.6854166666666667 0.0859375 0.09583333333333334
4 0.62578125 0.7989583333333333 0.1203125 0.18125
4 0.2828125 0.8729166666666667 0.1375 0.18333333333333332