4 0.50234375 0.37916666666666665 0.0234375 0.041666666666666664
4 0.49296875 0.4083333333333333 0.0265625 0.04583333333333333
9 0.2796875 0.43125 0.05 0.06666666666666667
4 0.35078125 0.44895833333333335 0.0296875 0.035416666666666666
4 0.39140625 0.46041666666666664 0.0390625 0.04583333333333333
9 0.2265625 0.4666666666666667 0.08125 0.08333333333333333
4 0.37734375 0.528125 0.0484375 0.06875
9 0.24921875 0.534375 0.1203125 0.16458333333333333
4 0.35390625 0.5875 0.0703125 0.075
8 0.1546875 0.6552083333333333 0.2125 0.3229166666666667
4 0.3265625 0.6614583333333334 0.090625 0.10625
4 0.03046875 0.684375 0.0609375 0.09791666666666667
4 0.2890625 0.75625 0.10625 0.14166666666666666
9 0.059375 0.875 0.11875 0.25
4 0.259375 0.9114583333333334 0.153125 0.17708333333333334