8 0.31015625 0.4125 0.0578125 0.0875
4 0.41171875 0.4166666666666667 0.0265625 0.0375
9 0.56015625 0.43333333333333335 0.0578125 0.09166666666666666
4 0.49609375 0.43854166666666666 0.0296875 0.04791666666666667
4 0.40859375 0.44375 0.0296875 0.03333333333333333
11 0.26328125 0.44895833333333335 0.0796875 0.11875
8 0.3234375 0.45416666666666666 0.0625 0.10833333333333334
4 0.3875 0.4875 0.034375 0.04583333333333333
4 0.5203125 0.5125 0.040625 0.05416666666666667
4 0.28359375 0.5479166666666667 0.0578125 0.0625
4 0.36484375 0.5541666666666667 0.0546875 0.07083333333333333
7 0.18671875 0.559375 0.0859375 0.11458333333333333
7 0.72421875 0.578125 0.0859375 0.09791666666666667
6 0.35078125 0.6385416666666667 0.0703125 0.10625
7 0.0546875 0.7072916666666667 0.109375 0.17291666666666666
4 0.3125 0.7729166666666667 0.096875 0.13333333333333333
4 0.0828125 0.8770833333333333 0.153125 0.1625