4 0.37890625 0.39791666666666664 0.0265625 0.03333333333333333
8 0.54296875 0.415625 0.0515625 0.08541666666666667
4 0.41484375 0.4166666666666667 0.0234375 0.029166666666666667
9 0.31015625 0.41770833333333335 0.0390625 0.04791666666666667
9 0.35859375 0.421875 0.0390625 0.05625
4 0.40703125 0.440625 0.0328125 0.035416666666666666
7 0.2671875 0.453125 0.04375 0.06458333333333334
4 0.62109375 0.45625 0.0390625 0.04583333333333333
4 0.5109375 0.46979166666666666 0.0375 0.052083333333333336
7 0.31875 0.47291666666666665 0.053125 0.08333333333333333
9 0.225 0.4895833333333333 0.059375 0.08333333333333333
4 0.37578125 0.5385416666666667 0.0484375 0.06458333333333334
9 0.27109375 0.5458333333333333 0.0703125 0.1125
4 0.55546875 0.6104166666666667 0.0703125 0.10416666666666667
4 0.34765625 0.6427083333333333 0.0765625 0.09791666666666667
8 0.06640625 0.6604166666666667 0.1328125 0.25416666666666665
4 0.19921875 0.7260416666666667 0.1015625 0.10208333333333333
4 0.265625 0.9177083333333333 0.15 0.16458333333333333