9 0.28828125 0.43125 0.0640625 0.09583333333333334
4 0.2546875 0.440625 0.0375 0.03958333333333333
4 0.39140625 0.44166666666666665 0.0265625 0.0375
4 0.34140625 0.46041666666666664 0.0328125 0.041666666666666664
4 0.23125 0.46875 0.0375 0.04583333333333333
4 0.51484375 0.4739583333333333 0.0328125 0.052083333333333336
9 0.31015625 0.490625 0.0765625 0.11041666666666666
4 0.3890625 0.4947916666666667 0.040625 0.04791666666666667
4 0.175 0.5072916666666667 0.053125 0.052083333333333336
4 0.67421875 0.515625 0.0546875 0.06041666666666667
4 0.3625 0.55 0.053125 0.07916666666666666
4 0.16640625 0.5625 0.0671875 0.08333333333333333
4 0.6453125 0.5875 0.075 0.09166666666666666
4 0.55546875 0.60625 0.0640625 0.1
4 0.23203125 0.6104166666666667 0.0765625 0.09583333333333334
7 0.06171875 0.675 0.1234375 0.175
4 0.265625 0.6916666666666667 0.1125 0.1125
4 0.65 0.9 0.15 0.2