9 0.35078125 0.4166666666666667 0.0453125 0.07083333333333333
4 0.49921875 0.4239583333333333 0.0265625 0.035416666666666666
4 0.39765625 0.446875 0.0296875 0.03125
8 0.3 0.48020833333333335 0.084375 0.13958333333333334
7 0.59609375 0.5083333333333333 0.0515625 0.08333333333333333
4 0.38046875 0.509375 0.0484375 0.06458333333333334
7 0.17578125 0.5385416666666667 0.0953125 0.09791666666666667
4 0.35859375 0.55625 0.0546875 0.07083333333333333
4 0.55390625 0.5885416666666666 0.0640625 0.09791666666666667
9 0.20234375 0.6114583333333333 0.1421875 0.17291666666666666
8 0.8203125 0.6145833333333334 0.178125 0.2375
7 0.05859375 0.6635416666666667 0.1171875 0.15208333333333332
7 0.71875 0.6666666666666666 0.125 0.21666666666666667
4 0.321875 0.715625 0.084375 0.11041666666666666