4 0.49765625 0.43645833333333334 0.0421875 0.05625
4 0.38984375 0.48854166666666665 0.0609375 0.09791666666666667
4 0.52734375 0.5166666666666667 0.0421875 0.07083333333333333
9 0.15703125 0.53125 0.1328125 0.1375
9 0.25078125 0.5427083333333333 0.1296875 0.17291666666666666
4 0.37890625 0.553125 0.0484375 0.08541666666666667
4 0.3546875 0.6020833333333333 0.06875 0.1
4 0.31953125 0.6583333333333333 0.1078125 0.125
8 0.1296875 0.6854166666666667 0.253125 0.3375
4 0.29765625 0.7427083333333333 0.1296875 0.13125
9 0.8765625 0.828125 0.246875 0.34375
4 0.2703125 0.90625 0.16875 0.1875