8 0.3453125 0.42083333333333334 0.0625 0.0875
4 0.49921875 0.434375 0.0265625 0.03958333333333333
4 0.40078125 0.43854166666666666 0.0296875 0.03125
7 0.275 0.45729166666666665 0.046875 0.06041666666666667
4 0.39609375 0.46145833333333336 0.0359375 0.035416666666666666
9 0.31171875 0.47291666666666665 0.0640625 0.08333333333333333
9 0.63828125 0.475 0.0546875 0.06666666666666667
4 0.3875 0.478125 0.034375 0.04791666666666667
7 0.225 0.4895833333333333 0.046875 0.058333333333333334
4 0.38046875 0.5177083333333333 0.0359375 0.04791666666666667
7 0.1671875 0.5479166666666667 0.08125 0.10833333333333334
4 0.5484375 0.56875 0.065625 0.0875
4 0.36328125 0.58125 0.0609375 0.075
0 0.2203125 0.596875 0.153125 0.20625
9 0.05625 0.6677083333333333 0.1125 0.17708333333333334
4 0.31796875 0.6916666666666667 0.0796875 0.09583333333333334
4 0.2609375 0.871875 0.134375 0.17291666666666666