8 0.4953125 0.3541666666666667 0.025 0.04583333333333333
4 0.475 0.37916666666666665 0.0125 0.016666666666666666
9 0.3453125 0.3802083333333333 0.034375 0.05625
4 0.3015625 0.4041666666666667 0.025 0.025
7 0.36640625 0.40520833333333334 0.0296875 0.04375
4 0.4 0.40729166666666666 0.025 0.01875
7 0.31328125 0.41770833333333335 0.0421875 0.06041666666666667
4 0.3984375 0.42916666666666664 0.028125 0.029166666666666667
9 0.34765625 0.4375 0.0359375 0.0625
4 0.2984375 0.446875 0.034375 0.03958333333333333
4 0.403125 0.45 0.03125 0.03333333333333333
4 0.3921875 0.46875 0.034375 0.041666666666666664
4 0.3265625 0.471875 0.0375 0.052083333333333336
4 0.378125 0.4947916666666667 0.0375 0.052083333333333336
4 0.2765625 0.49895833333333334 0.04375 0.05625
4 0.603125 0.5145833333333333 0.053125 0.058333333333333334
4 0.2796875 0.5458333333333333 0.05 0.06666666666666667
4 0.36171875 0.55 0.0546875 0.07916666666666666
8 0.1375 0.553125 0.15 0.16875
4 0.2359375 0.6333333333333333 0.075 0.0875
8 0.0328125 0.709375 0.065625 0.21875
4 0.2921875 0.8395833333333333 0.1125 0.15416666666666667
4 0.059375 0.925 0.11875 0.15