4 0.33125 0.3854166666666667 0.03125 0.03333333333333333
4 0.55546875 0.396875 0.0296875 0.03958333333333333
4 0.37265625 0.4114583333333333 0.0296875 0.03958333333333333
4 0.52890625 0.41875 0.0296875 0.04583333333333333
4 0.4109375 0.425 0.028125 0.03333333333333333
4 0.496875 0.43645833333333334 0.0375 0.04791666666666667
4 0.40078125 0.4375 0.0328125 0.041666666666666664
4 0.353125 0.44583333333333336 0.025 0.05
7 0.33125 0.4625 0.059375 0.0875
9 0.2390625 0.46875 0.0875 0.11666666666666667
4 0.4046875 0.4708333333333333 0.046875 0.0625
4 0.61875 0.4979166666666667 0.046875 0.05416666666666667
4 0.525 0.50625 0.046875 0.0625
7 0.2859375 0.5229166666666667 0.08125 0.12083333333333333
4 0.3578125 0.55 0.071875 0.0875
9 0.12890625 0.5729166666666666 0.1703125 0.20416666666666666
4 0.34921875 0.615625 0.0765625 0.09375
4 0.0234375 0.65625 0.046875 0.058333333333333334
4 0.7328125 0.69375 0.109375 0.17083333333333334
4 0.86171875 0.7302083333333333 0.1234375 0.12708333333333333
4 0.0328125 0.7427083333333333 0.065625 0.12291666666666666
9 0.1125 0.7760416666666666 0.225 0.30625
4 0.27890625 0.8114583333333333 0.1109375 0.13958333333333334