8 0.61328125 0.4322916666666667 0.0546875 0.08125
0 0.5625 0.43854166666666666 0.0625 0.08958333333333333
9 0.328125 0.45416666666666666 0.05625 0.07916666666666666
4 0.38828125 0.471875 0.0390625 0.04375
4 0.51875 0.48854166666666665 0.0375 0.06041666666666667
4 0.38359375 0.5020833333333333 0.0421875 0.041666666666666664
7 0.21328125 0.503125 0.0640625 0.10625
9 0.615625 0.5135416666666667 0.075 0.11041666666666666
0 0.26953125 0.534375 0.1109375 0.14791666666666667
4 0.3703125 0.55 0.05 0.06666666666666667
9 0.128125 0.5614583333333333 0.09375 0.09375
4 0.33828125 0.6197916666666666 0.0703125 0.07708333333333334
4 0.56328125 0.64375 0.0671875 0.1125
4 0.31171875 0.7239583333333334 0.0953125 0.12708333333333333
8 0.11796875 0.8020833333333334 0.2359375 0.37916666666666665