8 0.3453125 0.42083333333333334 0.0625 0.0875
4 0.49609375 0.421875 0.0265625 0.035416666666666666
4 0.40078125 0.43854166666666666 0.0296875 0.03125
9 0.61796875 0.4552083333333333 0.0484375 0.06458333333333334
4 0.39609375 0.46145833333333336 0.0359375 0.035416666666666666
7 0.27109375 0.4635416666666667 0.0546875 0.07708333333333334
9 0.31171875 0.47291666666666665 0.0640625 0.08333333333333333
4 0.3875 0.478125 0.034375 0.04791666666666667
7 0.2234375 0.49895833333333334 0.0625 0.06875
4 0.37890625 0.5270833333333333 0.0421875 0.05416666666666667
4 0.53125 0.5270833333333333 0.0625 0.07916666666666666
7 0.159375 0.559375 0.1 0.11041666666666666
4 0.36015625 0.5916666666666667 0.0640625 0.07916666666666666
0 0.215625 0.6104166666666667 0.165625 0.21666666666666667
9 0.05078125 0.678125 0.1015625 0.19791666666666666
4 0.31484375 0.7072916666666667 0.0859375 0.10625
4 0.2515625 0.9052083333333333 0.146875 0.18958333333333333