4 0.359375 0.425 0.028125 0.041666666666666664
4 0.4921875 0.4270833333333333 0.03125 0.0375
7 0.5890625 0.4270833333333333 0.040625 0.06666666666666667
4 0.40234375 0.43020833333333336 0.0296875 0.035416666666666666
7 0.29921875 0.440625 0.0421875 0.052083333333333336
4 0.55078125 0.4427083333333333 0.0359375 0.03958333333333333
4 0.33984375 0.4583333333333333 0.0328125 0.041666666666666664
4 0.40234375 0.46875 0.0359375 0.041666666666666664
4 0.24609375 0.48854166666666665 0.0453125 0.03958333333333333
4 0.3234375 0.490625 0.040625 0.04375
4 0.50703125 0.490625 0.0421875 0.052083333333333336
4 0.38203125 0.5114583333333333 0.0453125 0.04791666666666667
4 0.6609375 0.515625 0.065625 0.07708333333333334
4 0.303125 0.525 0.053125 0.06666666666666667
4 0.375 0.559375 0.046875 0.06041666666666667
8 0.125 0.5645833333333333 0.14375 0.19166666666666668
9 0.24453125 0.565625 0.0984375 0.12708333333333333
4 0.5453125 0.5729166666666666 0.059375 0.09166666666666666
7 0.65703125 0.5864583333333333 0.0953125 0.12291666666666666
4 0.38125 0.6052083333333333 0.065625 0.08541666666666667
9 0.1953125 0.640625 0.11875 0.15625
8 0.03984375 0.671875 0.0796875 0.18958333333333333
4 0.309375 0.6885416666666667 0.1 0.11041666666666666
4 0.28984375 0.809375 0.1046875 0.13125
8 0.096875 0.8260416666666667 0.19375 0.34791666666666665
4 0.23046875 0.9395833333333333 0.1578125 0.12083333333333333