4 0.56484375 0.4 0.0359375 0.0375
4 0.53046875 0.40729166666666666 0.0328125 0.03958333333333333
4 0.48828125 0.41875 0.0328125 0.04583333333333333
4 0.41640625 0.4270833333333333 0.0390625 0.05
7 0.60078125 0.43854166666666666 0.0453125 0.05625
7 0.34375 0.440625 0.046875 0.07708333333333334
9 0.27265625 0.44166666666666665 0.0703125 0.10416666666666667
4 0.56953125 0.45 0.0453125 0.04583333333333333
4 0.50703125 0.4552083333333333 0.0421875 0.05625
7 0.325 0.46875 0.05625 0.0875
4 0.3890625 0.4708333333333333 0.065625 0.05
4 0.57421875 0.48125 0.0484375 0.058333333333333334
9 0.1953125 0.5114583333333333 0.11875 0.14375
4 0.38125 0.521875 0.05625 0.06458333333333334
4 0.13828125 0.534375 0.0390625 0.06458333333333334
4 0.64921875 0.5625 0.0828125 0.1
4 0.15390625 0.5895833333333333 0.0828125 0.1
4 0.340625 0.6041666666666666 0.078125 0.1125
4 0.5609375 0.6177083333333333 0.084375 0.12708333333333333
9 0.18828125 0.6604166666666667 0.1578125 0.22916666666666666
4 0.0328125 0.6666666666666666 0.065625 0.14583333333333334
4 0.87734375 0.7135416666666666 0.1390625 0.17708333333333334
4 0.80546875 0.8239583333333333 0.1546875 0.20625
4 0.053125 0.859375 0.10625 0.16458333333333333
4 0.2796875 0.8989583333333333 0.14375 0.17708333333333334