9 0.3375 0.4354166666666667 0.05625 0.0625
4 0.50703125 0.459375 0.0390625 0.05625
4 0.38828125 0.471875 0.0390625 0.04375
7 0.2359375 0.49166666666666664 0.059375 0.09166666666666666
0 0.29609375 0.49166666666666664 0.0859375 0.125
8 0.7 0.49583333333333335 0.115625 0.12083333333333333
4 0.38359375 0.5020833333333333 0.0421875 0.041666666666666664
9 0.17890625 0.5333333333333333 0.0859375 0.07916666666666666
4 0.3703125 0.5447916666666667 0.05 0.06041666666666667
4 0.34921875 0.6010416666666667 0.0640625 0.06458333333333334
4 0.55390625 0.609375 0.0703125 0.10208333333333333
9 0.05703125 0.6572916666666667 0.1140625 0.19791666666666666
4 0.32421875 0.671875 0.0859375 0.10625
0 0.784375 0.6739583333333333 0.2375 0.3229166666666667
8 0.15546875 0.6916666666666667 0.2109375 0.2916666666666667
6 0.28203125 0.8635416666666667 0.1296875 0.18541666666666667
4 0.69765625 0.9166666666666666 0.1453125 0.16666666666666666