8 0.265625 0.459375 0.071875 0.09375
4 0.32890625 0.478125 0.0359375 0.04791666666666667
4 0.37890625 0.5104166666666666 0.0453125 0.0625
8 0.18671875 0.5135416666666667 0.1234375 0.13958333333333334
4 0.2984375 0.5239583333333333 0.04375 0.052083333333333336
8 0.628125 0.5260416666666666 0.11875 0.19791666666666666
4 0.70703125 0.5375 0.0578125 0.07083333333333333
4 0.37265625 0.5625 0.0515625 0.07083333333333333
4 0.27265625 0.575 0.0609375 0.08333333333333333
4 0.340625 0.6291666666666667 0.071875 0.08333333333333333
7 0.834375 0.64375 0.146875 0.21666666666666667
4 0.59375 0.703125 0.0875 0.11875
9 0.115625 0.7395833333333334 0.228125 0.3541666666666667
4 0.29921875 0.7708333333333334 0.1171875 0.1625