4 0.4796875 0.378125 0.028125 0.03125
4 0.49453125 0.4114583333333333 0.0359375 0.035416666666666666
8 0.29140625 0.4322916666666667 0.0640625 0.07291666666666667
4 0.39921875 0.434375 0.0546875 0.04375
4 0.35390625 0.4427083333333333 0.0421875 0.052083333333333336
9 0.21328125 0.46770833333333334 0.0640625 0.06041666666666667
4 0.32734375 0.48125 0.0453125 0.05416666666666667
4 0.38203125 0.5020833333333333 0.0671875 0.058333333333333334
7 0.671875 0.5125 0.053125 0.09166666666666666
9 0.61328125 0.5166666666666667 0.0671875 0.13333333333333333
9 0.2453125 0.5479166666666667 0.15 0.1875
9 0.08828125 0.5520833333333334 0.1484375 0.14583333333333334
4 0.37421875 0.55625 0.0734375 0.09166666666666666
4 0.34453125 0.6052083333333333 0.0796875 0.09791666666666667
4 0.32734375 0.6572916666666667 0.1015625 0.12291666666666666
8 0.12421875 0.728125 0.2484375 0.41458333333333336
4 0.296875 0.7479166666666667 0.140625 0.14166666666666666
4 0.26484375 0.9114583333333334 0.1421875 0.17708333333333334