8 0.3421875 0.41875 0.0625 0.0875
4 0.40078125 0.43854166666666666 0.0296875 0.03125
4 0.39609375 0.46145833333333336 0.0359375 0.035416666666666666
7 0.26484375 0.47604166666666664 0.0546875 0.07708333333333334
4 0.3875 0.478125 0.034375 0.04791666666666667
9 0.30546875 0.48541666666666666 0.0640625 0.08333333333333333
4 0.51484375 0.4895833333333333 0.0453125 0.058333333333333334
7 0.2140625 0.5072916666666667 0.0625 0.06458333333333334
4 0.37890625 0.5270833333333333 0.0421875 0.05416666666666667
7 0.1453125 0.5677083333333334 0.1 0.11041666666666666
4 0.36015625 0.6 0.0640625 0.07916666666666666
0 0.2078125 0.6229166666666667 0.16875 0.225
4 0.31328125 0.715625 0.0859375 0.10625
4 0.24375 0.9197916666666667 0.15625 0.16041666666666668