8 0.36640625 0.4010416666666667 0.0421875 0.06875
11 0.31328125 0.40625 0.0453125 0.075
4 0.4046875 0.4375 0.034375 0.0375
4 0.24921875 0.44895833333333335 0.0265625 0.035416666666666666
4 0.34765625 0.44895833333333335 0.0328125 0.04375
9 0.57734375 0.453125 0.0484375 0.08125
4 0.39453125 0.46979166666666666 0.0328125 0.04375
7 0.26796875 0.4708333333333333 0.0484375 0.06666666666666667
7 0.20625 0.528125 0.065625 0.09375
6 0.378125 0.5354166666666667 0.046875 0.07083333333333333
4 0.27734375 0.55 0.0578125 0.07083333333333333
4 0.353125 0.6239583333333333 0.065625 0.08958333333333333
4 0.20546875 0.6552083333333333 0.0765625 0.08125
9 0.053125 0.6739583333333333 0.10625 0.18125
7 0.8578125 0.6958333333333333 0.128125 0.1875
4 0.1671875 0.7729166666666667 0.115625 0.125
4 0.29140625 0.809375 0.1140625 0.13958333333333334