7 0.28046875 0.446875 0.0515625 0.07291666666666667
0 0.3328125 0.4510416666666667 0.0625 0.09791666666666667
9 0.2328125 0.46875 0.059375 0.0625
4 0.38828125 0.471875 0.0390625 0.04375
4 0.38359375 0.5020833333333333 0.0421875 0.041666666666666664
7 0.69921875 0.5239583333333333 0.0796875 0.10208333333333333
8 0.265625 0.5364583333333334 0.115625 0.15625
9 0.17421875 0.5385416666666667 0.0828125 0.13125
4 0.3734375 0.540625 0.05 0.06041666666666667
4 0.12734375 0.540625 0.0453125 0.05625
4 0.35234375 0.5864583333333333 0.0640625 0.06458333333333334
4 0.55546875 0.5895833333333333 0.0734375 0.1
11 0.69375 0.6083333333333333 0.175 0.2625
4 0.33125 0.6479166666666667 0.075 0.1
9 0.146875 0.7229166666666667 0.16875 0.24166666666666667
6 0.31875 0.7302083333333333 0.09375 0.13125
4 0.5921875 0.7677083333333333 0.109375 0.16875
4 0.2796875 0.9010416666666666 0.134375 0.18541666666666667