9 0.30546875 0.4114583333333333 0.0484375 0.07708333333333334
4 0.4046875 0.4322916666666667 0.028125 0.04375
7 0.33984375 0.4395833333333333 0.0421875 0.058333333333333334
7 0.55625 0.4427083333333333 0.0375 0.06875
9 0.2625 0.4552083333333333 0.078125 0.11875
4 0.33203125 0.46875 0.0359375 0.04583333333333333
4 0.50234375 0.46979166666666666 0.0359375 0.04791666666666667
4 0.38515625 0.471875 0.0359375 0.04791666666666667
0 0.62578125 0.521875 0.1203125 0.16875
4 0.16015625 0.5239583333333333 0.0578125 0.07291666666666667
9 0.2828125 0.5322916666666667 0.0875 0.13125
4 0.1921875 0.546875 0.053125 0.06458333333333334
4 0.371875 0.5645833333333333 0.053125 0.0625
7 0.78828125 0.6145833333333334 0.1046875 0.10833333333333334
4 0.0515625 0.6854166666666667 0.090625 0.12916666666666668
4 0.31796875 0.6875 0.0859375 0.11666666666666667
4 0.146875 0.7375 0.1125 0.15
4 0.665625 0.9010416666666666 0.146875 0.19791666666666666