7 0.3515625 0.43125 0.05625 0.0625
0 0.53671875 0.46979166666666666 0.0859375 0.12708333333333333
4 0.38828125 0.471875 0.0390625 0.04375
7 0.2546875 0.475 0.053125 0.0875
0 0.3 0.4875 0.078125 0.125
4 0.38359375 0.5020833333333333 0.0421875 0.041666666666666664
9 0.19375 0.5135416666666667 0.075 0.07708333333333334
4 0.3703125 0.5447916666666667 0.05 0.06041666666666667
4 0.54375 0.5666666666666667 0.0625 0.09166666666666666
4 0.35078125 0.596875 0.0640625 0.06458333333333334
8 0.8140625 0.6125 0.190625 0.23333333333333334
8 0.1953125 0.6166666666666667 0.16875 0.21666666666666667
9 0.0765625 0.6229166666666667 0.11875 0.175
4 0.33125 0.6541666666666667 0.075 0.1
6 0.29765625 0.8020833333333334 0.1109375 0.16666666666666666