8 0.56640625 0.39166666666666666 0.0390625 0.0625
4 0.52265625 0.4270833333333333 0.0296875 0.041666666666666664
9 0.334375 0.43854166666666666 0.065625 0.10208333333333333
4 0.4046875 0.4479166666666667 0.028125 0.0375
7 0.27421875 0.45208333333333334 0.0421875 0.0625
4 0.5015625 0.45208333333333334 0.028125 0.05
4 0.38984375 0.478125 0.0359375 0.04375
4 0.54453125 0.5354166666666667 0.0515625 0.07083333333333333
8 0.2234375 0.5708333333333333 0.159375 0.22916666666666666
4 0.35078125 0.5927083333333333 0.0734375 0.09791666666666667
7 0.06953125 0.6552083333333333 0.1390625 0.17708333333333334
4 0.31796875 0.684375 0.0921875 0.11041666666666666
9 0.08125 0.8395833333333333 0.1625 0.32083333333333336
4 0.65859375 0.8979166666666667 0.1578125 0.20416666666666666
4 0.26484375 0.9125 0.1390625 0.175