4 0.48984375 0.346875 0.0109375 0.010416666666666666
7 0.51171875 0.3489583333333333 0.0203125 0.027083333333333334
4 0.4703125 0.35520833333333335 0.0125 0.022916666666666665
4 0.4921875 0.36875 0.015625 0.029166666666666667
8 0.53203125 0.36875 0.0296875 0.05
4 0.47734375 0.37395833333333334 0.0109375 0.014583333333333334
4 0.48984375 0.39375 0.0234375 0.025
4 0.365625 0.42083333333333334 0.021875 0.0375
4 0.40546875 0.42291666666666666 0.0265625 0.03333333333333333
4 0.49140625 0.425 0.0296875 0.0375
9 0.31640625 0.4552083333333333 0.0734375 0.11458333333333333
4 0.5703125 0.459375 0.04375 0.06875
4 0.39375 0.4625 0.04375 0.029166666666666667
7 0.2484375 0.47291666666666665 0.05625 0.07083333333333333
4 0.38828125 0.49895833333333334 0.0515625 0.052083333333333336
9 0.6265625 0.5239583333333333 0.075 0.13125
4 0.55625 0.5864583333333333 0.0625 0.09375
4 0.33359375 0.634375 0.0703125 0.11875
8 0.17109375 0.6375 0.2078125 0.2875
4 0.2953125 0.746875 0.1 0.13541666666666666
9 0.06484375 0.86875 0.1203125 0.2625
4 0.2578125 0.9 0.1125 0.17083333333333334