8 0.3296875 0.40520833333333334 0.0375 0.06041666666666667
9 0.29453125 0.4125 0.0421875 0.058333333333333334
4 0.3703125 0.41458333333333336 0.021875 0.03333333333333333
4 0.36015625 0.434375 0.0265625 0.035416666666666666
4 0.4 0.4395833333333333 0.0375 0.0625
9 0.253125 0.45 0.075 0.0875
4 0.559375 0.465625 0.046875 0.06875
4 0.38359375 0.5041666666666667 0.0484375 0.07083333333333333
9 0.2828125 0.5052083333333334 0.096875 0.16041666666666668
4 0.36796875 0.5541666666666667 0.0640625 0.07083333333333333
4 0.57734375 0.6135416666666667 0.0671875 0.12708333333333333
8 0.15390625 0.6395833333333333 0.2171875 0.31666666666666665
4 0.3296875 0.6614583333333334 0.090625 0.13125
4 0.29453125 0.7510416666666667 0.0984375 0.13958333333333334
9 0.065625 0.85625 0.13125 0.275
4 0.2609375 0.9083333333333333 0.128125 0.175