8 0.36640625 0.4010416666666667 0.0421875 0.06875
11 0.32265625 0.4041666666666667 0.0453125 0.075
4 0.4046875 0.43125 0.034375 0.0375
4 0.34921875 0.44895833333333335 0.0328125 0.04375
7 0.27890625 0.4625 0.0484375 0.06666666666666667
4 0.39453125 0.46770833333333334 0.0328125 0.04375
9 0.5921875 0.475 0.05625 0.09166666666666666
7 0.225 0.51875 0.065625 0.07916666666666666
6 0.38046875 0.528125 0.0421875 0.06041666666666667
4 0.2859375 0.5385416666666667 0.053125 0.05625
4 0.3609375 0.6072916666666667 0.0625 0.07708333333333334
4 0.21875 0.6322916666666667 0.071875 0.07708333333333334
9 0.065625 0.6552083333333333 0.13125 0.17291666666666666
4 0.18984375 0.7322916666666667 0.1046875 0.11875
4 0.3 0.784375 0.10625 0.12291666666666666