7 0.33125 0.4083333333333333 0.03125 0.0375
4 0.36796875 0.41354166666666664 0.0296875 0.035416666666666666
6 0.41171875 0.42291666666666666 0.0296875 0.03333333333333333
4 0.35390625 0.44375 0.0265625 0.03333333333333333
4 0.50078125 0.446875 0.0328125 0.04375
4 0.403125 0.453125 0.03125 0.03958333333333333
9 0.24921875 0.46979166666666666 0.0609375 0.08125
7 0.63671875 0.471875 0.0453125 0.06458333333333334
9 0.315625 0.4864583333333333 0.059375 0.07708333333333334
4 0.38828125 0.49583333333333335 0.0390625 0.041666666666666664
7 0.1984375 0.5072916666666667 0.065625 0.08541666666666667
7 0.609375 0.5125 0.059375 0.0875
9 0.1375 0.5697916666666667 0.096875 0.15208333333333332
7 0.2359375 0.575 0.084375 0.12083333333333333
4 0.57421875 0.65 0.0734375 0.11666666666666667
4 0.33984375 0.68125 0.0796875 0.1