8 0.490625 0.3458333333333333 0.01875 0.0375
4 0.46953125 0.3614583333333333 0.0109375 0.014583333333333334
9 0.34375 0.384375 0.034375 0.05625
7 0.36640625 0.40520833333333334 0.0296875 0.04375
4 0.4 0.40729166666666666 0.025 0.01875
7 0.31328125 0.41770833333333335 0.0421875 0.06041666666666667
4 0.284375 0.42083333333333334 0.025 0.025
4 0.3984375 0.42916666666666664 0.028125 0.029166666666666667
9 0.34375 0.44375 0.04375 0.07083333333333333
4 0.559375 0.45 0.034375 0.04583333333333333
4 0.4 0.45416666666666666 0.03125 0.03333333333333333
4 0.28125 0.45729166666666665 0.034375 0.03958333333333333
4 0.3921875 0.4708333333333333 0.034375 0.041666666666666664
4 0.3234375 0.47604166666666664 0.0375 0.052083333333333336
4 0.378125 0.4947916666666667 0.0375 0.052083333333333336
4 0.2796875 0.5135416666666667 0.04375 0.05625
4 0.2734375 0.5614583333333333 0.059375 0.07291666666666667
4 0.3546875 0.5697916666666667 0.059375 0.08541666666666667
8 0.1125 0.5697916666666667 0.1625 0.18958333333333333
4 0.0671875 0.5864583333333333 0.065625 0.05625
4 0.2171875 0.6614583333333334 0.078125 0.09375
4 0.25078125 0.9375 0.1453125 0.125