4 0.48359375 0.39895833333333336 0.0296875 0.03125
8 0.29609375 0.425 0.0609375 0.07083333333333333
4 0.3578125 0.4375 0.034375 0.05416666666666667
4 0.5046875 0.44583333333333336 0.040625 0.041666666666666664
4 0.3890625 0.465625 0.03125 0.035416666666666666
4 0.334375 0.47291666666666665 0.03125 0.05
4 0.38203125 0.5010416666666667 0.0484375 0.06875
9 0.2515625 0.5447916666666667 0.1375 0.18125
4 0.371875 0.5510416666666667 0.046875 0.07291666666666667
9 0.128125 0.5541666666666667 0.1375 0.15833333333333333
4 0.34765625 0.5979166666666667 0.0609375 0.07916666666666666
7 0.80234375 0.6302083333333334 0.1328125 0.18125
9 0.69609375 0.6333333333333333 0.1140625 0.22083333333333333
4 0.328125 0.6625 0.0875 0.11666666666666667
8 0.128125 0.7 0.25625 0.36666666666666664
4 0.290625 0.759375 0.115625 0.14375
4 0.2578125 0.9145833333333333 0.140625 0.17083333333333334