4 0.3609375 0.41875 0.034375 0.041666666666666664
4 0.40546875 0.428125 0.0328125 0.03958333333333333
4 0.30546875 0.4354166666666667 0.0421875 0.05
7 0.6125 0.4479166666666667 0.046875 0.075
4 0.49765625 0.44895833333333335 0.0328125 0.04375
4 0.34375 0.453125 0.040625 0.04375
4 0.40390625 0.4625 0.0390625 0.041666666666666664
4 0.56484375 0.46458333333333335 0.0359375 0.04583333333333333
4 0.25 0.4822916666666667 0.04375 0.03958333333333333
4 0.32421875 0.4875 0.0421875 0.041666666666666664
4 0.38359375 0.5083333333333333 0.0453125 0.05
4 0.30546875 0.5145833333333333 0.0484375 0.0625
4 0.52109375 0.5385416666666667 0.0515625 0.06458333333333334
4 0.375 0.55 0.046875 0.058333333333333334
8 0.13984375 0.5572916666666666 0.1359375 0.18125
9 0.25078125 0.5697916666666667 0.1015625 0.13125
4 0.7234375 0.5739583333333333 0.075 0.09375
4 0.38359375 0.6020833333333333 0.0609375 0.0875
9 0.1953125 0.640625 0.11875 0.15625
7 0.71015625 0.6645833333333333 0.1390625 0.175
8 0.03984375 0.671875 0.0796875 0.18958333333333333
4 0.58359375 0.6760416666666667 0.0859375 0.13958333333333334
4 0.3078125 0.6854166666666667 0.096875 0.10416666666666667
4 0.28984375 0.809375 0.1046875 0.13125
8 0.096875 0.8260416666666667 0.19375 0.34791666666666665
4 0.2296875 0.9395833333333333 0.15625 0.12083333333333333