4 0.5078125 0.384375 0.021875 0.03125
4 0.5484375 0.3885416666666667 0.025 0.035416666666666666
4 0.4859375 0.4010416666666667 0.01875 0.027083333333333334
4 0.5734375 0.40729166666666666 0.028125 0.035416666666666666
4 0.5203125 0.4125 0.021875 0.029166666666666667
4 0.41640625 0.42604166666666665 0.0171875 0.035416666666666666
4 0.54375 0.42916666666666664 0.025 0.0375
9 0.27578125 0.43645833333333334 0.0515625 0.09375
7 0.3453125 0.43645833333333334 0.040625 0.06458333333333334
4 0.48828125 0.43854166666666666 0.0265625 0.035416666666666666
7 0.6234375 0.45208333333333334 0.0375 0.05416666666666667
4 0.38984375 0.4625 0.0328125 0.0375
7 0.3234375 0.4635416666666667 0.04375 0.08125
4 0.5171875 0.48333333333333334 0.03125 0.05
4 0.61796875 0.4895833333333333 0.0453125 0.05416666666666667
9 0.20625 0.496875 0.1125 0.13958333333333334
4 0.3828125 0.5125 0.034375 0.04583333333333333
4 0.60078125 0.5208333333333334 0.0421875 0.05416666666666667
4 0.346875 0.5875 0.05 0.08333333333333333
4 0.05234375 0.6322916666666667 0.0859375 0.10625
9 0.2015625 0.6385416666666667 0.15 0.19791666666666666
4 0.71796875 0.6510416666666666 0.0734375 0.11041666666666666
4 0.6125 0.7791666666666667 0.0875 0.14583333333333334
4 0.04609375 0.81875 0.0890625 0.12916666666666668
4 0.29140625 0.8458333333333333 0.0765625 0.15833333333333333