7 0.33671875 0.40520833333333334 0.0265625 0.035416666666666666
4 0.37265625 0.4114583333333333 0.0265625 0.035416666666666666
4 0.41328125 0.415625 0.0265625 0.03125
4 0.29375 0.43020833333333336 0.028125 0.035416666666666666
4 0.49375 0.4375 0.034375 0.04583333333333333
4 0.353125 0.44479166666666664 0.034375 0.03958333333333333
4 0.55546875 0.453125 0.0328125 0.04375
4 0.40078125 0.45416666666666666 0.0328125 0.041666666666666664
4 0.3328125 0.47604166666666664 0.0375 0.05625
9 0.20390625 0.4979166666666667 0.0984375 0.13333333333333333
4 0.3859375 0.5 0.0375 0.05416666666666667
7 0.29375 0.5041666666666667 0.065625 0.1
4 0.3953125 0.5333333333333333 0.05 0.075
4 0.70625 0.55625 0.065625 0.0875
4 0.54609375 0.5583333333333333 0.0609375 0.07916666666666666
7 0.20703125 0.6197916666666666 0.1046875 0.15208333333333332
4 0.3296875 0.6375 0.06875 0.10833333333333334
9 0.06875 0.6375 0.1375 0.22916666666666666
4 0.3078125 0.75625 0.096875 0.12083333333333333
9 0.09296875 0.8270833333333333 0.1859375 0.3458333333333333
4 0.234375 0.93125 0.15 0.1375