7 0.28046875 0.446875 0.0515625 0.07291666666666667
0 0.3296875 0.4552083333333333 0.06875 0.09791666666666667
9 0.2390625 0.4708333333333333 0.059375 0.0625
4 0.38828125 0.471875 0.0390625 0.04375
4 0.38359375 0.5020833333333333 0.0421875 0.041666666666666664
7 0.68984375 0.5177083333333333 0.0796875 0.10208333333333333
8 0.259375 0.540625 0.115625 0.15625
4 0.3734375 0.540625 0.05 0.06041666666666667
9 0.16640625 0.5447916666666667 0.0828125 0.13125
4 0.1125 0.5572916666666666 0.05 0.07291666666666667
4 0.54921875 0.565625 0.0640625 0.08125
4 0.35234375 0.5864583333333333 0.0640625 0.06458333333333334
11 0.67578125 0.590625 0.1515625 0.23125
4 0.33125 0.6479166666666667 0.075 0.1
4 0.56953125 0.69375 0.0890625 0.12916666666666668
6 0.31875 0.7302083333333333 0.09375 0.13125
9 0.13515625 0.734375 0.1765625 0.24791666666666667
4 0.26875 0.9125 0.1375 0.175