7 0.33046875 0.40729166666666666 0.0265625 0.035416666666666666
4 0.36640625 0.42291666666666666 0.0296875 0.03333333333333333
4 0.4109375 0.4270833333333333 0.03125 0.03333333333333333
4 0.2828125 0.44583333333333336 0.034375 0.04583333333333333
4 0.5046875 0.44583333333333336 0.0375 0.04583333333333333
4 0.6140625 0.4583333333333333 0.040625 0.05
4 0.33984375 0.46041666666666664 0.0328125 0.041666666666666664
4 0.39453125 0.47604166666666664 0.0390625 0.04791666666666667
4 0.325 0.48854166666666665 0.0375 0.05625
9 0.18515625 0.5135416666666667 0.1078125 0.14375
7 0.2859375 0.5166666666666667 0.065625 0.09583333333333334
4 0.37890625 0.5177083333333333 0.0421875 0.05625
4 0.54375 0.5520833333333334 0.0625 0.08333333333333333
4 0.3921875 0.5583333333333333 0.05 0.075
4 0.653125 0.5802083333333333 0.071875 0.08125
4 0.7796875 0.6145833333333334 0.059375 0.08333333333333333
7 0.20703125 0.6197916666666666 0.1046875 0.15208333333333332
9 0.05234375 0.6479166666666667 0.1046875 0.21666666666666667
4 0.32265625 0.6541666666666667 0.0796875 0.1125
7 0.8765625 0.7458333333333333 0.20625 0.29583333333333334
4 0.29296875 0.803125 0.1015625 0.12708333333333333
9 0.0921875 0.8291666666666667 0.184375 0.3416666666666667
4 0.23203125 0.9375 0.1515625 0.125