8 0.35859375 0.4041666666666667 0.0546875 0.0875
4 0.5015625 0.44166666666666665 0.034375 0.041666666666666664
9 0.56953125 0.44895833333333335 0.0546875 0.07708333333333334
9 0.32109375 0.4552083333333333 0.0640625 0.07708333333333334
4 0.3890625 0.475 0.034375 0.0375
4 0.38359375 0.5083333333333333 0.0421875 0.041666666666666664
4 0.5171875 0.51875 0.046875 0.06666666666666667
7 0.203125 0.5229166666666667 0.078125 0.1125
0 0.253125 0.5510416666666667 0.121875 0.17291666666666666
4 0.36796875 0.553125 0.0546875 0.06458333333333334
9 0.109375 0.5864583333333333 0.109375 0.11458333333333333
4 0.56953125 0.6395833333333333 0.0703125 0.10416666666666667
4 0.33359375 0.6416666666666667 0.0703125 0.08333333333333333
4 0.296875 0.7666666666666667 0.103125 0.14166666666666666
9 0.9265625 0.76875 0.146875 0.22916666666666666
9 0.1046875 0.8229166666666666 0.209375 0.3541666666666667