4 0.3 0.41875 0.025 0.03333333333333333
4 0.58359375 0.42604166666666665 0.0296875 0.04375
4 0.54609375 0.428125 0.0296875 0.04791666666666667
4 0.35625 0.43854166666666666 0.03125 0.035416666666666666
4 0.40390625 0.44375 0.0296875 0.0375
4 0.503125 0.4635416666666667 0.0375 0.04791666666666667
4 0.334375 0.46979166666666666 0.034375 0.052083333333333336
4 0.5703125 0.478125 0.0375 0.04791666666666667
4 0.390625 0.48854166666666665 0.040625 0.052083333333333336
9 0.20859375 0.49583333333333335 0.0921875 0.13333333333333333
7 0.30078125 0.496875 0.0640625 0.10208333333333333
4 0.396875 0.51875 0.046875 0.0625
7 0.22109375 0.6052083333333333 0.1046875 0.15208333333333332
4 0.3328125 0.6229166666666667 0.075 0.09166666666666666
4 0.77421875 0.6260416666666667 0.0859375 0.11041666666666666
9 0.07265625 0.63125 0.1453125 0.22916666666666666
4 0.5859375 0.65 0.0875 0.11666666666666667
4 0.31484375 0.73125 0.0890625 0.10416666666666667
9 0.09296875 0.8270833333333333 0.1859375 0.3458333333333333
4 0.2390625 0.928125 0.14375 0.14375