4 0.50703125 0.39166666666666666 0.0296875 0.03333333333333333
8 0.321875 0.41041666666666665 0.05 0.0625
4 0.36484375 0.41770833333333335 0.0234375 0.035416666666666666
4 0.5015625 0.4239583333333333 0.028125 0.035416666666666666
9 0.28046875 0.425 0.0703125 0.058333333333333334
4 0.35390625 0.440625 0.0359375 0.035416666666666666
9 0.2296875 0.453125 0.084375 0.07291666666666667
4 0.3921875 0.45416666666666666 0.04375 0.05416666666666667
4 0.31796875 0.50625 0.0328125 0.07083333333333333
4 0.384375 0.525 0.05 0.075
9 0.259375 0.53125 0.1125 0.1625
4 0.35859375 0.575 0.0515625 0.06666666666666667
4 0.33046875 0.6447916666666667 0.0796875 0.11458333333333333
8 0.1625 0.65625 0.2125 0.30833333333333335
4 0.04140625 0.665625 0.0578125 0.10208333333333333
4 0.284375 0.759375 0.115625 0.13541666666666666
9 0.0609375 0.865625 0.121875 0.26875
4 0.25546875 0.9145833333333333 0.1671875 0.17083333333333334