8 0.5609375 0.3927083333333333 0.0375 0.06041666666666667
4 0.51796875 0.42291666666666666 0.0265625 0.041666666666666664
9 0.33359375 0.44479166666666664 0.0640625 0.10625
4 0.49921875 0.44479166666666664 0.0296875 0.052083333333333336
4 0.40390625 0.45208333333333334 0.0265625 0.0375
7 0.27265625 0.45729166666666665 0.0453125 0.07291666666666667
4 0.390625 0.48125 0.034375 0.04583333333333333
4 0.53671875 0.5145833333333333 0.0453125 0.06666666666666667
8 0.2234375 0.5770833333333333 0.159375 0.23333333333333334
4 0.34921875 0.5958333333333333 0.0734375 0.1
9 0.07109375 0.6604166666666667 0.1421875 0.175
4 0.31328125 0.690625 0.0890625 0.11458333333333333
4 0.615625 0.7958333333333333 0.115625 0.1875
7 0.878125 0.86875 0.24375 0.2625
4 0.26328125 0.9135416666666667 0.1328125 0.17291666666666666