4 0.475 0.359375 0.025 0.022916666666666665
8 0.32578125 0.39895833333333336 0.0484375 0.052083333333333336
4 0.41171875 0.41354166666666664 0.0296875 0.03958333333333333
8 0.30703125 0.4197916666666667 0.0484375 0.07291666666666667
4 0.36328125 0.43125 0.0359375 0.04583333333333333
9 0.26015625 0.43854166666666666 0.0640625 0.07708333333333334
4 0.3421875 0.4583333333333333 0.034375 0.041666666666666664
4 0.384375 0.4822916666666667 0.053125 0.05625
9 0.178125 0.48541666666666666 0.1125 0.10416666666666667
4 0.51640625 0.4947916666666667 0.0484375 0.08125
9 0.25 0.5260416666666666 0.125 0.17291666666666666
4 0.3765625 0.5572916666666666 0.04375 0.08541666666666667
4 0.353125 0.6052083333333333 0.0625 0.09375
7 0.06640625 0.6572916666666667 0.1234375 0.18541666666666667
8 0.14921875 0.6635416666666667 0.2265625 0.33125
4 0.33046875 0.6645833333333333 0.0796875 0.13333333333333333
4 0.59921875 0.7322916666666667 0.1015625 0.18541666666666667
4 0.29296875 0.765625 0.1234375 0.16875
4 0.271875 0.90625 0.1625 0.1875