4 0.35859375 0.38645833333333335 0.0296875 0.035416666666666666
4 0.48515625 0.39895833333333336 0.0359375 0.035416666666666666
7 0.55859375 0.4 0.0296875 0.041666666666666664
4 0.3765625 0.40729166666666666 0.03125 0.027083333333333334
4 0.5265625 0.4083333333333333 0.028125 0.041666666666666664
4 0.40546875 0.42291666666666666 0.0296875 0.03333333333333333
4 0.359375 0.43333333333333335 0.025 0.041666666666666664
4 0.5 0.4375 0.040625 0.05
4 0.55078125 0.4375 0.0359375 0.05
4 0.41015625 0.45 0.0296875 0.0375
4 0.61796875 0.45 0.0640625 0.075
7 0.334375 0.453125 0.05625 0.08958333333333333
9 0.253125 0.4625 0.0625 0.1125
4 0.57890625 0.490625 0.0640625 0.06458333333333334
7 0.3046875 0.49583333333333335 0.059375 0.07916666666666666
4 0.37421875 0.5052083333333334 0.0703125 0.06041666666666667
4 0.5328125 0.5427083333333333 0.075 0.11041666666666666
9 0.159375 0.5458333333333333 0.140625 0.18333333333333332
4 0.36796875 0.5645833333333333 0.0671875 0.075
4 0.04375 0.6395833333333333 0.0875 0.09583333333333334
4 0.0765625 0.6770833333333334 0.09375 0.12083333333333333
4 0.31171875 0.69375 0.0828125 0.12916666666666668
9 0.1484375 0.7239583333333334 0.196875 0.27708333333333335
4 0.853125 0.7583333333333333 0.134375 0.1625
4 0.66953125 0.8833333333333333 0.1484375 0.23333333333333334
4 0.04609375 0.940625 0.0921875 0.11875