8 0.4859375 0.33958333333333335 0.015625 0.029166666666666667
4 0.46484375 0.346875 0.0109375 0.014583333333333334
9 0.3390625 0.38645833333333335 0.034375 0.05625
7 0.36328125 0.40729166666666666 0.0296875 0.04375
4 0.4 0.40729166666666666 0.025 0.01875
4 0.3984375 0.42916666666666664 0.028125 0.029166666666666667
7 0.29765625 0.4354166666666667 0.0484375 0.06666666666666667
9 0.34375 0.44375 0.04375 0.07083333333333333
4 0.4 0.45208333333333334 0.03125 0.03333333333333333
4 0.3921875 0.4708333333333333 0.034375 0.041666666666666664
4 0.21796875 0.47604166666666664 0.0390625 0.035416666666666666
4 0.3171875 0.4875 0.040625 0.05416666666666667
4 0.2546875 0.49166666666666664 0.040625 0.05
4 0.37734375 0.503125 0.0421875 0.05625
4 0.2828125 0.5458333333333333 0.05 0.0625
4 0.240625 0.6114583333333333 0.071875 0.08541666666666667
8 0.065625 0.6666666666666666 0.13125 0.25416666666666665
4 0.32265625 0.671875 0.0828125 0.12291666666666666
7 0.86640625 0.8010416666666667 0.1984375 0.35208333333333336
4 0.128125 0.8104166666666667 0.128125 0.1375