0 0.5109375 0.375 0.01875 0.041666666666666664
4 0.54453125 0.390625 0.0203125 0.027083333333333334
4 0.521875 0.403125 0.021875 0.03125
4 0.565625 0.403125 0.025 0.035416666666666666
4 0.4890625 0.409375 0.01875 0.027083333333333334
4 0.41796875 0.421875 0.0171875 0.035416666666666666
4 0.590625 0.4239583333333333 0.028125 0.035416666666666666
4 0.534375 0.4354166666666667 0.021875 0.029166666666666667
9 0.28203125 0.43645833333333334 0.0640625 0.09375
7 0.3453125 0.43645833333333334 0.040625 0.06458333333333334
4 0.38984375 0.45 0.0328125 0.0375
4 0.5671875 0.46041666666666664 0.025 0.0375
7 0.3234375 0.4635416666666667 0.04375 0.08125
4 0.50390625 0.465625 0.0265625 0.035416666666666666
9 0.21953125 0.49270833333333336 0.0984375 0.13958333333333334
4 0.3890625 0.49583333333333335 0.034375 0.04583333333333333
7 0.6640625 0.49583333333333335 0.053125 0.075
4 0.3546875 0.5604166666666667 0.05 0.08333333333333333
4 0.53984375 0.5614583333333333 0.0578125 0.07708333333333334
4 0.10078125 0.5739583333333333 0.0859375 0.10625
4 0.72578125 0.5791666666666667 0.0671875 0.07916666666666666
4 0.6640625 0.6125 0.059375 0.1
9 0.215625 0.6166666666666667 0.140625 0.2
4 0.06953125 0.7375 0.0890625 0.12916666666666668
4 0.31328125 0.7583333333333333 0.0953125 0.12916666666666668
4 0.9265625 0.9125 0.146875 0.175