9 0.359375 0.40520833333333334 0.04375 0.06458333333333334
4 0.40078125 0.4427083333333333 0.0296875 0.03125
8 0.32578125 0.45208333333333334 0.0671875 0.1125
4 0.50546875 0.4635416666666667 0.0390625 0.05625
4 0.39296875 0.48020833333333335 0.0421875 0.05625
7 0.225 0.5052083333333334 0.071875 0.09791666666666667
4 0.3796875 0.5114583333333333 0.046875 0.05625
9 0.26796875 0.5333333333333333 0.0890625 0.1125
8 0.73984375 0.5447916666666667 0.1203125 0.15208333333333332
7 0.1515625 0.5708333333333333 0.090625 0.10416666666666667
4 0.54453125 0.571875 0.0578125 0.09791666666666667
4 0.35234375 0.5989583333333334 0.0578125 0.08125
7 0.0484375 0.6427083333333333 0.096875 0.09375
4 0.325 0.7270833333333333 0.096875 0.11666666666666667
0 0.0984375 0.815625 0.196875 0.36875