8 0.321875 0.396875 0.05 0.07708333333333334
4 0.41328125 0.41458333333333336 0.0265625 0.0375
4 0.4953125 0.42916666666666664 0.028125 0.0375
8 0.3375 0.4354166666666667 0.0625 0.09583333333333334
4 0.41015625 0.4354166666666667 0.0296875 0.03333333333333333
11 0.27421875 0.4427083333333333 0.0703125 0.11458333333333333
4 0.51640625 0.471875 0.0328125 0.052083333333333336
4 0.3921875 0.475 0.034375 0.04583333333333333
9 0.60859375 0.490625 0.0734375 0.14791666666666667
4 0.30546875 0.5135416666666667 0.0546875 0.05625
4 0.5265625 0.5208333333333334 0.046875 0.075
7 0.2109375 0.5270833333333333 0.065625 0.09583333333333334
4 0.3734375 0.5333333333333333 0.05 0.058333333333333334
4 0.13046875 0.5541666666666667 0.0609375 0.06666666666666667
6 0.35703125 0.609375 0.0671875 0.09375
7 0.09609375 0.6427083333333333 0.1171875 0.13958333333333334
4 0.58828125 0.721875 0.0859375 0.12291666666666666
4 0.3234375 0.7354166666666667 0.090625 0.125
4 0.1578125 0.753125 0.115625 0.12291666666666666
7 0.9375 0.8833333333333333 0.125 0.23333333333333334