9 0.30546875 0.4114583333333333 0.0484375 0.07708333333333334
4 0.4046875 0.4322916666666667 0.028125 0.04375
7 0.33984375 0.4395833333333333 0.0421875 0.058333333333333334
9 0.2625 0.4552083333333333 0.078125 0.11875
4 0.38515625 0.471875 0.0359375 0.04791666666666667
4 0.32734375 0.47708333333333336 0.0359375 0.04583333333333333
4 0.6421875 0.4875 0.040625 0.05416666666666667
0 0.59609375 0.49270833333333336 0.0890625 0.13958333333333334
9 0.28125 0.5385416666666667 0.0875 0.13125
4 0.140625 0.540625 0.065625 0.07291666666666667
4 0.18203125 0.5635416666666667 0.0609375 0.06458333333333334
4 0.7375 0.5708333333333333 0.08125 0.0875
4 0.36875 0.5760416666666667 0.059375 0.07291666666666667
4 0.040625 0.7125 0.08125 0.14166666666666666
4 0.31015625 0.7177083333333333 0.0953125 0.12291666666666666
4 0.6015625 0.7447916666666666 0.1 0.16875
4 0.13125 0.7614583333333333 0.115625 0.15625
4 0.93046875 0.7645833333333333 0.1390625 0.1625
4 0.775 0.7677083333333333 0.128125 0.18541666666666667