7 0.26484375 0.465625 0.0515625 0.07291666666666667
0 0.31953125 0.4708333333333333 0.0796875 0.1
4 0.38828125 0.471875 0.0390625 0.04375
9 0.2125 0.49166666666666664 0.065625 0.06666666666666667
4 0.38359375 0.5020833333333333 0.0421875 0.041666666666666664
4 0.3703125 0.5447916666666667 0.05 0.06041666666666667
8 0.22578125 0.5854166666666667 0.1390625 0.1875
9 0.11953125 0.5875 0.0953125 0.15416666666666667
4 0.35078125 0.596875 0.0640625 0.06458333333333334
0 0.64375 0.609375 0.171875 0.25625
4 0.33125 0.6541666666666667 0.075 0.1
6 0.3140625 0.7572916666666667 0.103125 0.14791666666666667
4 0.67265625 0.9 0.1640625 0.2