8 0.325 0.4041666666666667 0.05 0.06666666666666667
9 0.28984375 0.42083333333333334 0.0421875 0.06666666666666667
4 0.5375 0.42916666666666664 0.034375 0.04583333333333333
4 0.36015625 0.43125 0.0265625 0.03333333333333333
4 0.39921875 0.440625 0.0296875 0.04375
9 0.2484375 0.453125 0.075 0.08541666666666667
4 0.3859375 0.5083333333333333 0.0375 0.058333333333333334
9 0.26484375 0.5125 0.1078125 0.15
4 0.54375 0.515625 0.05625 0.07291666666666667
4 0.3625 0.5625 0.05 0.075
8 0.15546875 0.65 0.2171875 0.325
4 0.3328125 0.6572916666666667 0.0875 0.12291666666666666
4 0.29140625 0.75 0.1078125 0.14166666666666666
9 0.0609375 0.8625 0.121875 0.275
4 0.26484375 0.90625 0.1390625 0.16666666666666666