4 0.46484375 0.34270833333333334 0.0109375 0.01875
4 0.47421875 0.3572916666666667 0.0140625 0.01875
8 0.52890625 0.36041666666666666 0.0234375 0.0375
4 0.5015625 0.36770833333333336 0.015625 0.022916666666666665
4 0.478125 0.37395833333333334 0.01875 0.01875
7 0.515625 0.3885416666666667 0.021875 0.03958333333333333
4 0.4828125 0.39791666666666664 0.025 0.029166666666666667
8 0.57421875 0.4010416666666667 0.0484375 0.07291666666666667
4 0.41015625 0.41458333333333336 0.0265625 0.029166666666666667
9 0.33359375 0.43645833333333334 0.0609375 0.10208333333333333
4 0.52890625 0.44479166666666664 0.0296875 0.04375
4 0.40546875 0.446875 0.0234375 0.035416666666666666
4 0.5109375 0.471875 0.034375 0.06041666666666667
4 0.39140625 0.47708333333333336 0.0359375 0.04583333333333333
8 0.23828125 0.5614583333333333 0.1484375 0.23958333333333334
4 0.35390625 0.5854166666666667 0.0734375 0.09583333333333334
4 0.57890625 0.6302083333333334 0.0734375 0.11041666666666666
7 0.07734375 0.6375 0.1265625 0.14583333333333334
4 0.31875 0.6708333333333333 0.0875 0.11666666666666667
9 0.0796875 0.8375 0.159375 0.325
4 0.2578125 0.9 0.1375 0.1875