4 0.5859375 0.4270833333333333 0.028125 0.0375
9 0.27421875 0.44583333333333336 0.0671875 0.10833333333333334
4 0.55859375 0.4552083333333333 0.0359375 0.052083333333333336
4 0.3875 0.45729166666666665 0.034375 0.04375
4 0.34140625 0.46041666666666664 0.0328125 0.041666666666666664
4 0.50625 0.46770833333333334 0.034375 0.052083333333333336
4 0.21640625 0.478125 0.0515625 0.04791666666666667
4 0.21328125 0.5104166666666666 0.0453125 0.05416666666666667
9 0.29765625 0.5145833333333333 0.0828125 0.12083333333333333
4 0.384375 0.51875 0.046875 0.05416666666666667
4 0.5234375 0.53125 0.05 0.08333333333333333
7 0.6265625 0.540625 0.075 0.12708333333333333
4 0.08984375 0.58125 0.0765625 0.08333333333333333
4 0.34140625 0.6083333333333333 0.0703125 0.09166666666666666
4 0.53515625 0.6083333333333333 0.0578125 0.0875
4 0.1125 0.6197916666666666 0.08125 0.10625
4 0.190625 0.6697916666666667 0.0875 0.11041666666666666
0 0.8484375 0.8 0.303125 0.4
4 0.1203125 0.8510416666666667 0.1625 0.17291666666666666