8 0.278125 0.44583333333333336 0.065625 0.09166666666666666
4 0.33359375 0.47604166666666664 0.0359375 0.04791666666666667
8 0.21484375 0.4864583333333333 0.1078125 0.12291666666666666
4 0.3046875 0.509375 0.04375 0.052083333333333336
4 0.37421875 0.5125 0.0453125 0.0625
4 0.37265625 0.5583333333333333 0.0515625 0.07083333333333333
4 0.27578125 0.559375 0.0546875 0.07708333333333334
4 0.34375 0.6104166666666667 0.0625 0.08333333333333333
9 0.159375 0.65 0.20625 0.2708333333333333
4 0.32265625 0.6895833333333333 0.0984375 0.13333333333333333
4 0.26796875 0.8364583333333333 0.1265625 0.17708333333333334