4 0.40703125 0.415625 0.0328125 0.04375
8 0.3515625 0.41770833333333335 0.05625 0.08125
9 0.28828125 0.43125 0.0484375 0.075
9 0.32109375 0.475 0.0546875 0.0875
4 0.39609375 0.4791666666666667 0.0421875 0.05
8 0.21796875 0.48125 0.1046875 0.1375
4 0.3828125 0.5135416666666667 0.05 0.06041666666666667
4 0.35234375 0.5729166666666666 0.0578125 0.06666666666666667
11 0.09609375 0.5979166666666667 0.1921875 0.22083333333333333
4 0.33125 0.6458333333333334 0.075 0.1
6 0.32421875 0.7177083333333333 0.0859375 0.12708333333333333
8 0.10390625 0.7854166666666667 0.2078125 0.39166666666666666
4 0.29375 0.8375 0.1125 0.15