4 0.37265625 0.40520833333333334 0.0296875 0.035416666666666666
7 0.33125 0.4083333333333333 0.03125 0.0375
6 0.41171875 0.42083333333333334 0.0296875 0.03333333333333333
4 0.35390625 0.44375 0.0265625 0.03333333333333333
4 0.403125 0.453125 0.03125 0.03958333333333333
9 0.259375 0.4625 0.05 0.08333333333333333
4 0.5109375 0.47291666666666665 0.0375 0.05416666666666667
9 0.315625 0.484375 0.059375 0.07708333333333334
4 0.39140625 0.49375 0.0390625 0.041666666666666664
7 0.6609375 0.4979166666666667 0.059375 0.07916666666666666
7 0.2015625 0.503125 0.065625 0.08541666666666667
7 0.6296875 0.54375 0.06875 0.1
7 0.25 0.5625 0.084375 0.12083333333333333
9 0.1453125 0.5666666666666667 0.096875 0.14583333333333334
4 0.34296875 0.6583333333333333 0.0734375 0.09166666666666666
4 0.621875 0.7802083333333333 0.10625 0.16041666666666668
7 0.10078125 0.7947916666666667 0.1703125 0.25625
4 0.28671875 0.884375 0.1359375 0.18125