9 0.35703125 0.4125 0.0453125 0.07083333333333333
8 0.61796875 0.43645833333333334 0.0609375 0.09791666666666667
4 0.39921875 0.4427083333333333 0.0296875 0.03125
8 0.30859375 0.4635416666666667 0.0796875 0.13125
4 0.384375 0.49375 0.04375 0.0625
4 0.53125 0.5052083333333334 0.046875 0.06458333333333334
7 0.2 0.521875 0.078125 0.08958333333333333
4 0.36875 0.5385416666666667 0.05 0.06458333333333334
9 0.2375 0.571875 0.115625 0.14375
7 0.103125 0.6145833333333334 0.109375 0.125
4 0.3328125 0.6645833333333333 0.071875 0.09166666666666666
7 0.8109375 0.8208333333333333 0.146875 0.24166666666666667
4 0.29375 0.8645833333333334 0.125 0.15833333333333333