4 0.51640625 0.4010416666666667 0.0328125 0.04791666666666667
8 0.32109375 0.4083333333333333 0.0484375 0.07083333333333333
9 0.28359375 0.425 0.0484375 0.0625
4 0.3546875 0.4395833333333333 0.025 0.03333333333333333
4 0.50546875 0.440625 0.0421875 0.04791666666666667
4 0.39921875 0.4510416666666667 0.0390625 0.04791666666666667
9 0.2421875 0.465625 0.08125 0.09375
4 0.384375 0.521875 0.05 0.08541666666666667
9 0.26171875 0.5260416666666666 0.1078125 0.16041666666666668
4 0.3578125 0.584375 0.065625 0.08541666666666667
8 0.15859375 0.65625 0.2296875 0.32083333333333336
4 0.04765625 0.6677083333333333 0.0671875 0.10625
4 0.32578125 0.675 0.1046875 0.12083333333333333
4 0.29765625 0.7583333333333333 0.1203125 0.12916666666666668
9 0.06015625 0.8635416666666667 0.1203125 0.27291666666666664
4 0.2625 0.915625 0.159375 0.15208333333333332