9 0.346875 0.37083333333333335 0.03125 0.04583333333333333
9 0.3296875 0.396875 0.04375 0.06875
4 0.4234375 0.40520833333333334 0.021875 0.027083333333333334
4 0.40390625 0.41041666666666665 0.0234375 0.029166666666666667
7 0.3625 0.4125 0.0375 0.05
4 0.29140625 0.4166666666666667 0.0328125 0.0375
4 0.396875 0.4322916666666667 0.03125 0.035416666666666666
7 0.56484375 0.4322916666666667 0.0546875 0.09375
9 0.34140625 0.45 0.0484375 0.07916666666666666
4 0.39921875 0.45208333333333334 0.0359375 0.04583333333333333
7 0.26484375 0.4666666666666667 0.0609375 0.0875
4 0.390625 0.475 0.040625 0.04583333333333333
4 0.3078125 0.5020833333333333 0.046875 0.06666666666666667
4 0.60859375 0.51875 0.0546875 0.06666666666666667
4 0.3640625 0.534375 0.053125 0.06875
4 0.1984375 0.5541666666666667 0.059375 0.07083333333333333
4 0.26953125 0.5770833333333333 0.0609375 0.07916666666666666
4 0.6296875 0.596875 0.084375 0.11041666666666666
4 0.59609375 0.6739583333333333 0.0953125 0.14375
4 0.14765625 0.7635416666666667 0.1171875 0.15625
4 0.2109375 0.9270833333333334 0.18125 0.14583333333333334