7 0.34765625 0.39375 0.0265625 0.0375
8 0.53359375 0.4041666666666667 0.0453125 0.07083333333333333
4 0.37421875 0.4125 0.0265625 0.03333333333333333
9 0.29375 0.4239583333333333 0.04375 0.052083333333333336
4 0.496875 0.428125 0.028125 0.03125
4 0.40859375 0.42916666666666664 0.0234375 0.029166666666666667
4 0.58984375 0.4322916666666667 0.0265625 0.035416666666666666
9 0.35234375 0.43645833333333334 0.0390625 0.05625
4 0.39921875 0.45729166666666665 0.0328125 0.035416666666666666
7 0.25390625 0.46041666666666664 0.0515625 0.07083333333333333
7 0.303125 0.4864583333333333 0.05 0.09375
4 0.51328125 0.4875 0.0421875 0.058333333333333334
9 0.2125 0.5020833333333333 0.06875 0.1
4 0.36875 0.5666666666666667 0.05625 0.075
9 0.24375 0.5875 0.0875 0.13333333333333333
4 0.33984375 0.684375 0.0890625 0.11875
4 0.13828125 0.8375 0.1359375 0.14166666666666666