4 0.5046875 0.4552083333333333 0.03125 0.052083333333333336
4 0.61015625 0.459375 0.0328125 0.04791666666666667
4 0.33515625 0.4708333333333333 0.0390625 0.04583333333333333
4 0.3125 0.5010416666666667 0.04375 0.04375
4 0.375 0.5083333333333333 0.04375 0.05416666666666667
4 0.371875 0.55625 0.04375 0.0625
9 0.21171875 0.5802083333333333 0.1515625 0.20625
9 0.10546875 0.5854166666666667 0.1328125 0.175
4 0.3484375 0.6041666666666666 0.05625 0.058333333333333334
4 0.58203125 0.625 0.0640625 0.1
4 0.32890625 0.6666666666666666 0.0828125 0.11666666666666667
4 0.2953125 0.7583333333333333 0.103125 0.13333333333333333