8 0.3265625 0.40729166666666666 0.034375 0.05625
4 0.5203125 0.41041666666666665 0.025 0.03333333333333333
9 0.2890625 0.41354166666666664 0.05 0.04375
9 0.23828125 0.4375 0.0640625 0.06666666666666667
4 0.3578125 0.44375 0.028125 0.03333333333333333
4 0.39453125 0.44895833333333335 0.0296875 0.052083333333333336
4 0.51328125 0.459375 0.0328125 0.04791666666666667
4 0.32421875 0.49166666666666664 0.0265625 0.05
4 0.38125 0.5145833333333333 0.04375 0.058333333333333334
9 0.26328125 0.5208333333333334 0.1109375 0.1625
4 0.359375 0.5697916666666667 0.05625 0.07708333333333334
4 0.33203125 0.6489583333333333 0.0953125 0.11041666666666666
8 0.14765625 0.6510416666666666 0.2203125 0.3020833333333333
4 0.2921875 0.7635416666666667 0.103125 0.13125
9 0.0625 0.8635416666666667 0.125 0.27291666666666664
4 0.2578125 0.9145833333333333 0.16875 0.17083333333333334