9 0.33984375 0.39166666666666666 0.0296875 0.05
9 0.53125 0.3958333333333333 0.0375 0.0625
9 0.375 0.4 0.0375 0.05416666666666667
8 0.2921875 0.415625 0.0625 0.09375
4 0.409375 0.42604166666666665 0.028125 0.03958333333333333
4 0.48984375 0.42604166666666665 0.0265625 0.035416666666666666
7 0.61640625 0.459375 0.0484375 0.04791666666666667
4 0.4015625 0.46041666666666664 0.0375 0.041666666666666664
8 0.30703125 0.47604166666666664 0.0765625 0.12708333333333333
11 0.23359375 0.4822916666666667 0.0921875 0.13958333333333334
4 0.375 0.5125 0.046875 0.05416666666666667
4 0.35703125 0.5802083333333333 0.0640625 0.08125
7 0.13359375 0.609375 0.1046875 0.13541666666666666
4 0.240625 0.61875 0.078125 0.08333333333333333
6 0.33671875 0.678125 0.0796875 0.11458333333333333
4 0.30078125 0.8125 0.1109375 0.14583333333333334