4 0.36015625 0.38125 0.0328125 0.041666666666666664
4 0.5453125 0.38333333333333336 0.03125 0.03333333333333333
4 0.51796875 0.3885416666666667 0.0265625 0.027083333333333334
4 0.37578125 0.41041666666666665 0.0296875 0.025
7 0.5703125 0.4125 0.034375 0.04583333333333333
4 0.4921875 0.4197916666666667 0.0375 0.052083333333333336
4 0.365625 0.425 0.025 0.041666666666666664
4 0.4015625 0.425 0.03125 0.0375
4 0.54765625 0.440625 0.0390625 0.04791666666666667
4 0.41171875 0.44166666666666665 0.0328125 0.041666666666666664
4 0.334375 0.44479166666666664 0.05 0.06458333333333334
9 0.26171875 0.45208333333333334 0.0796875 0.125
4 0.5828125 0.4791666666666667 0.040625 0.0625
7 0.31796875 0.48333333333333334 0.0671875 0.0875
4 0.378125 0.49375 0.059375 0.05416666666666667
4 0.5203125 0.5 0.05 0.07083333333333333
9 0.178125 0.5229166666666667 0.128125 0.1625
4 0.68828125 0.5302083333333333 0.0578125 0.08125
4 0.371875 0.5489583333333333 0.065625 0.07708333333333334
4 0.0828125 0.58125 0.090625 0.1
4 0.6453125 0.5854166666666667 0.06875 0.09583333333333334
4 0.33203125 0.6385416666666667 0.0765625 0.10625
4 0.11015625 0.6458333333333334 0.0890625 0.09583333333333334
9 0.17734375 0.7 0.1984375 0.2625
4 0.609375 0.7583333333333333 0.128125 0.19583333333333333
4 0.05546875 0.9302083333333333 0.1109375 0.13958333333333334
4 0.253125 0.95 0.16875 0.1