9 0.3546875 0.371875 0.03125 0.04791666666666667
8 0.5125 0.37604166666666666 0.028125 0.052083333333333336
4 0.47421875 0.38125 0.0140625 0.025
7 0.32890625 0.4010416666666667 0.0328125 0.04375
7 0.36484375 0.40520833333333334 0.0296875 0.04375
4 0.4 0.40729166666666666 0.025 0.01875
4 0.48125 0.40729166666666666 0.021875 0.03125
4 0.27890625 0.428125 0.0296875 0.027083333333333334
4 0.3984375 0.42916666666666664 0.028125 0.029166666666666667
4 0.30859375 0.43125 0.0265625 0.03333333333333333
4 0.496875 0.43125 0.025 0.03333333333333333
9 0.34921875 0.4354166666666667 0.0359375 0.0625
4 0.403125 0.45 0.03125 0.03333333333333333
4 0.334375 0.46145833333333336 0.0375 0.052083333333333336
4 0.2765625 0.4625 0.03125 0.0375
4 0.3921875 0.46875 0.034375 0.041666666666666664
4 0.378125 0.4947916666666667 0.0375 0.052083333333333336
8 0.20234375 0.5020833333333333 0.0984375 0.12916666666666668
4 0.30625 0.509375 0.046875 0.05625
4 0.371875 0.5208333333333334 0.046875 0.0625
4 0.26875 0.5739583333333333 0.059375 0.06458333333333334
8 0.0796875 0.6239583333333333 0.159375 0.21875
4 0.34609375 0.6583333333333333 0.0703125 0.09166666666666666
4 0.19140625 0.7052083333333333 0.0921875 0.12291666666666666
4 0.26328125 0.846875 0.1140625 0.13958333333333334