4 0.48125 0.3875 0.021875 0.03333333333333333
4 0.38515625 0.39166666666666666 0.0203125 0.0375
4 0.40859375 0.41041666666666665 0.0296875 0.03333333333333333
4 0.4921875 0.41041666666666665 0.028125 0.04583333333333333
9 0.35625 0.4114583333333333 0.05 0.08541666666666667
4 0.409375 0.4270833333333333 0.03125 0.0375
8 0.6109375 0.4322916666666667 0.059375 0.08541666666666667
4 0.39921875 0.44166666666666665 0.0328125 0.041666666666666664
8 0.3109375 0.4666666666666667 0.084375 0.14166666666666666
4 0.525 0.47604166666666664 0.05 0.06458333333333334
4 0.38828125 0.49166666666666664 0.0515625 0.0625
7 0.19609375 0.51875 0.1046875 0.12083333333333333
4 0.36875 0.534375 0.06875 0.08541666666666667
9 0.2296875 0.5708333333333333 0.115625 0.16666666666666666
7 0.09609375 0.6104166666666667 0.1296875 0.1875
4 0.3296875 0.6614583333333334 0.08125 0.13541666666666666
7 0.71484375 0.678125 0.1046875 0.16458333333333333
1 0.9765625 0.7947916666666667 0.046875 0.30625
0 0.0484375 0.8802083333333334 0.096875 0.23958333333333334
4 0.28671875 0.8833333333333333 0.1421875 0.1875
4 0.728125 0.9666666666666667 0.14375 0.058333333333333334