9 0.30546875 0.4114583333333333 0.0484375 0.07708333333333334
4 0.4046875 0.4322916666666667 0.028125 0.04375
7 0.33984375 0.4395833333333333 0.0421875 0.058333333333333334
9 0.2625 0.4552083333333333 0.078125 0.11875
4 0.33203125 0.46875 0.0359375 0.04583333333333333
4 0.38515625 0.471875 0.0359375 0.04791666666666667
0 0.60859375 0.5041666666666667 0.0984375 0.15416666666666667
4 0.15234375 0.528125 0.0578125 0.07291666666666667
9 0.28125 0.5385416666666667 0.0875 0.13125
4 0.1890625 0.5510416666666667 0.053125 0.06458333333333334
4 0.371875 0.5645833333333333 0.053125 0.0625
4 0.7640625 0.5916666666666667 0.09375 0.1
4 0.0515625 0.6916666666666667 0.090625 0.14166666666666666
4 0.31640625 0.7 0.0921875 0.12083333333333333
4 0.1421875 0.7489583333333333 0.115625 0.15625
4 0.63046875 0.8239583333333333 0.1203125 0.20625
4 0.83203125 0.8614583333333333 0.1546875 0.23125