9 0.36953125 0.40208333333333335 0.0328125 0.04583333333333333
10 0.57578125 0.40520833333333334 0.0296875 0.05625
4 0.49140625 0.42291666666666666 0.0296875 0.041666666666666664
9 0.3453125 0.4270833333333333 0.04375 0.0625
10 0.54765625 0.4354166666666667 0.0359375 0.06666666666666667
9 0.2828125 0.44375 0.053125 0.08333333333333333
10 0.32265625 0.4739583333333333 0.0359375 0.06041666666666667
4 0.51484375 0.48854166666666665 0.0421875 0.05625
8 0.63671875 0.521875 0.1046875 0.17708333333333334
9 0.25625 0.546875 0.0875 0.11875
4 0.559375 0.6135416666666667 0.059375 0.09375
4 0.28203125 0.771875 0.1015625 0.13125