11 0.51484375 0.378125 0.0328125 0.052083333333333336
9 0.36875 0.4 0.03125 0.04583333333333333
4 0.41171875 0.4010416666666667 0.0234375 0.03125
4 0.49609375 0.425 0.0296875 0.041666666666666664
4 0.396875 0.45 0.03125 0.041666666666666664
7 0.32578125 0.47604166666666664 0.0421875 0.05625
9 0.67109375 0.5 0.0734375 0.11666666666666667
9 0.1765625 0.5239583333333333 0.08125 0.15208333333333332
4 0.5265625 0.553125 0.053125 0.08125
9 0.2296875 0.5708333333333333 0.121875 0.18333333333333332
4 0.3328125 0.6489583333333333 0.075 0.10208333333333333
3 0.703125 0.6583333333333333 0.0875 0.14166666666666666