9 0.36640625 0.39791666666666664 0.0296875 0.05
9 0.31796875 0.4083333333333333 0.0296875 0.0625
10 0.59453125 0.41458333333333336 0.0453125 0.07083333333333333
10 0.3484375 0.42916666666666664 0.034375 0.05
4 0.553125 0.4375 0.03125 0.04583333333333333
4 0.5078125 0.46041666666666664 0.034375 0.058333333333333334
9 0.3109375 0.46979166666666666 0.05625 0.09375
10 0.5796875 0.47604166666666664 0.05 0.09375
4 0.3640625 0.5322916666666667 0.04375 0.06041666666666667
4 0.55859375 0.6177083333333333 0.0734375 0.11458333333333333
8 0.778125 0.6895833333333333 0.234375 0.36666666666666664
10 0.06640625 0.8708333333333333 0.1328125 0.19583333333333333