9 0.55078125 0.42604166666666665 0.0484375 0.06458333333333334
4 0.38671875 0.471875 0.0390625 0.052083333333333336
4 0.51328125 0.4822916666666667 0.0359375 0.052083333333333336
10 0.66171875 0.5125 0.0515625 0.07083333333333333
4 0.59609375 0.5135416666666667 0.0453125 0.06458333333333334
4 0.540625 0.5677083333333334 0.053125 0.07708333333333334
11 0.13828125 0.5708333333333333 0.1671875 0.19166666666666668
10 0.26875 0.571875 0.06875 0.08958333333333333
4 0.6546875 0.5822916666666667 0.065625 0.08541666666666667
8 0.86015625 0.7770833333333333 0.2796875 0.44583333333333336
4 0.07421875 0.8802083333333334 0.1484375 0.17708333333333334
4 0.24921875 0.9239583333333333 0.1359375 0.15208333333333332