9 0.55625 0.4395833333333333 0.053125 0.06666666666666667
4 0.3953125 0.44166666666666665 0.034375 0.041666666666666664
10 0.30234375 0.5177083333333333 0.0515625 0.06875
11 0.1921875 0.5229166666666667 0.128125 0.14583333333333334
4 0.52421875 0.5229166666666667 0.0484375 0.0625
4 0.625 0.5552083333333333 0.059375 0.08125
10 0.703125 0.55625 0.0625 0.08333333333333333
4 0.7078125 0.6541666666666667 0.0875 0.1125
4 0.575 0.6677083333333333 0.078125 0.11458333333333333
4 0.3265625 0.678125 0.075 0.09791666666666667
4 0.1875 0.690625 0.103125 0.11458333333333333
10 0.86328125 0.709375 0.1109375 0.15208333333333332