4 0.4046875 0.4114583333333333 0.021875 0.027083333333333334
10 0.3359375 0.46770833333333334 0.0375 0.05625
9 0.58125 0.46875 0.06875 0.09166666666666666
11 0.25 0.47291666666666665 0.084375 0.10833333333333334
4 0.3734375 0.5197916666666667 0.04375 0.05625
4 0.27890625 0.5541666666666667 0.0546875 0.07083333333333333
4 0.5671875 0.646875 0.075 0.11041666666666666
4 0.70078125 0.6729166666666667 0.0890625 0.12083333333333333
10 0.8296875 0.6802083333333333 0.10625 0.13958333333333334
4 0.3171875 0.71875 0.08125 0.10833333333333334
4 0.88125 0.89375 0.159375 0.2125