11 0.309375 0.4166666666666667 0.053125 0.07083333333333333
4 0.40625 0.41770833333333335 0.03125 0.035416666666666666
9 0.56328125 0.43333333333333335 0.0578125 0.1
4 0.35 0.44479166666666664 0.0375 0.04791666666666667
4 0.50078125 0.44895833333333335 0.0328125 0.04375
4 0.40078125 0.4625 0.0359375 0.05
4 0.51640625 0.49270833333333336 0.0421875 0.06458333333333334
4 0.6515625 0.49375 0.046875 0.058333333333333334
9 0.246875 0.5625 0.0875 0.15416666666666667
9 0.6765625 0.603125 0.121875 0.16458333333333333
9 0.0703125 0.803125 0.140625 0.28541666666666665