9 0.3625 0.409375 0.034375 0.05625
10 0.58671875 0.41354166666666664 0.0359375 0.07291666666666667
9 0.30703125 0.4197916666666667 0.0390625 0.07291666666666667
10 0.34296875 0.44166666666666665 0.0359375 0.05
4 0.49921875 0.44479166666666664 0.0296875 0.03958333333333333
10 0.5640625 0.45729166666666665 0.040625 0.08541666666666667
9 0.29609375 0.49375 0.0578125 0.10416666666666667
4 0.53828125 0.5552083333333333 0.0546875 0.08541666666666667
4 0.34765625 0.5802083333333333 0.0578125 0.06458333333333334
8 0.7140625 0.6208333333333333 0.18125 0.275
4 0.6421875 0.8385416666666666 0.121875 0.17291666666666666