10 0.309375 0.42604166666666665 0.0375 0.052083333333333336
4 0.60390625 0.4479166666666667 0.0359375 0.041666666666666664
4 0.56953125 0.459375 0.0359375 0.04791666666666667
4 0.5046875 0.4666666666666667 0.040625 0.05416666666666667
4 0.36015625 0.5010416666666667 0.0484375 0.052083333333333336
4 0.52265625 0.5239583333333333 0.0484375 0.06875
4 0.3484375 0.5947916666666667 0.065625 0.08125
4 0.2296875 0.60625 0.071875 0.08333333333333333
9 0.71875 0.6447916666666667 0.125 0.22291666666666668
10 0.9265625 0.7958333333333333 0.146875 0.19166666666666668
4 0.64453125 0.8927083333333333 0.1234375 0.18958333333333333