9 0.37734375 0.38229166666666664 0.0390625 0.05625
4 0.51328125 0.39791666666666664 0.0265625 0.03333333333333333
4 0.4828125 0.4 0.028125 0.0375
9 0.56875 0.40208333333333335 0.040625 0.0625
4 0.41484375 0.4041666666666667 0.0296875 0.0375
8 0.28515625 0.43020833333333336 0.0640625 0.09791666666666667
4 0.49375 0.4354166666666667 0.0375 0.04583333333333333
3 0.534375 0.5125 0.053125 0.06666666666666667
4 0.35078125 0.55625 0.0640625 0.07916666666666666
4 0.56171875 0.60625 0.0796875 0.11666666666666667
11 0.83671875 0.7479166666666667 0.3265625 0.5041666666666667
9 0.10546875 0.78125 0.2109375 0.3958333333333333