9 0.36484375 0.39375 0.0390625 0.07083333333333333
9 0.5296875 0.3958333333333333 0.034375 0.058333333333333334
4 0.4921875 0.42291666666666666 0.028125 0.0375
4 0.55234375 0.44479166666666664 0.0328125 0.04375
4 0.5015625 0.4552083333333333 0.0375 0.052083333333333336
4 0.38125 0.47604166666666664 0.040625 0.052083333333333336
4 0.5796875 0.4822916666666667 0.040625 0.05625
9 0.66328125 0.553125 0.1328125 0.24791666666666667
4 0.56328125 0.609375 0.0671875 0.10208333333333333
4 0.31796875 0.659375 0.0890625 0.11041666666666666
3 0.6484375 0.7958333333333333 0.121875 0.20416666666666666