9 0.3671875 0.3885416666666667 0.0375 0.06458333333333334
9 0.53046875 0.403125 0.0421875 0.052083333333333336
4 0.49453125 0.42916666666666664 0.0296875 0.03333333333333333
4 0.559375 0.453125 0.034375 0.03958333333333333
4 0.50546875 0.465625 0.0328125 0.04791666666666667
4 0.38515625 0.4666666666666667 0.0359375 0.05
4 0.5875 0.48854166666666665 0.040625 0.052083333333333336
9 0.6828125 0.5739583333333333 0.1375 0.2604166666666667
4 0.33359375 0.6125 0.0765625 0.1
4 0.5765625 0.6458333333333334 0.075 0.1125
11 0.03203125 0.7052083333333333 0.0640625 0.16041666666666668
3 0.6921875 0.8791666666666667 0.15625 0.24166666666666667
10 0.07578125 0.8895833333333333 0.1515625 0.22083333333333333