10 0.3390625 0.39166666666666666 0.0375 0.04583333333333333
11 0.53671875 0.39375 0.0484375 0.0875
10 0.36640625 0.4010416666666667 0.0390625 0.04791666666666667
10 0.41875 0.40625 0.03125 0.04583333333333333
10 0.5890625 0.4166666666666667 0.03125 0.041666666666666664
9 0.23203125 0.4708333333333333 0.1015625 0.14583333333333334
4 0.3859375 0.48125 0.040625 0.058333333333333334
4 0.509375 0.496875 0.046875 0.05625
10 0.67109375 0.5229166666666667 0.0609375 0.075
4 0.353125 0.6208333333333333 0.071875 0.1
4 0.6171875 0.7572916666666667 0.10625 0.17291666666666666
9 0.07265625 0.8166666666666667 0.1453125 0.36666666666666664