9 0.5421875 0.40625 0.046875 0.08333333333333333
4 0.59375 0.4354166666666667 0.03125 0.041666666666666664
10 0.3546875 0.440625 0.0375 0.05625
4 0.49765625 0.446875 0.0328125 0.04375
11 0.278125 0.44895833333333335 0.071875 0.09791666666666667
4 0.38984375 0.465625 0.0359375 0.04791666666666667
4 0.31640625 0.4979166666666667 0.0484375 0.0625
9 0.6046875 0.503125 0.075 0.10208333333333333
4 0.36796875 0.5604166666666667 0.0609375 0.07916666666666666
9 0.0859375 0.796875 0.171875 0.3104166666666667
4 0.82109375 0.8635416666666667 0.1515625 0.21041666666666667