1 0.525 0.38125 0.046875 0.08333333333333333
10 0.31640625 0.41041666666666665 0.0421875 0.058333333333333334
3 0.4046875 0.4125 0.0375 0.04583333333333333
4 0.48828125 0.42604166666666665 0.0296875 0.03958333333333333
10 0.35234375 0.434375 0.0484375 0.06458333333333334
7 0.596875 0.44375 0.0375 0.058333333333333334
10 0.4015625 0.45416666666666666 0.0375 0.058333333333333334
4 0.5265625 0.50625 0.05 0.0625
9 0.09921875 0.603125 0.1984375 0.23125
8 0.70546875 0.6354166666666666 0.1453125 0.19166666666666668
4 0.3234375 0.6739583333333333 0.08125 0.10625