9 0.54609375 0.40520833333333334 0.0453125 0.09375
9 0.28828125 0.415625 0.0484375 0.04375
9 0.34921875 0.425 0.0484375 0.06666666666666667
4 0.403125 0.425 0.034375 0.0375
4 0.51796875 0.44895833333333335 0.0359375 0.04375
4 0.6671875 0.46979166666666666 0.04375 0.052083333333333336
4 0.5125 0.48541666666666666 0.0375 0.0625
9 0.259375 0.503125 0.1 0.13958333333333334
7 0.35703125 0.5552083333333333 0.0609375 0.08958333333333333
4 0.57109375 0.6270833333333333 0.0765625 0.11666666666666667
9 0.9125 0.7416666666666667 0.175 0.29583333333333334