9 0.36171875 0.4083333333333333 0.0359375 0.0625
4 0.4921875 0.41041666666666665 0.025 0.0375
4 0.4078125 0.41458333333333336 0.021875 0.03333333333333333
9 0.65078125 0.4708333333333333 0.0671875 0.11666666666666667
4 0.38515625 0.48333333333333334 0.0390625 0.05
4 0.51171875 0.5010416666666667 0.0453125 0.06458333333333334
10 0.30390625 0.509375 0.0484375 0.06875
4 0.6484375 0.5729166666666666 0.065625 0.1
9 0.0875 0.5989583333333334 0.140625 0.20208333333333334
9 0.16640625 0.6583333333333333 0.1703125 0.24166666666666667
4 0.6171875 0.7947916666666667 0.115625 0.18125
10 0.803125 0.8 0.171875 0.30833333333333335
4 0.27421875 0.8541666666666666 0.1171875 0.15833333333333333