4 0.89154 0.723561 640 480
4 0.564189 0.630821 640 480
9 0.257776 0.528788 640 480
9 0.325357 0.458577 640 480
9 0.622477 0.499693 640 480
4 0.528571 0.523712 640 480
4 0.505169 0.459692 640 480
4 0.546971 0.440656 640 480
7 0.89481 0.8794 640 480
9 0.896875 0.881098 640 480
4 0.492007 0.41319 640 480
9 0.334682 0.392305 640 480
4 0.89154 0.723561 0.115159 0.139743
4 0.564189 0.630821 0.071039 0.111543
9 0.257776 0.528788 0.080864 0.110847
9 0.325357 0.458577 0.05029 0.08634
9 0.622477 0.499693 0.09286 0.15498
4 0.528571 0.523712 0.049483 0.075048
4 0.505169 0.459692 0.034454 0.050819
4 0.546971 0.440656 0.034935 0.044514
7 0.89481 0.8794 0.206326 0.236708
9 0.896875 0.881098 0.206251 0.23748
4 0.492007 0.41319 0.027237 0.036387
9 0.334682 0.392305 0.039657 0.058531
