4 0.574219 0.735417 0.114062 0.1625 
4 0.526563 0.525 0.059375 0.070833 
4 0.558594 0.573958 0.076563 0.102083 
4 0.640625 0.945833 0.165625 0.104167 
4 0.270313 0.701042 0.109375 0.139583 
4 0.609375 0.854167 0.146875 0.195833 
4 0.515625 0.492708 0.059375 0.077083 
4 0.339062 0.498958 0.05625 0.072917 
4 0.536719 0.622917 0.092188 0.141667 
4 0.592187 0.446875 0.04375 0.060417 
4 0.503125 0.455208 0.046875 0.05625 
4 0.809375 0.496875 0.05625 0.072917 
4 0.569531 0.419792 0.039062 0.047917 
4 0.370312 0.373958 0.0375 0.052083 
1 0.857812 0.741667 0.253125 0.416667 
