4 0.646094 0.859375 0.151562 0.23125 
1 0.824219 0.534375 0.223438 0.34375 
4 0.560156 0.602083 0.095312 0.133333 
4 0.221094 0.398958 0.060937 0.072917 
4 0.510938 0.480208 0.053125 0.072917 
4 0.495312 0.428125 0.04375 0.060417 
4 0.552344 0.405208 0.042188 0.052083 
4 0.974219 0.658333 0.048438 0.120833 
1 0.735156 0.652083 0.207813 0.295833 
4 0.628906 0.41875 0.042188 0.054167 
7 0.682813 0.446875 0.06875 0.110417 
4 0.271094 0.651042 0.104688 0.147917 
4 0.478906 0.382292 0.032813 0.04375 
