4 0.651563 0.896875 0.1625 0.202083 
4 0.744531 0.677083 0.114062 0.1625 
4 0.548438 0.647917 0.096875 0.141667 
4 0.592969 0.738542 0.110937 0.15625 
7 0.7625 0.532292 0.096875 0.139583 
4 0.529687 0.554167 0.075 0.0875 
4 0.953125 0.616667 0.090625 0.095833 
4 0.509375 0.501042 0.059375 0.08125 
11 0.9125 0.8 0.175 0.3875 
7 0.679688 0.457292 0.0875 0.10625 
4 0.360938 0.401042 0.046875 0.060417 
0 0.58125 0.4125 0.0875 0.141667 
10 0.038281 0.720833 0.076563 0.245833 
4 0.507812 0.451042 0.05 0.060417 
