8 0.828906 0.544792 0.195312 0.285417 
4 0.649219 0.880208 0.157812 0.227083 
4 0.55625 0.653125 0.09375 0.152083 
4 0.66875 0.589583 0.0875 0.120833 
4 0.228906 0.801042 0.123438 0.164583 
4 0.526563 0.529167 0.059375 0.079167 
7 0.285938 0.410417 0.05 0.075 
4 0.711719 0.430208 0.045312 0.060417 
4 0.66875 0.45625 0.05 0.0625 
7 0.321094 0.55625 0.070312 0.108333 
4 0.374219 0.375 0.039062 0.054167 
0 0.528125 0.346875 0.05625 0.089583 
0 0.575 0.410417 0.08125 0.129167 
4 0.503906 0.465625 0.051562 0.06875 
4 0.485156 0.40625 0.042188 0.054167 
7 0.042969 0.602083 0.082812 0.116667 
4 0.335156 0.357292 0.029687 0.04375 
