4 0.572656 0.7375 0.114062 0.166667 
4 0.557813 0.575 0.078125 0.108333 
4 0.525781 0.527083 0.060937 0.075 
4 0.640625 0.945833 0.165625 0.104167 
4 0.515625 0.495833 0.0625 0.083333 
4 0.610156 0.857292 0.148438 0.202083 
7 0.304688 0.534375 0.071875 0.102083 
4 0.360156 0.407292 0.045312 0.05625 
4 0.501563 0.459375 0.046875 0.060417 
4 0.535156 0.621875 0.092188 0.14375 
4 0.56875 0.420833 0.0375 0.05 
7 0.664844 0.55 0.114062 0.2 
7 0.121875 0.610417 0.14375 0.1875 
7 0.620313 0.502083 0.075 0.116667 
7 0.664062 0.392708 0.09375 0.14375 
