4 0.674219 0.879167 0.173437 0.233333 
4 0.289062 0.678125 0.103125 0.13125 
4 0.327344 0.539583 0.070312 0.091667 
2 0.561719 0.557292 0.145313 0.252083 
11 0.657031 0.491667 0.145313 0.233333 
7 0.157812 0.469792 0.084375 0.110417 
4 0.270313 0.451042 0.053125 0.064583 
7 0.18125 0.589583 0.084375 0.116667 
4 0.3625 0.43125 0.046875 0.058333 
7 0.060937 0.71875 0.121875 0.241667 
4 0.372656 0.388542 0.039062 0.047917 
1 0.313281 0.367708 0.060937 0.09375 
7 0.06875 0.532292 0.121875 0.164583 
9 0.06875 0.53125 0.121875 0.1625 
