8 0.707812 0.558333 0.16875 0.275 
4 0.611719 0.773958 0.135937 0.227083 
4 0.321094 0.560417 0.073438 0.095833 
4 0.878906 0.664583 0.110937 0.133333 
4 0.544531 0.597917 0.082812 0.1125 
4 0.792969 0.55625 0.070312 0.104167 
11 0.071094 0.565625 0.142187 0.264583 
2 0.596094 0.44375 0.098437 0.170833 
4 0.498437 0.445833 0.05 0.0625 
8 0.660937 0.394792 0.096875 0.11875 
4 0.525 0.532292 0.06875 0.085417 
4 0.544531 0.419792 0.029687 0.052083 
4 0.514062 0.480208 0.053125 0.05625 
4 0.476562 0.380208 0.034375 0.04375 
