4 0.574219 0.736458 0.114062 0.164583 
4 0.527344 0.525 0.060937 0.075 
4 0.639844 0.945833 0.167187 0.104167 
4 0.557813 0.576042 0.078125 0.10625 
4 0.332031 0.513542 0.067187 0.089583 
4 0.514844 0.492708 0.060937 0.077083 
4 0.610156 0.85625 0.148438 0.204167 
4 0.535937 0.619792 0.090625 0.147917 
4 0.33125 0.430208 0.05625 0.077083 
4 0.502344 0.45625 0.048438 0.054167 
1 0.859375 0.75 0.259375 0.433333 
4 0.591406 0.445833 0.045312 0.0625 
7 0.665625 0.552083 0.115625 0.2 
4 0.56875 0.420833 0.0375 0.05 
7 0.678906 0.441667 0.085938 0.125 
