4 0.573438 0.733333 0.115625 0.158333 
4 0.292969 0.4875 0.076563 0.104167 
4 0.304688 0.610417 0.09375 0.1125 
4 0.525781 0.526042 0.057813 0.06875 
4 0.640625 0.946875 0.165625 0.102083 
4 0.609375 0.857292 0.146875 0.202083 
4 0.560156 0.576042 0.076563 0.102083 
4 0.514062 0.492708 0.059375 0.077083 
4 0.538281 0.622917 0.095312 0.154167 
4 0.591406 0.447917 0.045312 0.058333 
4 0.570312 0.420833 0.0375 0.05 
4 0.346875 0.41875 0.040625 0.058333 
4 0.382812 0.383333 0.040625 0.054167 
7 0.666406 0.554167 0.110937 0.195833 
4 0.502344 0.458333 0.045312 0.054167 
7 0.672656 0.435417 0.079687 0.1125 
7 0.282813 0.355208 0.04375 0.064583 
1 0.860938 0.746875 0.25625 0.43125 
