4 0.614844 0.721875 0.117188 0.172917 
4 0.826562 0.6125 0.09375 0.1125 
4 0.533594 0.547917 0.070312 0.104167 
4 0.321094 0.552083 0.073438 0.1 
4 0.789844 0.517708 0.079687 0.089583 
7 0.267969 0.747917 0.120313 0.175 
4 0.622656 0.491667 0.064062 0.0875 
4 0.49375 0.43125 0.046875 0.066667 
7 0.0875 0.742708 0.146875 0.164583 
4 0.358594 0.430208 0.045312 0.060417 
4 0.229687 0.51875 0.071875 0.095833 
4 0.044531 0.584375 0.089063 0.114583 
0 0.3 0.378125 0.06875 0.10625 
4 0.373437 0.383333 0.0375 0.041667 
7 0.140625 0.492708 0.06875 0.09375 
