4 0.51875 0.505208 0.0625 0.085417 
4 0.225 0.821875 0.15 0.19375 
4 0.536719 0.554167 0.073438 0.095833 
4 0.249219 0.554167 0.082812 0.095833 
4 0.601562 0.658333 0.09375 0.129167 
4 0.808594 0.6125 0.095312 0.116667 
4 0.360938 0.439583 0.046875 0.066667 
4 0.642969 0.54375 0.067187 0.1 
8 0.700781 0.451042 0.123438 0.164583 
8 0.928125 0.647917 0.1375 0.395833 
9 0.878906 0.815625 0.235937 0.364583 
4 0.503906 0.463542 0.048438 0.064583 
7 0.555469 0.747917 0.117188 0.216667 
4 0.602344 0.472917 0.054688 0.079167 
7 0.294531 0.401042 0.054688 0.089583 
4 0.370312 0.4 0.04375 0.058333 
7 0.295312 0.339583 0.040625 0.058333 
4 0.55625 0.748958 0.11875 0.210417 
