4 0.527344 0.526042 0.060937 0.072917 
4 0.573438 0.735417 0.115625 0.1625 
4 0.639844 0.945833 0.164062 0.104167 
4 0.310156 0.584375 0.082812 0.102083 
4 0.609375 0.854167 0.146875 0.195833 
4 0.557031 0.573958 0.079687 0.102083 
4 0.515625 0.491667 0.059375 0.075 
4 0.353906 0.458333 0.051562 0.0625 
4 0.539844 0.615625 0.095312 0.14375 
7 0.664844 0.551042 0.110937 0.19375 
4 0.502344 0.45625 0.048438 0.058333 
7 0.744531 0.502083 0.110937 0.158333 
1 0.85625 0.734375 0.24375 0.414583 
4 0.592187 0.447917 0.046875 0.058333 
