8 0.657031 0.5 0.132812 0.233333 
4 0.592969 0.785417 0.129688 0.1875 
4 0.514844 0.507292 0.064062 0.085417 
4 0.560937 0.658333 0.096875 0.125 
4 0.695312 0.622917 0.103125 0.141667 
4 0.549219 0.575 0.098437 0.129167 
4 0.760156 0.522917 0.060937 0.070833 
4 0.794531 0.572917 0.070312 0.095833 
4 0.858594 0.617708 0.101562 0.10625 
8 0.889062 0.813542 0.221875 0.364583 
4 0.716406 0.490625 0.039062 0.064583 
2 0.582812 0.434375 0.084375 0.15625 
4 0.492969 0.436458 0.051562 0.064583 
4 0.370312 0.40625 0.040625 0.054167 
4 0.663281 0.917708 0.179688 0.160417 
2 0.539062 0.363542 0.059375 0.09375 
4 0.375781 0.354167 0.032813 0.041667 
4 0.508594 0.455208 0.048438 0.039583 
4 0.477344 0.378125 0.035937 0.04375 
4 0.288281 0.407292 0.039062 0.047917 
