4 0.560156 0.654167 0.098437 0.125 
4 0.63125 0.865625 0.146875 0.222917 
8 0.835938 0.738542 0.246875 0.385417 
4 0.577344 0.755208 0.120313 0.185417 
4 0.549219 0.572917 0.098437 0.129167 
4 0.513281 0.504167 0.064062 0.091667 
4 0.690625 0.615625 0.096875 0.127083 
4 0.933594 0.713542 0.107813 0.15625 
4 0.760938 0.521875 0.0625 0.06875 
8 0.659375 0.501042 0.1375 0.235417 
4 0.303125 0.535417 0.071875 0.079167 
4 0.203125 0.539583 0.078125 0.095833 
4 0.717969 0.488542 0.039062 0.064583 
2 0.584375 0.436458 0.0875 0.164583 
4 0.507031 0.448958 0.045312 0.039583 
4 0.49375 0.43125 0.05 0.058333 
4 0.79375 0.555208 0.06875 0.06875 
4 0.478125 0.382292 0.034375 0.04375 
2 0.534375 0.355208 0.059375 0.089583 
