4 0.2875 0.633333 0.090625 0.120833 
4 0.574219 0.734375 0.114062 0.160417 
4 0.641406 0.946875 0.164062 0.102083 
4 0.526563 0.525 0.059375 0.070833 
4 0.609375 0.854167 0.146875 0.195833 
4 0.349219 0.470833 0.054688 0.070833 
4 0.558594 0.571875 0.076563 0.097917 
4 0.539062 0.620833 0.09375 0.141667 
4 0.516406 0.490625 0.060937 0.077083 
4 0.372656 0.403125 0.042188 0.052083 
10 0.223438 0.3875 0.065625 0.0875 
9 0.759375 0.507292 0.10625 0.147917 
4 0.569531 0.420833 0.039062 0.05 
4 0.592187 0.444792 0.04375 0.05625 
4 0.502344 0.45625 0.048438 0.058333 
1 0.857812 0.7375 0.246875 0.425 
