4 0.805469 0.738542 0.135937 0.18125 
4 0.298438 0.651042 0.096875 0.127083 
4 0.685937 0.595833 0.0875 0.108333 
4 0.601562 0.488542 0.05625 0.072917 
4 0.366406 0.446875 0.048438 0.064583 
4 0.628125 0.410417 0.05 0.0625 
4 0.498437 0.441667 0.046875 0.0625 
4 0.524219 0.511458 0.064062 0.085417 
8 0.732031 0.490625 0.129688 0.160417 
9 0.079687 0.713542 0.15625 0.277083 
0 0.310937 0.35625 0.0625 0.1 
7 0.078906 0.713542 0.154688 0.277083 
4 0.164062 0.965625 0.18125 0.064583 
10 0.258594 0.369792 0.045312 0.064583 
