4 0.654687 0.889583 0.16875 0.216667 
4 0.730469 0.667708 0.101562 0.135417 
4 0.638281 0.547917 0.073438 0.091667 
4 0.527344 0.515625 0.067187 0.097917 
4 0.324219 0.602083 0.076563 0.104167 
4 0.746094 0.480208 0.064062 0.077083 
4 0.592187 0.455208 0.05 0.06875 
7 0.846875 0.601042 0.125 0.19375 
11 0.182031 0.544792 0.157812 0.239583 
4 0.564063 0.4125 0.04375 0.058333 
7 0.646875 0.414583 0.0625 0.1 
8 0.053125 0.833333 0.103125 0.3 
7 0.915625 0.903125 0.16875 0.19375 
0 0.490625 0.382292 0.06875 0.110417 
