4 0.610938 0.866667 0.14375 0.233333 
4 0.517188 0.507292 0.065625 0.089583 
4 0.578125 0.701042 0.1125 0.135417 
4 0.535937 0.579167 0.078125 0.116667 
4 0.288281 0.653125 0.101562 0.127083 
4 0.515625 0.453125 0.05 0.047917 
4 0.354687 0.452083 0.053125 0.066667 
4 0.489063 0.429167 0.05 0.066667 
8 0.842969 0.748958 0.289062 0.472917 
8 0.688281 0.426042 0.107813 0.152083 
9 0.147656 0.4625 0.117188 0.145833 
2 0.589844 0.422917 0.098437 0.154167 
4 0.821094 0.530208 0.067187 0.08125 
8 0.674219 0.540625 0.148438 0.214583 
7 0.236719 0.51875 0.079687 0.116667 
