4 0.714844 0.851042 0.164062 0.264583 
4 0.553906 0.690625 0.101562 0.147917 
4 0.542969 0.597917 0.085938 0.1125 
4 0.591406 0.926042 0.132812 0.14375 
4 0.509375 0.536458 0.065625 0.089583 
4 0.335156 0.516667 0.067187 0.1 
4 0.217969 0.908333 0.164062 0.175 
4 0.364844 0.416667 0.045312 0.058333 
4 0.504687 0.475 0.059375 0.083333 
4 0.569531 0.41875 0.045312 0.0625 
10 0.234375 0.497917 0.090625 0.1375 
4 0.378906 0.364583 0.035937 0.045833 
1 0.891406 0.561458 0.217188 0.24375 
7 0.66875 0.553125 0.103125 0.19375 
7 0.124219 0.682292 0.117188 0.122917 
4 0.584375 0.470833 0.04375 0.075 
7 0.076563 0.534375 0.15 0.185417 
4 0.4875 0.420833 0.04375 0.058333 
