4 0.536719 0.571875 0.076563 0.10625 
4 0.515625 0.486458 0.059375 0.089583 
4 0.678125 0.45625 0.05625 0.066667 
10 0.2125 0.497917 0.090625 0.1375 
4 0.347656 0.479167 0.057813 0.070833 
4 0.311719 0.389583 0.039062 0.05 
4 0.578906 0.422917 0.045312 0.0625 
4 0.298438 0.63125 0.084375 0.104167 
4 0.364063 0.426042 0.04375 0.052083 
4 0.489063 0.402083 0.0375 0.045833 
10 0.635938 0.49375 0.071875 0.1125 
4 0.542969 0.380208 0.039062 0.047917 
4 0.038281 0.909375 0.073438 0.172917 
9 0.046094 0.583333 0.092188 0.1875 
10 0.196094 0.415625 0.064062 0.09375 
