4 0.683594 0.891667 0.157812 0.208333 
4 0.948438 0.759375 0.103125 0.14375 
4 0.948438 0.619792 0.1 0.122917 
4 0.822656 0.80625 0.142187 0.208333 
4 0.567969 0.65 0.092188 0.129167 
4 0.653125 0.548958 0.08125 0.102083 
4 0.524219 0.546875 0.073438 0.102083 
4 0.50625 0.472917 0.05 0.075 
4 0.315625 0.39375 0.040625 0.058333 
4 0.35625 0.43125 0.046875 0.066667 
4 0.282813 0.441667 0.05 0.066667 
4 0.224219 0.532292 0.079687 0.089583 
4 0.374219 0.375 0.035937 0.05 
9 0.553125 0.384375 0.05 0.077083 
4 0.574219 0.425 0.045312 0.0625 
4 0.634375 0.417708 0.053125 0.06875 
10 0.15 0.453125 0.1125 0.15625 
