4 0.634375 0.76875 0.121875 0.179167 
4 0.551562 0.588542 0.08125 0.110417 
4 0.310937 0.571875 0.078125 0.110417 
4 0.520312 0.522917 0.065625 0.091667 
4 0.621094 0.494792 0.067187 0.09375 
4 0.888281 0.683333 0.107813 0.133333 
4 0.35 0.44375 0.05 0.066667 
4 0.504687 0.467708 0.046875 0.06875 
4 0.732031 0.670833 0.101562 0.15 
4 0.244531 0.508333 0.067187 0.0875 
7 0.617969 0.907292 0.167187 0.18125 
7 0.842187 0.81875 0.190625 0.316667 
4 0.371875 0.378125 0.034375 0.04375 
4 0.571094 0.421875 0.042188 0.05625 
