4 0.517188 0.558333 0.071875 0.091667 
4 0.724219 0.867708 0.167187 0.247917 
4 0.55625 0.704167 0.103125 0.154167 
4 0.55 0.61875 0.09375 0.108333 
4 0.295312 0.669792 0.10625 0.147917 
4 0.507812 0.491667 0.059375 0.083333 
4 0.604688 0.935417 0.14375 0.120833 
4 0.36875 0.425 0.046875 0.058333 
4 0.580469 0.43125 0.048438 0.0625 
1 0.924219 0.594792 0.151562 0.239583 
1 0.859375 0.733333 0.234375 0.425 
7 0.309375 0.369792 0.046875 0.072917 
4 0.497656 0.44375 0.045312 0.054167 
4 0.745313 0.623958 0.078125 0.13125 
