4 0.930469 0.63125 0.117188 0.125 
4 0.605469 0.75 0.123438 0.191667 
4 0.269531 0.748958 0.114062 0.147917 
4 0.752344 0.728125 0.117188 0.139583 
4 0.659375 0.554167 0.075 0.1 
4 0.313281 0.561458 0.073438 0.09375 
4 0.614844 0.486458 0.060937 0.077083 
7 0.126562 0.497917 0.09375 0.1125 
7 0.120313 0.703125 0.11875 0.152083 
7 0.727344 0.491667 0.085938 0.133333 
7 0.204687 0.430208 0.065625 0.089583 
4 0.36875 0.433333 0.04375 0.054167 
7 0.677344 0.407292 0.051562 0.08125 
0 0.513281 0.440625 0.098437 0.15625 
