4 0.046094 0.870833 0.092188 0.15 
4 0.267969 0.916667 0.132812 0.158333 
9 0.185156 0.66875 0.157812 0.229167 
4 0.814844 0.654167 0.098437 0.133333 
9 0.190625 0.50625 0.115625 0.141667 
4 0.027344 0.684375 0.054688 0.10625 
4 0.754687 0.740625 0.115625 0.16875 
7 0.31875 0.472917 0.053125 0.083333 
4 0.339844 0.60625 0.070312 0.0875 
4 0.548438 0.584375 0.06875 0.102083 
4 0.380469 0.521875 0.045312 0.05625 
4 0.628906 0.538542 0.060937 0.08125 
4 0.385937 0.473958 0.0375 0.047917 
4 0.5 0.444792 0.034375 0.047917 
7 0.340625 0.438542 0.04375 0.064583 
9 0.267969 0.444792 0.067187 0.102083 
7 0.592969 0.428125 0.039062 0.05625 
