9 0.185156 0.610417 0.179688 0.25 
4 0.285938 0.773958 0.115625 0.152083 
4 0.346875 0.605208 0.059375 0.077083 
4 0.371094 0.555208 0.051562 0.06875 
4 0.373437 0.508333 0.046875 0.066667 
4 0.309375 0.503125 0.04375 0.05625 
4 0.525781 0.530208 0.054688 0.085417 
7 0.327344 0.663542 0.089063 0.127083 
4 0.329688 0.473958 0.0375 0.047917 
4 0.503906 0.432292 0.032813 0.04375 
4 0.389844 0.470833 0.039062 0.05 
4 0.2875 0.541667 0.046875 0.079167 
4 0.029687 0.902083 0.059375 0.195833 
8 0.291406 0.432292 0.057813 0.089583 
