4 0.861719 0.84375 0.151562 0.216667 
4 0.307031 0.775 0.095312 0.120833 
4 0.064062 0.760417 0.090625 0.116667 
4 0.646094 0.586458 0.067187 0.089583 
9 0.211719 0.491667 0.095312 0.129167 
4 0.354687 0.561458 0.05625 0.06875 
4 0.532031 0.535417 0.051562 0.070833 
4 0.560156 0.454167 0.032813 0.045833 
4 0.388281 0.494792 0.035937 0.047917 
7 0.344531 0.43125 0.042188 0.0625 
4 0.392188 0.452083 0.034375 0.041667 
4 0.529687 0.427083 0.028125 0.0375 
7 0.092188 0.589583 0.078125 0.083333 
4 0.498437 0.458333 0.03125 0.045833 
7 0.327344 0.459375 0.048438 0.072917 
7 0.682813 0.546875 0.071875 0.089583 
7 0.651563 0.48125 0.05 0.066667 
9 0.280469 0.432292 0.060937 0.09375 
