4 0.291406 0.80625 0.110937 0.129167 
4 0.648438 0.888542 0.153125 0.21875 
4 0.78125 0.825 0.134375 0.208333 
4 0.321094 0.658333 0.085938 0.108333 
4 0.227344 0.938542 0.164062 0.122917 
7 0.727344 0.6 0.126562 0.204167 
4 0.521094 0.494792 0.048438 0.064583 
4 0.607812 0.520833 0.053125 0.0625 
7 0.270313 0.534375 0.0875 0.122917 
4 0.378906 0.526042 0.045312 0.05625 
4 0.391406 0.564583 0.054688 0.079167 
7 0.19375 0.639583 0.125 0.170833 
4 0.389844 0.484375 0.039062 0.047917 
9 0.177344 0.519792 0.114062 0.15625 
4 0.277344 0.453125 0.035937 0.04375 
4 0.592187 0.4375 0.0375 0.045833 
4 0.49375 0.420833 0.03125 0.041667 
7 0.326562 0.413542 0.0375 0.052083 
8 0.096875 0.823958 0.19375 0.352083 
4 0.360938 0.429167 0.03125 0.041667 
4 0.321094 0.49375 0.042188 0.058333 
9 0.05 0.670833 0.096875 0.241667 
4 0.3375 0.465625 0.0375 0.04375 
