4 0.2875 0.864583 0.121875 0.166667 
8 0.053906 0.69375 0.104688 0.329167 
4 0.667188 0.892708 0.159375 0.20625 
4 0.35 0.5875 0.05625 0.0625 
4 0.33125 0.641667 0.075 0.095833 
4 0.513281 0.492708 0.039062 0.05625 
4 0.371875 0.54375 0.05 0.066667 
4 0.382812 0.503125 0.040625 0.047917 
9 0.194531 0.515625 0.076563 0.110417 
8 0.278906 0.516667 0.101562 0.1375 
4 0.389844 0.46875 0.039062 0.045833 
9 0.183594 0.664583 0.139063 0.2 
0 0.3375 0.440625 0.059375 0.089583 
10 0.576562 0.470833 0.040625 0.066667 
