4 0.5375 0.547917 0.059375 0.083333 
9 0.075781 0.622917 0.117188 0.175 
8 0.189062 0.64375 0.178125 0.241667 
4 0.371875 0.545833 0.05 0.066667 
4 0.382812 0.503125 0.040625 0.047917 
4 0.297656 0.814583 0.117188 0.175 
4 0.346875 0.596875 0.059375 0.06875 
4 0.388281 0.472917 0.039062 0.045833 
0 0.307031 0.486458 0.079687 0.11875 
7 0.250781 0.477083 0.054688 0.091667 
4 0.328906 0.655208 0.079687 0.10625 
9 0.959375 0.888542 0.078125 0.21875 
9 0.192969 0.510417 0.076563 0.083333 
0 0.525781 0.457292 0.076563 0.114583 
9 0.7875 0.586458 0.165625 0.21875 
