4 0.625781 0.796875 0.114062 0.189583 
4 0.102344 0.81875 0.123438 0.1375 
4 0.339844 0.672917 0.079687 0.108333 
4 0.542188 0.578125 0.0625 0.085417 
4 0.232031 0.627083 0.082812 0.095833 
4 0.252344 0.916667 0.142187 0.1625 
7 0.617188 0.458333 0.04375 0.070833 
4 0.328906 0.477083 0.045312 0.054167 
8 0.853906 0.792708 0.270313 0.414583 
4 0.383594 0.497917 0.045312 0.058333 
4 0.366406 0.572917 0.060937 0.0875 
4 0.396875 0.454167 0.034375 0.045833 
7 0.16875 0.575 0.090625 0.120833 
9 0.857031 0.798958 0.270313 0.402083 
4 0.20625 0.483333 0.0375 0.05 
