9 0.795312 0.717708 0.171875 0.297917 
8 0.064062 0.69375 0.128125 0.325 
4 0.1125 0.839583 0.1375 0.154167 
4 0.316406 0.6875 0.092188 0.133333 
4 0.235937 0.616667 0.078125 0.095833 
4 0.28125 0.54375 0.053125 0.070833 
4 0.375 0.505208 0.046875 0.060417 
4 0.250781 0.49375 0.042188 0.058333 
4 0.390625 0.471875 0.040625 0.052083 
9 0.335938 0.385417 0.0375 0.054167 
4 0.396094 0.433333 0.029687 0.0375 
7 0.291406 0.440625 0.045312 0.06875 
7 0.340625 0.444792 0.046875 0.072917 
4 0.316406 0.486458 0.042188 0.060417 
7 0.367188 0.402083 0.03125 0.045833 
