9 0.900781 0.805208 0.192188 0.389583 
4 0.670312 0.609375 0.08125 0.09375 
4 0.550781 0.572917 0.064062 0.095833 
4 0.323437 0.65 0.084375 0.104167 
4 0.225 0.938542 0.159375 0.122917 
9 0.05625 0.667708 0.109375 0.24375 
4 0.810156 0.644792 0.082812 0.110417 
4 0.294531 0.798958 0.104688 0.13125 
4 0.505469 0.452083 0.039062 0.05 
4 0.392969 0.552083 0.051562 0.070833 
7 0.280469 0.525 0.082812 0.116667 
7 0.196875 0.6375 0.125 0.170833 
4 0.394531 0.471875 0.039062 0.047917 
4 0.61875 0.466667 0.04375 0.054167 
4 0.380469 0.516667 0.042188 0.054167 
9 0.186719 0.5125 0.110937 0.154167 
4 0.283594 0.444792 0.035937 0.04375 
4 0.341406 0.458333 0.032813 0.041667 
4 0.527344 0.410417 0.026562 0.033333 
