4 0.342187 0.626042 0.078125 0.097917 
4 0.609375 0.715625 0.090625 0.135417 
4 0.235937 0.626042 0.08125 0.102083 
4 0.38125 0.501042 0.046875 0.064583 
9 0.317188 0.402083 0.046875 0.075 
7 0.329688 0.461458 0.05625 0.085417 
7 0.221094 0.509375 0.076563 0.114583 
4 0.396875 0.463542 0.0375 0.047917 
4 0.29375 0.517708 0.053125 0.077083 
7 0.108594 0.661458 0.089063 0.110417 
4 0.169531 0.510417 0.048438 0.066667 
4 0.396094 0.436458 0.032813 0.04375 
7 0.35625 0.413542 0.0375 0.052083 
9 0.342187 0.375 0.034375 0.05 
4 0.496094 0.420833 0.029687 0.041667 
