4 0.290625 0.807292 0.109375 0.13125 
4 0.654687 0.872917 0.1375 0.233333 
4 0.375781 0.548958 0.051562 0.060417 
4 0.310156 0.685417 0.092188 0.108333 
4 0.542969 0.611458 0.064062 0.089583 
4 0.226562 0.9375 0.159375 0.125 
7 0.83125 0.667708 0.115625 0.139583 
8 0.098437 0.826042 0.190625 0.347917 
4 0.38125 0.505208 0.04375 0.052083 
4 0.383594 0.592708 0.060937 0.085417 
7 0.250781 0.560417 0.095312 0.133333 
4 0.254688 0.477083 0.04375 0.05 
4 0.507812 0.473958 0.040625 0.05625 
4 0.326562 0.486458 0.0375 0.047917 
4 0.404687 0.45625 0.034375 0.045833 
4 0.578906 0.4875 0.042188 0.058333 
8 0.039062 0.684375 0.078125 0.214583 
9 0.146094 0.545833 0.129688 0.175 
4 0.346094 0.448958 0.035937 0.04375 
7 0.64375 0.480208 0.0625 0.09375 
7 0.546875 0.421875 0.046875 0.077083 
7 0.195312 0.639583 0.11875 0.170833 
