4 0.275 0.822917 0.11875 0.158333 
9 0.119531 0.571875 0.154688 0.202083 
4 0.51875 0.492708 0.040625 0.05625 
4 0.348438 0.621875 0.06875 0.089583 
9 0.236719 0.472917 0.082812 0.129167 
4 0.354687 0.555208 0.0625 0.077083 
7 0.28125 0.523958 0.075 0.114583 
4 0.60625 0.482292 0.040625 0.052083 
4 0.028125 0.760417 0.05625 0.141667 
4 0.403906 0.471875 0.035937 0.047917 
7 0.324219 0.464583 0.057813 0.0875 
4 0.49375 0.425 0.03125 0.041667 
7 0.817187 0.675 0.109375 0.133333 
4 0.817969 0.673958 0.110937 0.127083 
4 0.400781 0.442708 0.029687 0.035417 
