9 0.098437 0.820833 0.196875 0.358333 
4 0.248438 0.909375 0.14375 0.18125 
4 0.326562 0.692708 0.084375 0.10625 
9 0.08125 0.615625 0.1625 0.235417 
9 0.215625 0.489583 0.090625 0.133333 
4 0.615625 0.548958 0.053125 0.06875 
4 0.525 0.532292 0.053125 0.072917 
4 0.334375 0.605208 0.075 0.089583 
7 0.307812 0.485417 0.065625 0.104167 
4 0.397656 0.503125 0.039062 0.05625 
4 0.396875 0.472917 0.034375 0.045833 
4 0.960156 0.869792 0.076563 0.239583 
7 0.242188 0.577083 0.096875 0.1375 
7 0.570312 0.4625 0.040625 0.0625 
4 0.404687 0.435417 0.028125 0.033333 
