4 0.566406 0.639583 0.076563 0.116667 
4 0.691406 0.647917 0.095312 0.125 
4 0.296875 0.747917 0.10625 0.1375 
7 0.703125 0.534375 0.06875 0.089583 
9 0.250781 0.457292 0.079687 0.110417 
4 0.364063 0.583333 0.059375 0.075 
4 0.171875 0.573958 0.0625 0.072917 
7 0.115625 0.7875 0.13125 0.170833 
9 0.303125 0.411458 0.05 0.077083 
9 0.271875 0.548958 0.096875 0.139583 
4 0.380469 0.480208 0.039062 0.047917 
4 0.325 0.483333 0.040625 0.05 
0 0.575781 0.470833 0.073438 0.116667 
7 0.846875 0.671875 0.11875 0.139583 
4 0.400781 0.44375 0.029687 0.041667 
7 0.340625 0.440625 0.040625 0.05625 
4 0.625 0.470833 0.0375 0.054167 
7 0.115625 0.555208 0.065625 0.08125 
