9 0.839063 0.675 0.15 0.229167 
4 0.290625 0.807292 0.109375 0.13125 
4 0.31875 0.667708 0.0875 0.10625 
4 0.5625 0.634375 0.078125 0.114583 
4 0.225781 0.9375 0.160938 0.125 
4 0.664062 0.634375 0.08125 0.114583 
4 0.389062 0.573958 0.05625 0.077083 
4 0.504687 0.451042 0.0375 0.047917 
4 0.386719 0.494792 0.042188 0.047917 
4 0.377344 0.536458 0.048438 0.060417 
7 0.264844 0.545833 0.089063 0.125 
4 0.270313 0.4625 0.0375 0.045833 
4 0.332813 0.471875 0.034375 0.04375 
8 0.098437 0.826042 0.190625 0.347917 
9 0.167969 0.530208 0.120313 0.16875 
4 0.571094 0.465625 0.039062 0.052083 
9 0.04375 0.680208 0.0875 0.222917 
4 0.316406 0.501042 0.042188 0.060417 
4 0.407031 0.440625 0.032813 0.039583 
4 0.357031 0.432292 0.032813 0.04375 
7 0.321875 0.41875 0.0375 0.05 
7 0.625781 0.505208 0.082812 0.13125 
