8 0.829688 0.725 0.275 0.408333 
4 0.5625 0.641667 0.078125 0.125 
4 0.284375 0.855208 0.128125 0.197917 
4 0.326562 0.664583 0.08125 0.108333 
4 0.382812 0.503125 0.040625 0.047917 
4 0.346094 0.6 0.060937 0.070833 
4 0.371094 0.544792 0.051562 0.064583 
4 0.511719 0.479167 0.045312 0.0625 
9 0.057031 0.64375 0.110937 0.1875 
4 0.389062 0.472917 0.0375 0.045833 
0 0.299219 0.494792 0.085938 0.13125 
9 0.178906 0.523958 0.085938 0.089583 
7 0.239063 0.484375 0.059375 0.089583 
5 0.057813 0.642708 0.1125 0.189583 
8 0.716406 0.515625 0.123438 0.14375 
8 0.167969 0.678125 0.214062 0.29375 
