9 0.098437 0.820833 0.196875 0.358333 
4 0.239844 0.917708 0.148438 0.160417 
4 0.628906 0.759375 0.117188 0.172917 
9 0.078125 0.632292 0.15625 0.25625 
4 0.31875 0.713542 0.0875 0.110417 
4 0.332813 0.6125 0.075 0.091667 
9 0.210156 0.492708 0.101562 0.139583 
4 0.508594 0.484375 0.042188 0.060417 
4 0.585156 0.501042 0.042188 0.05625 
7 0.303125 0.490625 0.06875 0.10625 
4 0.392969 0.480208 0.035937 0.047917 
4 0.396875 0.513542 0.040625 0.05625 
4 0.595313 0.436458 0.034375 0.047917 
7 0.23125 0.591667 0.103125 0.141667 
7 0.84375 0.696875 0.1125 0.147917 
7 0.553125 0.4375 0.034375 0.054167 
