9 0.926562 0.780208 0.146875 0.33125 
4 0.671094 0.9 0.151562 0.195833 
9 0.117188 0.719792 0.234375 0.360417 
4 0.227344 0.921875 0.173437 0.15625 
4 0.370312 0.557292 0.053125 0.072917 
4 0.338281 0.625 0.070312 0.0875 
8 0.657813 0.561458 0.14375 0.24375 
4 0.373437 0.510417 0.046875 0.066667 
4 0.765625 0.595833 0.075 0.1 
4 0.3 0.517708 0.046875 0.060417 
8 0.190625 0.507292 0.121875 0.135417 
4 0.270313 0.570833 0.059375 0.0875 
4 0.328906 0.476042 0.039062 0.052083 
7 0.303125 0.742708 0.115625 0.164583 
