4 0.257812 0.884375 0.13125 0.18125 
4 0.567187 0.657292 0.084375 0.127083 
9 0.102344 0.8125 0.204687 0.35 
9 0.090625 0.6 0.178125 0.229167 
4 0.335938 0.660417 0.078125 0.1 
9 0.225 0.480208 0.0875 0.13125 
4 0.342187 0.586458 0.06875 0.085417 
4 0.689844 0.663542 0.082812 0.110417 
7 0.314063 0.479167 0.0625 0.1 
4 0.600781 0.508333 0.054688 0.079167 
4 0.667188 0.513542 0.05625 0.06875 
4 0.4 0.488542 0.040625 0.05625 
4 0.557813 0.430208 0.028125 0.035417 
4 0.398438 0.459375 0.034375 0.04375 
4 0.500781 0.434375 0.029687 0.039583 
9 0.260156 0.554167 0.082812 0.125 
4 0.364063 0.423958 0.028125 0.035417 
