9 0.89375 0.735417 0.18125 0.279167 
4 0.682813 0.667708 0.0875 0.13125 
4 0.290625 0.807292 0.109375 0.13125 
4 0.576562 0.677083 0.090625 0.129167 
4 0.319531 0.664583 0.085938 0.108333 
4 0.225781 0.938542 0.160938 0.122917 
4 0.389844 0.570833 0.054688 0.075 
4 0.580469 0.479167 0.042188 0.05 
4 0.507812 0.458333 0.040625 0.054167 
4 0.3875 0.490625 0.040625 0.047917 
4 0.377344 0.532292 0.045312 0.05625 
7 0.266406 0.541667 0.085938 0.125 
7 0.646875 0.525 0.09375 0.145833 
4 0.272656 0.460417 0.039062 0.045833 
8 0.097656 0.826042 0.192188 0.347917 
9 0.169531 0.529167 0.123438 0.166667 
4 0.333594 0.470833 0.035937 0.045833 
4 0.317969 0.5 0.042188 0.058333 
9 0.045312 0.677083 0.090625 0.225 
4 0.576562 0.420833 0.03125 0.041667 
