4 0.31875 0.3885416666666667 0.0375 0.04375
2 0.621875 0.39479166666666665 0.075 0.11041666666666666
4 0.49375 0.40520833333333334 0.0375 0.03958333333333333
4 0.559375 0.40625 0.040625 0.04583333333333333
4 0.575 0.43645833333333334 0.03125 0.052083333333333336
4 0.50234375 0.4479166666666667 0.0421875 0.05416666666666667
10 0.61640625 0.46458333333333335 0.0609375 0.10833333333333334
4 0.53828125 0.490625 0.0578125 0.07708333333333334
4 0.6421875 0.5479166666666667 0.075 0.09166666666666666
4 0.89453125 0.6010416666666667 0.1078125 0.11458333333333333
10 0.74765625 0.6666666666666666 0.1015625 0.16666666666666666
4 0.89296875 0.690625 0.1046875 0.12291666666666666
4 0.6078125 0.8 0.125 0.20416666666666666
10 0.85078125 0.8166666666666667 0.1890625 0.3375