8 0.5921875 0.3614583333333333 0.059375 0.08541666666666667
7 0.31484375 0.365625 0.0453125 0.06875
9 0.54375 0.36666666666666664 0.046875 0.09166666666666666
4 0.48515625 0.38958333333333334 0.0359375 0.04583333333333333
4 0.24921875 0.3958333333333333 0.0390625 0.05
9 0.56953125 0.40625 0.0515625 0.1
4 0.496875 0.4354166666666667 0.040625 0.06666666666666667
11 0.66953125 0.45416666666666666 0.1015625 0.09583333333333334
4 0.53359375 0.4635416666666667 0.0515625 0.05625
4 0.33671875 0.49270833333333336 0.0515625 0.06458333333333334
3 0.53515625 0.54375 0.0828125 0.14583333333333334
4 0.93671875 0.6135416666666667 0.1046875 0.11458333333333333
6 0.1109375 0.6510416666666666 0.14375 0.20625
9 0.8765625 0.6677083333333333 0.146875 0.18958333333333333
9 0.75234375 0.6875 0.1546875 0.24583333333333332
4 0.6046875 0.7208333333333333 0.121875 0.18333333333333332