7 0.3296875 0.30625 0.0375 0.05416666666666667
4 0.40703125 0.3104166666666667 0.0234375 0.03333333333333333
7 0.36484375 0.31354166666666666 0.0296875 0.05625
7 0.3359375 0.3458333333333333 0.028125 0.058333333333333334
4 0.38515625 0.353125 0.0359375 0.03125
1 0.28828125 0.378125 0.0828125 0.13958333333333334
4 0.371875 0.41875 0.046875 0.0625
4 0.49453125 0.428125 0.0390625 0.04791666666666667
4 0.49609375 0.475 0.0453125 0.07916666666666666
4 0.5359375 0.509375 0.078125 0.06458333333333334
4 0.80703125 0.5604166666666667 0.0734375 0.1
4 0.55546875 0.56875 0.0984375 0.1
4 0.69375 0.578125 0.165625 0.3145833333333333
4 0.578125 0.6916666666666667 0.128125 0.19166666666666668
1 0.88046875 0.8052083333333333 0.2390625 0.38958333333333334