5 0.21796875 0.38229166666666664 0.0921875 0.08958333333333333
4 0.3140625 0.39375 0.0375 0.05416666666666667
4 0.5578125 0.39375 0.0375 0.04583333333333333
4 0.49609375 0.41875 0.0390625 0.058333333333333334
9 0.66484375 0.44479166666666664 0.0640625 0.09375
4 0.57890625 0.459375 0.0484375 0.06041666666666667
4 0.35546875 0.48020833333333335 0.0546875 0.06458333333333334
4 0.52265625 0.48333333333333334 0.0515625 0.075
5 0.19140625 0.4947916666666667 0.1515625 0.21458333333333332
9 0.62734375 0.5083333333333333 0.0828125 0.12083333333333333
1 0.06171875 0.5364583333333334 0.1234375 0.20208333333333334
4 0.553125 0.6375 0.09375 0.14583333333333334
4 0.91015625 0.8958333333333334 0.1796875 0.20833333333333334