4 0.4671875 0.32395833333333335 0.025 0.03125
10 0.5140625 0.328125 0.034375 0.06875
10 0.55859375 0.334375 0.0359375 0.06458333333333334
8 0.33046875 0.346875 0.0546875 0.08541666666666667
9 0.275 0.35208333333333336 0.05625 0.07083333333333333
4 0.375 0.38645833333333335 0.034375 0.04375
8 0.2265625 0.3875 0.090625 0.0875
4 0.55 0.40208333333333335 0.0375 0.05416666666666667
4 0.50625 0.4197916666666667 0.040625 0.06875
4 0.34609375 0.44895833333333335 0.0484375 0.05625
2 0.2515625 0.453125 0.115625 0.15625
10 0.13671875 0.4708333333333333 0.0859375 0.11666666666666667
10 0.2796875 0.6447916666666667 0.10625 0.13125
4 0.80234375 0.909375 0.1609375 0.18125