9 0.55078125 0.36875 0.0515625 0.0875
9 0.31328125 0.3802083333333333 0.0453125 0.07291666666666667
4 0.3734375 0.396875 0.04375 0.04375
4 0.4921875 0.4083333333333333 0.034375 0.041666666666666664
1 0.1890625 0.41875 0.11875 0.16666666666666666
4 0.28203125 0.43645833333333334 0.0484375 0.05625
8 0.709375 0.44479166666666664 0.1 0.18125
4 0.3515625 0.44895833333333335 0.040625 0.05625
4 0.50078125 0.46041666666666664 0.0484375 0.06666666666666667
11 0.63984375 0.48020833333333335 0.1421875 0.22291666666666668
7 0.18828125 0.5270833333333333 0.0765625 0.08333333333333333
4 0.53515625 0.5479166666666667 0.0703125 0.10416666666666667
6 0.27421875 0.69375 0.1296875 0.18333333333333332
4 0.1046875 0.709375 0.1125 0.10625