8 0.34140625 0.33125 0.0421875 0.06666666666666667
9 0.32109375 0.3614583333333333 0.0390625 0.07291666666666667
4 0.384375 0.36666666666666664 0.03125 0.0375
4 0.5375 0.39791666666666664 0.040625 0.05416666666666667
4 0.36171875 0.4010416666666667 0.0421875 0.052083333333333336
4 0.484375 0.41458333333333336 0.040625 0.07083333333333333
9 0.13984375 0.46458333333333335 0.1203125 0.12916666666666668
11 0.22578125 0.48541666666666666 0.1296875 0.1875
4 0.628125 0.503125 0.065625 0.10208333333333333
7 0.80859375 0.6833333333333333 0.1859375 0.3125
4 0.21796875 0.8875 0.1421875 0.225