4 0.3734375 0.30416666666666664 0.03125 0.029166666666666667
7 0.3203125 0.3104166666666667 0.046875 0.06666666666666667
4 0.39921875 0.31145833333333334 0.0421875 0.03125
4 0.39140625 0.35208333333333336 0.0421875 0.058333333333333334
1 0.54296875 0.3729166666666667 0.0828125 0.1125
4 0.35859375 0.43333333333333335 0.0609375 0.07083333333333333
4 0.68203125 0.45208333333333334 0.0515625 0.075
4 0.503125 0.46979166666666666 0.05 0.07708333333333334
7 0.621875 0.484375 0.090625 0.14375
4 0.734375 0.49895833333333334 0.075 0.10208333333333333
4 0.5375 0.5510416666666667 0.071875 0.10625
4 0.6875 0.6166666666666667 0.115625 0.15
4 0.946875 0.6427083333333333 0.090625 0.12708333333333333
4 0.57890625 0.6770833333333334 0.1140625 0.16666666666666666
1 0.96953125 0.7333333333333333 0.0609375 0.2791666666666667
4 0.63125 0.8958333333333334 0.1625 0.20833333333333334