4 0.38984375 0.33958333333333335 0.0296875 0.03333333333333333
9 0.565625 0.4083333333333333 0.05625 0.08333333333333333
4 0.4953125 0.4125 0.040625 0.0625
4 0.3625 0.421875 0.040625 0.06041666666666667
8 0.70546875 0.4510416666666667 0.1109375 0.15625
4 0.52265625 0.47708333333333336 0.0484375 0.07083333333333333
2 0.67265625 0.5166666666666667 0.1359375 0.20416666666666666
4 0.853125 0.5333333333333333 0.078125 0.0875
4 0.278125 0.6135416666666667 0.075 0.10208333333333333
4 0.6171875 0.7770833333333333 0.121875 0.16666666666666666
10 0.88359375 0.8572916666666667 0.1859375 0.28541666666666665