1 0.57578125 0.31666666666666665 0.0515625 0.05416666666666667
7 0.33203125 0.3333333333333333 0.0453125 0.05416666666666667
1 0.52890625 0.34375 0.0546875 0.07083333333333333
4 0.478125 0.35520833333333335 0.0375 0.03125
7 0.3765625 0.36041666666666666 0.046875 0.08333333333333333
1 0.603125 0.3645833333333333 0.05625 0.07916666666666666
7 0.5515625 0.3854166666666667 0.046875 0.07916666666666666
7 0.30546875 0.38645833333333335 0.0484375 0.05625
4 0.48359375 0.3875 0.0390625 0.025
7 0.65234375 0.403125 0.0640625 0.09375
4 0.49140625 0.40729166666666666 0.0328125 0.03125
4 0.57265625 0.42291666666666666 0.0328125 0.04583333333333333
4 0.5046875 0.428125 0.046875 0.035416666666666666
4 0.59140625 0.44166666666666665 0.0453125 0.05
7 0.7078125 0.453125 0.09375 0.13125
4 0.50390625 0.459375 0.0421875 0.04375
4 0.5171875 0.46875 0.04375 0.029166666666666667
7 0.6203125 0.5020833333333333 0.059375 0.12083333333333333
7 0.51796875 0.5354166666666667 0.0703125 0.1125
7 0.6703125 0.540625 0.115625 0.18958333333333333
7 0.73359375 0.6291666666666667 0.0578125 0.14583333333333334
4 0.55703125 0.6552083333333333 0.1078125 0.12291666666666666
1 0.84921875 0.7041666666666667 0.2109375 0.3333333333333333
4 0.5984375 0.8072916666666666 0.1375 0.18958333333333333
1 0.90625 0.8458333333333333 0.096875 0.30833333333333335
4 0.6421875 0.95 0.15625 0.1