4 0.39609375 0.309375 0.0234375 0.035416666666666666
4 0.496875 0.315625 0.025 0.03125
10 0.5234375 0.3260416666666667 0.034375 0.06458333333333334
4 0.46953125 0.334375 0.0265625 0.035416666666666666
4 0.37890625 0.33958333333333335 0.0296875 0.0375
7 0.246875 0.38229166666666664 0.046875 0.07291666666666667
8 0.29375 0.38229166666666664 0.071875 0.08958333333333333
4 0.5 0.43125 0.046875 0.07083333333333333
4 0.61640625 0.49166666666666664 0.0703125 0.0875
4 0.3203125 0.521875 0.06875 0.08125
4 0.6109375 0.7208333333333333 0.11875 0.175
8 0.0625 0.7760416666666666 0.125 0.4479166666666667