4 0.36875 0.3854166666666667 0.034375 0.041666666666666664
4 0.478125 0.3854166666666667 0.03125 0.04583333333333333
9 0.5609375 0.390625 0.046875 0.08125
4 0.63125 0.42291666666666666 0.046875 0.058333333333333334
4 0.5109375 0.44166666666666665 0.04375 0.058333333333333334
4 0.5296875 0.51875 0.059375 0.08333333333333333
4 0.74296875 0.5260416666666666 0.0703125 0.07708333333333334
5 0.06875 0.5291666666666667 0.1375 0.25
4 0.30625 0.5479166666666667 0.06875 0.08333333333333333
4 0.653125 0.5479166666666667 0.071875 0.0875
4 0.72578125 0.6583333333333333 0.0984375 0.14583333333333334
4 0.5703125 0.66875 0.09375 0.15416666666666667
10 0.925 0.6739583333333333 0.15 0.26458333333333334