4 0.59609375 0.375 0.0390625 0.05
4 0.5484375 0.396875 0.040625 0.04791666666666667
4 0.62421875 0.41354166666666664 0.0390625 0.052083333333333336
5 0.2078125 0.4166666666666667 0.06875 0.0875
4 0.4953125 0.42083333333333334 0.040625 0.04583333333333333
7 0.68046875 0.4427083333333333 0.0671875 0.10208333333333333
4 0.59375 0.45729166666666665 0.05625 0.07291666666666667
4 0.509375 0.4666666666666667 0.046875 0.0625
1 0.80390625 0.5229166666666667 0.1953125 0.2875
4 0.55234375 0.5791666666666667 0.0828125 0.1125
4 0.94921875 0.609375 0.1015625 0.11458333333333333
1 0.71015625 0.6104166666666667 0.1765625 0.2375
4 0.22109375 0.7875 0.1296875 0.17083333333333334
4 0.62578125 0.8041666666666667 0.1296875 0.19583333333333333