7 0.29765625 0.33645833333333336 0.0359375 0.05625
4 0.38125 0.35833333333333334 0.03125 0.0375
1 0.31484375 0.37604166666666666 0.0671875 0.09375
10 0.56328125 0.40625 0.0515625 0.0875
4 0.48984375 0.41770833333333335 0.0421875 0.06041666666666667
4 0.6359375 0.434375 0.0375 0.04791666666666667
9 0.68671875 0.4510416666666667 0.0796875 0.13125
4 0.515625 0.4625 0.053125 0.075
4 0.6234375 0.5083333333333333 0.06875 0.09583333333333334
8 0.82265625 0.5479166666666667 0.2015625 0.275
9 0.68515625 0.5833333333333334 0.1078125 0.17916666666666667
4 0.55234375 0.6208333333333333 0.0765625 0.1125
4 0.24609375 0.765625 0.1109375 0.14375