5 0.27109375 0.3614583333333333 0.0609375 0.08125
4 0.33671875 0.3614583333333333 0.0265625 0.03958333333333333
4 0.49296875 0.40208333333333335 0.0421875 0.041666666666666664
7 0.5640625 0.40625 0.053125 0.09166666666666666
4 0.36484375 0.4083333333333333 0.0484375 0.05416666666666667
4 0.6484375 0.421875 0.04375 0.04791666666666667
4 0.4890625 0.42604166666666665 0.034375 0.04791666666666667
4 0.6953125 0.45416666666666666 0.053125 0.058333333333333334
4 0.50625 0.4583333333333333 0.046875 0.0625
4 0.596875 0.46145833333333336 0.05 0.06458333333333334
4 0.521875 0.5135416666666667 0.053125 0.07291666666666667
5 0.8359375 0.5635416666666667 0.196875 0.22291666666666668
4 0.54609375 0.6270833333333333 0.0890625 0.12083333333333333
4 0.75234375 0.70625 0.1203125 0.15833333333333333
7 0.96015625 0.7729166666666667 0.0796875 0.1875
4 0.24140625 0.7822916666666667 0.1234375 0.15625
4 0.62734375 0.8416666666666667 0.1265625 0.1875