2 0.54140625 0.35833333333333334 0.0578125 0.08333333333333333
4 0.48984375 0.3958333333333333 0.0359375 0.041666666666666664
8 0.6484375 0.39791666666666664 0.084375 0.10416666666666667
10 0.5609375 0.41041666666666665 0.040625 0.08333333333333333
4 0.4984375 0.4322916666666667 0.040625 0.04791666666666667
9 0.603125 0.43645833333333334 0.075 0.13541666666666666
4 0.7171875 0.43645833333333334 0.046875 0.06875
4 0.51328125 0.4791666666666667 0.0546875 0.07083333333333333
9 0.65859375 0.521875 0.0953125 0.16875
11 0.834375 0.6135416666666667 0.225 0.21041666666666667
4 0.03359375 0.6354166666666666 0.0671875 0.10416666666666667
4 0.58203125 0.6666666666666666 0.0921875 0.12916666666666668
4 0.253125 0.7864583333333334 0.11875 0.16041666666666668
4 0.834375 0.8864583333333333 0.178125 0.22708333333333333