4 0.3875 0.3541666666666667 0.03125 0.041666666666666664
4 0.521875 0.3614583333333333 0.028125 0.04375
8 0.31484375 0.3625 0.0609375 0.09166666666666666
4 0.47265625 0.365625 0.0328125 0.04791666666666667
9 0.29765625 0.39479166666666665 0.0546875 0.08958333333333333
4 0.56953125 0.41875 0.0453125 0.0625
4 0.3640625 0.4197916666666667 0.04375 0.05625
10 0.63828125 0.48854166666666665 0.0890625 0.16458333333333333
4 0.33046875 0.4947916666666667 0.0609375 0.08125
9 0.04296875 0.578125 0.0859375 0.16458333333333333
4 0.55234375 0.6083333333333333 0.0734375 0.10833333333333334
11 0.11171875 0.6854166666666667 0.2234375 0.4041666666666667