7 0.35390625 0.33541666666666664 0.0390625 0.05
7 0.28984375 0.33645833333333336 0.0359375 0.06458333333333334
4 0.4703125 0.35208333333333336 0.034375 0.0375
1 0.56015625 0.37604166666666666 0.0703125 0.13125
4 0.478125 0.38125 0.034375 0.041666666666666664
4 0.61796875 0.40208333333333335 0.0390625 0.05416666666666667
0 0.67265625 0.41041666666666665 0.0796875 0.11666666666666667
4 0.49140625 0.428125 0.0359375 0.052083333333333336
4 0.3390625 0.47291666666666665 0.05625 0.075
4 0.51171875 0.4864583333333333 0.0578125 0.07291666666666667
5 0.778125 0.5177083333333333 0.128125 0.14791666666666667
4 0.6734375 0.5854166666666667 0.078125 0.09583333333333334
4 0.54765625 0.5895833333333333 0.0734375 0.09166666666666666
4 0.63125 0.8958333333333334 0.140625 0.20833333333333334