4 0.3984375 0.30625 0.03125 0.041666666666666664
4 0.38984375 0.33958333333333335 0.0296875 0.04583333333333333
4 0.4796875 0.36041666666666666 0.025 0.041666666666666664
7 0.5578125 0.38645833333333335 0.04375 0.07708333333333334
4 0.4890625 0.4041666666666667 0.0375 0.0375
4 0.36796875 0.42083333333333334 0.0734375 0.09166666666666666
4 0.4953125 0.4552083333333333 0.040625 0.05625
4 0.5234375 0.5083333333333333 0.053125 0.0875
7 0.22734375 0.5270833333333333 0.1359375 0.2
1 0.68203125 0.5447916666666667 0.1859375 0.27708333333333335
4 0.8875 0.6489583333333333 0.115625 0.14791666666666667
4 0.64296875 0.8052083333333333 0.1171875 0.19375