2 0.6046875 0.37395833333333334 0.06875 0.10208333333333333
10 0.57578125 0.4114583333333333 0.0484375 0.08958333333333333
4 0.521875 0.4395833333333333 0.046875 0.07083333333333333
4 0.59140625 0.4625 0.0546875 0.07083333333333333
4 0.7203125 0.46979166666666666 0.071875 0.07708333333333334
4 0.25234375 0.49583333333333335 0.0484375 0.058333333333333334
10 0.64921875 0.5208333333333334 0.0640625 0.10416666666666667
4 0.77109375 0.5625 0.0703125 0.08333333333333333
4 0.53828125 0.5729166666666666 0.0734375 0.1125
10 0.68828125 0.5802083333333333 0.1015625 0.17291666666666666
9 0.91328125 0.6510416666666666 0.1703125 0.25625
4 0.61640625 0.7697916666666667 0.1234375 0.18541666666666667