4 0.39375 0.3375 0.028125 0.03333333333333333
10 0.33671875 0.340625 0.0390625 0.06875
4 0.48046875 0.353125 0.0265625 0.04375
4 0.38046875 0.35833333333333334 0.0359375 0.041666666666666664
9 0.215625 0.39895833333333336 0.078125 0.08958333333333333
11 0.28984375 0.4083333333333333 0.0859375 0.125
4 0.57734375 0.48020833333333335 0.0515625 0.08125
11 0.109375 0.4947916666666667 0.165625 0.18125
4 0.5234375 0.5229166666666667 0.0625 0.09583333333333334
4 0.32890625 0.5291666666666667 0.0671875 0.09166666666666666
4 0.76328125 0.7125 0.1234375 0.1875
2 0.0796875 0.7864583333333334 0.159375 0.4270833333333333
4 0.20546875 0.8979166666666667 0.1609375 0.20416666666666666