0 0.4640625 0.33645833333333336 0.04375 0.06458333333333334
0 0.52578125 0.33645833333333336 0.0515625 0.08125
4 0.46953125 0.359375 0.0265625 0.03125
4 0.37578125 0.36666666666666664 0.0328125 0.04583333333333333
4 0.484375 0.3958333333333333 0.034375 0.04583333333333333
7 0.29375 0.4041666666666667 0.046875 0.06666666666666667
7 0.640625 0.40729166666666666 0.05625 0.09375
0 0.578125 0.415625 0.084375 0.12708333333333333
7 0.21875 0.421875 0.053125 0.08958333333333333
4 0.721875 0.4375 0.053125 0.075
4 0.503125 0.45416666666666666 0.05 0.07916666666666666
4 0.67109375 0.46458333333333335 0.0578125 0.06666666666666667
7 0.33046875 0.5239583333333333 0.0609375 0.09375
4 0.53046875 0.5375 0.0609375 0.09583333333333334
8 0.8484375 0.5510416666666667 0.215625 0.28541666666666665
7 0.06796875 0.5697916666666667 0.0921875 0.10625
4 0.6828125 0.6020833333333333 0.09375 0.13333333333333333
4 0.56484375 0.6739583333333333 0.0890625 0.16041666666666668
4 0.25234375 0.725 0.1046875 0.12916666666666668
4 0.66640625 0.9020833333333333 0.1640625 0.19583333333333333