9 0.3 0.3260416666666667 0.04375 0.04791666666666667
8 0.34453125 0.32916666666666666 0.0484375 0.07083333333333333
10 0.52421875 0.34270833333333334 0.0390625 0.07291666666666667
4 0.38515625 0.35833333333333334 0.0328125 0.041666666666666664
10 0.575 0.35833333333333334 0.040625 0.07083333333333333
8 0.25078125 0.365625 0.0828125 0.08541666666666667
2 0.29375 0.39791666666666664 0.06875 0.10416666666666667
10 0.20390625 0.41770833333333335 0.0640625 0.08958333333333333
10 0.33515625 0.48854166666666665 0.0671875 0.07708333333333334
4 0.0828125 0.703125 0.125 0.16458333333333333
4 0.24609375 0.8208333333333333 0.1203125 0.16666666666666666