7 0.3421875 0.28958333333333336 0.046875 0.05416666666666667
4 0.3953125 0.3302083333333333 0.0375 0.03958333333333333
7 0.6 0.3625 0.046875 0.07916666666666666
1 0.559375 0.396875 0.075 0.11875
4 0.5046875 0.45 0.05625 0.07083333333333333
4 0.51875 0.5322916666666667 0.0625 0.10625
4 0.80703125 0.5666666666666667 0.0828125 0.1125
7 0.7171875 0.6177083333333333 0.153125 0.26875
4 0.925 0.6854166666666667 0.140625 0.17083333333333334
4 0.590625 0.7302083333333333 0.10625 0.18958333333333333
4 0.19921875 0.8583333333333333 0.1765625 0.20416666666666666
4 0.89765625 0.9052083333333333 0.2046875 0.18958333333333333
4 0.66171875 0.9333333333333333 0.1609375 0.13333333333333333