7 0.32734375 0.3125 0.0328125 0.04583333333333333
4 0.39453125 0.33229166666666665 0.0265625 0.035416666666666666
7 0.28671875 0.3489583333333333 0.0390625 0.05625
1 0.6078125 0.3489583333333333 0.06875 0.11041666666666666
7 0.334375 0.35520833333333335 0.040625 0.05625
1 0.54921875 0.3645833333333333 0.0640625 0.10833333333333334
4 0.38046875 0.365625 0.0328125 0.04375
0 0.490625 0.38125 0.0625 0.10833333333333334
4 0.684375 0.41041666666666665 0.04375 0.058333333333333334
4 0.3375 0.521875 0.0625 0.06875
7 0.215625 0.534375 0.10625 0.13125
1 0.07421875 0.54375 0.1484375 0.17083333333333334
4 0.53046875 0.55 0.0734375 0.1
1 0.7265625 0.6020833333333333 0.2125 0.325
1 0.88359375 0.609375 0.2265625 0.29791666666666666
7 0.0828125 0.7625 0.165625 0.25416666666666665