1 0.3421875 0.34791666666666665 0.05 0.08333333333333333
4 0.56171875 0.4125 0.0359375 0.04583333333333333
4 0.6265625 0.4125 0.05 0.058333333333333334
4 0.7015625 0.42604166666666665 0.053125 0.06041666666666667
4 0.35 0.4427083333333333 0.05 0.04791666666666667
10 0.6046875 0.4625 0.0625 0.11666666666666667
4 0.50859375 0.4666666666666667 0.0515625 0.07916666666666666
4 0.68203125 0.4791666666666667 0.0515625 0.07083333333333333
9 0.76484375 0.5229166666666667 0.1046875 0.175
4 0.540625 0.540625 0.06875 0.09375
4 0.69140625 0.6166666666666667 0.0953125 0.12083333333333333
8 0.91953125 0.6791666666666667 0.1609375 0.37916666666666665
9 0.8421875 0.8229166666666666 0.209375 0.3541666666666667