1 0.30859375 0.36875 0.0984375 0.09166666666666666
4 0.53125 0.40208333333333335 0.034375 0.058333333333333334
1 0.20234375 0.41354166666666664 0.0921875 0.12708333333333333
4 0.653125 0.42916666666666664 0.046875 0.06666666666666667
7 0.58359375 0.4322916666666667 0.0421875 0.08958333333333333
4 0.48671875 0.4583333333333333 0.0484375 0.07916666666666666
1 0.60546875 0.459375 0.0578125 0.08958333333333333
1 0.7484375 0.46145833333333336 0.134375 0.14375
4 0.25390625 0.49583333333333335 0.1203125 0.1
4 0.5109375 0.509375 0.078125 0.10208333333333333
4 0.59453125 0.5416666666666666 0.0796875 0.125
7 0.68515625 0.5739583333333333 0.0421875 0.11875
4 0.5390625 0.5927083333333333 0.09375 0.13958333333333334
1 0.79453125 0.628125 0.1765625 0.27708333333333335
4 0.58671875 0.74375 0.1140625 0.175
1 0.89453125 0.8104166666666667 0.2109375 0.37916666666666665
4 0.63984375 0.89375 0.1703125 0.2125