4 0.375 0.34479166666666666 0.03125 0.035416666666666666
4 0.3015625 0.4 0.04375 0.07083333333333333
1 0.65546875 0.4 0.0953125 0.125
1 0.5765625 0.4083333333333333 0.0875 0.125
4 0.4890625 0.43125 0.040625 0.0625
4 0.5125 0.446875 0.046875 0.05625
4 0.7546875 0.47604166666666664 0.075 0.08541666666666667
7 0.24765625 0.4895833333333333 0.0703125 0.11666666666666667
4 0.51328125 0.49166666666666664 0.0734375 0.075
1 0.64921875 0.4979166666666667 0.1390625 0.1625
4 0.53515625 0.5625 0.0765625 0.11666666666666667
4 0.56484375 0.6666666666666666 0.1015625 0.125
1 0.95 0.68125 0.1 0.2375
1 0.8359375 0.73125 0.25625 0.3625
4 0.596875 0.8072916666666666 0.1375 0.21041666666666667
4 0.66328125 0.9177083333333333 0.1515625 0.16458333333333333
4 0.1921875 0.934375 0.1625 0.13125