10 0.6375 0.40729166666666666 0.05 0.07291666666666667
4 0.56484375 0.409375 0.0421875 0.052083333333333336
1 0.271875 0.4114583333333333 0.084375 0.14375
4 0.71015625 0.4354166666666667 0.0453125 0.058333333333333334
4 0.49296875 0.44895833333333335 0.0484375 0.07291666666666667
4 0.67265625 0.46041666666666664 0.0578125 0.07083333333333333
4 0.58828125 0.465625 0.0546875 0.07291666666666667
9 0.1078125 0.4739583333333333 0.14375 0.18958333333333333
9 0.78515625 0.5270833333333333 0.1140625 0.15833333333333333
4 0.5484375 0.5635416666666667 0.075 0.10625
9 0.71640625 0.6114583333333333 0.1328125 0.22708333333333333
9 0.88359375 0.803125 0.2328125 0.39375