4 0.47578125 0.3572916666666667 0.0359375 0.03125
2 0.54375 0.3697916666666667 0.05625 0.08958333333333333
4 0.4796875 0.38333333333333336 0.03125 0.0375
4 0.3046875 0.3927083333333333 0.0375 0.04375
4 0.49296875 0.40729166666666666 0.0390625 0.03125
4 0.54609375 0.4197916666666667 0.0234375 0.052083333333333336
2 0.59453125 0.440625 0.0953125 0.16458333333333333
4 0.49921875 0.4479166666666667 0.0515625 0.05416666666666667
4 0.51328125 0.4864583333333333 0.0609375 0.06041666666666667
4 0.52421875 0.5302083333333333 0.0671875 0.08125
8 0.6875 0.5364583333333334 0.15 0.24791666666666667
4 0.7828125 0.5458333333333333 0.059375 0.1
4 0.54140625 0.58125 0.0796875 0.1
4 0.8421875 0.6270833333333333 0.1 0.125
4 0.58828125 0.690625 0.1140625 0.18958333333333333
4 0.23125 0.840625 0.128125 0.16041666666666668
4 0.90078125 0.89375 0.1890625 0.2125
4 0.65546875 0.9020833333333333 0.1453125 0.19583333333333333