1 0.36484375 0.30625 0.0390625 0.05416666666666667
1 0.328125 0.3125 0.025 0.0375
4 0.34609375 0.35 0.0265625 0.0375
4 0.56875 0.446875 0.0375 0.07291666666666667
7 0.49609375 0.45208333333333334 0.0484375 0.07916666666666666
0 0.24765625 0.46041666666666664 0.1359375 0.1875
1 0.60078125 0.47708333333333336 0.0546875 0.11666666666666667
4 0.5015625 0.5104166666666666 0.05625 0.08333333333333333
1 0.64296875 0.5135416666666667 0.0890625 0.16458333333333333
1 0.83515625 0.5270833333333333 0.2171875 0.24166666666666667
4 0.5296875 0.55625 0.078125 0.1
4 0.3078125 0.5645833333333333 0.0875 0.11666666666666667
1 0.7359375 0.628125 0.075 0.14791666666666667
4 0.54296875 0.6541666666666667 0.0828125 0.15
1 0.84140625 0.6854166666666667 0.2078125 0.325
4 0.67578125 0.7427083333333333 0.1046875 0.21458333333333332
1 0.91171875 0.8229166666666666 0.1765625 0.3541666666666667
4 0.58125 0.9145833333333333 0.13125 0.17083333333333334
4 0.18125 0.9375 0.16875 0.125