10 0.34609375 0.33645833333333336 0.0390625 0.06875
4 0.38359375 0.34791666666666665 0.0359375 0.041666666666666664
4 0.51015625 0.34791666666666665 0.0265625 0.03333333333333333
4 0.48515625 0.365625 0.0296875 0.04375
9 0.2375 0.38125 0.06875 0.08333333333333333
11 0.303125 0.38229166666666664 0.075 0.10625
11 0.1375 0.46458333333333335 0.15625 0.15416666666666667
4 0.34453125 0.4739583333333333 0.0546875 0.07708333333333334
4 0.60390625 0.525 0.0640625 0.09583333333333334
4 0.55234375 0.61875 0.0828125 0.14166666666666666
2 0.11015625 0.6583333333333333 0.2203125 0.3375
4 0.27578125 0.6729166666666667 0.1046875 0.12916666666666668
4 0.8828125 0.88125 0.18125 0.2375