1 0.61171875 0.3645833333333333 0.0890625 0.11666666666666667
4 0.4828125 0.384375 0.05625 0.052083333333333336
7 0.5578125 0.39166666666666666 0.05625 0.0875
1 0.65078125 0.4041666666666667 0.0796875 0.1
4 0.35625 0.4114583333333333 0.046875 0.08125
4 0.5734375 0.41875 0.0375 0.041666666666666664
4 0.49296875 0.4239583333333333 0.0546875 0.04791666666666667
4 0.59453125 0.43333333333333335 0.0546875 0.041666666666666664
4 0.51015625 0.475 0.0578125 0.05416666666666667
7 0.73359375 0.47708333333333336 0.0953125 0.15416666666666667
7 0.6203125 0.5135416666666667 0.075 0.11875
4 0.52421875 0.5145833333333333 0.0609375 0.0625
7 0.084375 0.5229166666666667 0.13125 0.12916666666666668
1 0.84375 0.5260416666666666 0.153125 0.13125
1 0.74609375 0.5489583333333333 0.0046875 0.014583333333333334
7 0.6640625 0.5541666666666667 0.125 0.19166666666666668
4 0.55625 0.5645833333333333 0.0875 0.1
4 0.31015625 0.5916666666666667 0.1046875 0.09583333333333334
7 0.540625 0.6145833333333334 0.103125 0.14583333333333334
7 0.7390625 0.6427083333333333 0.06875 0.15208333333333332
4 0.57265625 0.7041666666666667 0.1046875 0.1125
1 0.85703125 0.7114583333333333 0.2421875 0.33541666666666664
4 0.60859375 0.828125 0.1453125 0.15208333333333332
1 0.93046875 0.8458333333333333 0.1390625 0.30833333333333335
1 0.0421875 0.8583333333333333 0.084375 0.2833333333333333
4 0.63828125 0.953125 0.1453125 0.09375