7 0.309375 0.40729166666666666 0.059375 0.08958333333333333
1 0.6765625 0.4083333333333333 0.1 0.11666666666666667
1 0.58125 0.41458333333333336 0.078125 0.15
4 0.490625 0.44166666666666665 0.04375 0.041666666666666664
4 0.51875 0.4479166666666667 0.046875 0.041666666666666664
4 0.5140625 0.478125 0.059375 0.04375
1 0.09375 0.4979166666666667 0.1375 0.19583333333333333
4 0.79375 0.503125 0.08125 0.09791666666666667
1 0.659375 0.5239583333333333 0.134375 0.21041666666666667
4 0.5171875 0.5291666666666667 0.0625 0.07916666666666666
4 0.328125 0.5354166666666667 0.065625 0.1125
4 0.53828125 0.5625 0.0671875 0.10416666666666667
7 0.16875 0.640625 0.115625 0.19375
4 0.58203125 0.6833333333333333 0.0953125 0.15416666666666667
1 0.89921875 0.8270833333333333 0.2015625 0.3458333333333333
4 0.61875 0.853125 0.134375 0.24375
4 0.18828125 0.91875 0.1734375 0.1625
4 0.684375 0.9416666666666667 0.175 0.11666666666666667