8 0.58671875 0.35 0.0484375 0.07916666666666666
9 0.53671875 0.3614583333333333 0.0484375 0.08541666666666667
4 0.48046875 0.37916666666666665 0.0390625 0.041666666666666664
9 0.55859375 0.39375 0.0484375 0.08333333333333333
7 0.28984375 0.39895833333333336 0.0609375 0.08958333333333333
4 0.49609375 0.4197916666666667 0.0421875 0.052083333333333336
11 0.65234375 0.43125 0.0984375 0.09166666666666666
4 0.51875 0.4395833333333333 0.046875 0.05
4 0.20703125 0.4427083333333333 0.0546875 0.05625
3 0.51796875 0.49895833333333334 0.0703125 0.12708333333333333
4 0.81484375 0.5114583333333333 0.0796875 0.06875
9 0.690625 0.5947916666666667 0.128125 0.18958333333333333
9 0.81953125 0.6041666666666666 0.1296875 0.17916666666666667
4 0.93046875 0.6104166666666667 0.1109375 0.12916666666666668
4 0.565625 0.628125 0.09375 0.14791666666666667
4 0.275 0.6875 0.096875 0.1125
4 0.85859375 0.8479166666666667 0.1609375 0.21666666666666667