8 0.51015625 0.31979166666666664 0.0421875 0.06458333333333334
8 0.28984375 0.334375 0.0578125 0.05625
2 0.32890625 0.3572916666666667 0.0640625 0.08125
4 0.47890625 0.36875 0.0328125 0.04583333333333333
10 0.54609375 0.36875 0.0421875 0.0875
10 0.2515625 0.375 0.040625 0.0625
10 0.3703125 0.4 0.04375 0.0625
10 0.621875 0.4010416666666667 0.05 0.07708333333333334
4 0.2390625 0.49375 0.065625 0.08333333333333333
4 0.3359375 0.5135416666666667 0.05 0.06041666666666667
4 0.60390625 0.6625 0.0828125 0.14583333333333334
4 0.753125 0.684375 0.11875 0.14791666666666667