4 0.39375 0.3333333333333333 0.0375 0.03333333333333333
4 0.38515625 0.359375 0.0359375 0.052083333333333336
4 0.52265625 0.38645833333333335 0.0328125 0.052083333333333336
1 0.29375 0.403125 0.08125 0.16041666666666668
4 0.4890625 0.44583333333333336 0.059375 0.075
7 0.61640625 0.4479166666666667 0.0703125 0.12083333333333333
1 0.74765625 0.46145833333333336 0.1515625 0.18541666666666667
1 0.11875 0.49895833333333334 0.13125 0.13541666666666666
4 0.5125 0.5041666666666667 0.075 0.0875
4 0.58984375 0.5125 0.0890625 0.12916666666666668
7 0.7015625 0.5604166666666667 0.09375 0.125
4 0.54296875 0.6 0.0890625 0.14166666666666666
1 0.77421875 0.6104166666666667 0.1734375 0.2708333333333333
4 0.18828125 0.6197916666666666 0.1265625 0.12291666666666666
4 0.58828125 0.7125 0.1109375 0.19166666666666668
1 0.878125 0.7979166666666667 0.24375 0.4041666666666667
4 0.62890625 0.878125 0.1484375 0.24375