5 0.38359375 0.34479166666666666 0.0265625 0.03125
1 0.5546875 0.38229166666666664 0.065625 0.11041666666666666
7 0.60859375 0.38958333333333334 0.0390625 0.05416666666666667
7 0.6421875 0.421875 0.05625 0.07291666666666667
4 0.496875 0.42291666666666666 0.040625 0.04583333333333333
7 0.171875 0.45625 0.071875 0.09166666666666666
4 0.34609375 0.45625 0.0484375 0.05416666666666667
4 0.60234375 0.4822916666666667 0.0546875 0.06458333333333334
4 0.69609375 0.4875 0.0609375 0.07083333333333333
4 0.53984375 0.5354166666666667 0.0640625 0.075
7 0.79296875 0.5489583333333333 0.1015625 0.14791666666666667
4 0.57578125 0.6864583333333333 0.0984375 0.12291666666666666
4 0.74765625 0.7052083333333333 0.1203125 0.15208333333333332