1 0.36328125 0.2916666666666667 0.0453125 0.06666666666666667
7 0.33203125 0.3489583333333333 0.0546875 0.07708333333333334
7 0.38359375 0.359375 0.0546875 0.08541666666666667
1 0.6875 0.39895833333333336 0.10625 0.11041666666666666
4 0.52890625 0.4114583333333333 0.0515625 0.07291666666666667
7 0.590625 0.4125 0.06875 0.10416666666666667
4 0.34296875 0.45416666666666666 0.0640625 0.08333333333333333
4 0.775 0.4635416666666667 0.075 0.09375
4 0.63046875 0.49166666666666664 0.0484375 0.10833333333333334
4 0.5140625 0.5135416666666667 0.071875 0.09375
7 0.69609375 0.51875 0.1265625 0.19583333333333333
4 0.5484375 0.5916666666666667 0.09375 0.10833333333333334
4 0.2984375 0.6135416666666667 0.125 0.16041666666666668
4 0.93828125 0.61875 0.1109375 0.14166666666666666
4 0.57890625 0.7 0.1109375 0.17083333333333334
1 0.83984375 0.7354166666666667 0.3140625 0.4875
1 0.0515625 0.7875 0.096875 0.425
4 0.628125 0.9083333333333333 0.16875 0.18333333333333332