7 0.571875 0.31354166666666666 0.053125 0.05625
7 0.3234375 0.3145833333333333 0.040625 0.0625
7 0.3546875 0.3260416666666667 0.03125 0.04791666666666667
7 0.33671875 0.346875 0.0328125 0.06041666666666667
7 0.60390625 0.35625 0.0515625 0.058333333333333334
4 0.38515625 0.365625 0.0359375 0.035416666666666666
7 0.61953125 0.38958333333333334 0.0734375 0.0875
4 0.503125 0.42083333333333334 0.04375 0.025
7 0.67734375 0.4270833333333333 0.0796875 0.11666666666666667
4 0.51015625 0.446875 0.0640625 0.027083333333333334
7 0.5125 0.4979166666666667 0.0625 0.08333333333333333
7 0.11796875 0.503125 0.1171875 0.15625
1 0.7640625 0.5104166666666666 0.1 0.058333333333333334
7 0.61484375 0.5125 0.0453125 0.125
7 0.67578125 0.546875 0.1171875 0.20208333333333334
4 0.52578125 0.5916666666666667 0.0953125 0.13333333333333333
1 0.91328125 0.6104166666666667 0.1734375 0.21666666666666667
7 0.73359375 0.6302083333333334 0.0515625 0.11875
4 0.56484375 0.684375 0.0953125 0.15208333333333332
7 0.06328125 0.7260416666666667 0.1265625 0.15625
1 0.85703125 0.734375 0.2140625 0.3854166666666667
1 0.92890625 0.8489583333333334 0.1421875 0.3020833333333333
1 0.1640625 0.8833333333333333 0.234375 0.23333333333333334
4 0.6328125 0.9083333333333333 0.1625 0.18333333333333332