5 0.26328125 0.36770833333333336 0.0515625 0.06875
4 0.38203125 0.37604166666666666 0.0515625 0.04791666666666667
4 0.32734375 0.40208333333333335 0.0578125 0.0625
1 0.6765625 0.41875 0.103125 0.125
4 0.60078125 0.4510416666666667 0.0546875 0.07291666666666667
4 0.5140625 0.49583333333333335 0.065625 0.08333333333333333
4 0.61484375 0.49895833333333334 0.0578125 0.07708333333333334
4 0.71796875 0.5 0.0671875 0.10416666666666667
5 0.19296875 0.534375 0.1234375 0.18541666666666667
4 0.53203125 0.54375 0.0734375 0.09583333333333334
4 0.328125 0.5458333333333333 0.090625 0.10833333333333334
5 0.65078125 0.5520833333333334 0.0890625 0.16666666666666666
4 0.775 0.5520833333333334 0.059375 0.08333333333333333
4 0.59296875 0.6208333333333333 0.0921875 0.14583333333333334
1 0.90078125 0.6364583333333333 0.1984375 0.4354166666666667
5 0.76328125 0.6677083333333333 0.1671875 0.29791666666666666
7 0.54375 0.6760416666666667 0.115625 0.21458333333333332
4 0.2796875 0.7145833333333333 0.115625 0.15416666666666667
4 0.65546875 0.971875 0.1828125 0.05625