5 0.31015625 0.35520833333333335 0.0640625 0.09791666666666667
4 0.55859375 0.40625 0.0359375 0.04583333333333333
8 0.6421875 0.41041666666666665 0.078125 0.10833333333333334
5 0.259375 0.41770833333333335 0.096875 0.14375
4 0.4953125 0.41875 0.040625 0.05
4 0.3640625 0.4375 0.046875 0.0625
7 0.1796875 0.4427083333333333 0.065625 0.07708333333333334
4 0.59296875 0.45416666666666666 0.0484375 0.058333333333333334
9 0.10546875 0.50625 0.0921875 0.11666666666666667
4 0.64453125 0.521875 0.0703125 0.08958333333333333
4 0.5515625 0.6083333333333333 0.075 0.11666666666666667
9 0.91640625 0.6885416666666667 0.1609375 0.21458333333333332
4 0.76484375 0.7697916666666667 0.1265625 0.15625
7 0.646875 0.884375 0.153125 0.22291666666666668