4 0.39375 0.33125 0.04375 0.0625
7 0.5234375 0.334375 0.046875 0.07708333333333334
4 0.38515625 0.34375 0.0265625 0.04583333333333333
0 0.6203125 0.346875 0.05625 0.06458333333333334
4 0.48125 0.3697916666666667 0.03125 0.027083333333333334
4 0.53984375 0.37395833333333334 0.0359375 0.05625
7 0.6234375 0.38333333333333336 0.059375 0.06666666666666667
4 0.3671875 0.38958333333333334 0.059375 0.05
4 0.4859375 0.39895833333333336 0.0375 0.03958333333333333
4 0.49296875 0.43125 0.0453125 0.0625
1 0.60546875 0.44583333333333336 0.0890625 0.1375
4 0.509375 0.47604166666666664 0.046875 0.08541666666666667
4 0.725 0.5041666666666667 0.08125 0.08333333333333333
4 0.54921875 0.5989583333333334 0.0828125 0.11875
4 0.6328125 0.8802083333333334 0.128125 0.23958333333333334