7 0.33359375 0.35625 0.0390625 0.05
4 0.3859375 0.35833333333333334 0.034375 0.041666666666666664
1 0.55078125 0.3697916666666667 0.0640625 0.12708333333333333
4 0.48203125 0.38958333333333334 0.0359375 0.041666666666666664
4 0.60390625 0.39375 0.0359375 0.04583333333333333
0 0.6578125 0.3958333333333333 0.071875 0.10833333333333334
7 0.21953125 0.403125 0.0578125 0.07708333333333334
4 0.496875 0.43645833333333334 0.04375 0.06041666666666667
5 0.73125 0.475 0.11875 0.12916666666666668
4 0.62109375 0.484375 0.0546875 0.06875
4 0.51953125 0.50625 0.0609375 0.075
9 0.86015625 0.6291666666666667 0.1828125 0.22916666666666666
4 0.57421875 0.7 0.1015625 0.14583333333333334