2 0.6046875 0.3697916666666667 0.0625 0.09375
9 0.553125 0.38333333333333336 0.05 0.09583333333333334
4 0.4875 0.39791666666666664 0.0375 0.04583333333333333
2 0.66640625 0.421875 0.0984375 0.14375
4 0.4984375 0.43645833333333334 0.04375 0.06041666666666667
4 0.584375 0.44583333333333336 0.05 0.0625
4 0.74765625 0.4583333333333333 0.0609375 0.06666666666666667
4 0.61015625 0.48854166666666665 0.0640625 0.07708333333333334
4 0.5171875 0.490625 0.05 0.07291666666666667
10 0.68046875 0.5447916666666667 0.0890625 0.16875
4 0.56328125 0.5645833333333333 0.0734375 0.10833333333333334
4 0.275 0.6427083333333333 0.09375 0.11875
4 0.7421875 0.6989583333333333 0.121875 0.15208333333333332