4 0.37734375 0.3625 0.0296875 0.03333333333333333
9 0.55 0.38125 0.046875 0.08333333333333333
4 0.48828125 0.3958333333333333 0.0359375 0.05
8 0.6765625 0.421875 0.084375 0.12708333333333333
4 0.73984375 0.4427083333333333 0.0546875 0.06875
4 0.5109375 0.44479166666666664 0.04375 0.06458333333333334
2 0.62734375 0.46041666666666664 0.1015625 0.16666666666666666
4 0.315625 0.553125 0.071875 0.11458333333333333
4 0.55859375 0.6041666666666666 0.0796875 0.1
8 0.89453125 0.609375 0.2109375 0.24791666666666667
10 0.74765625 0.665625 0.1265625 0.20625
4 0.6328125 0.86875 0.13125 0.19583333333333333