4 0.3984375 0.325 0.028125 0.0375
4 0.3546875 0.3333333333333333 0.03125 0.029166666666666667
7 0.2875 0.34375 0.05625 0.0875
1 0.53515625 0.3625 0.0640625 0.10416666666666667
4 0.3796875 0.36875 0.040625 0.05
4 0.63046875 0.40520833333333334 0.0421875 0.06041666666666667
7 0.578125 0.4270833333333333 0.084375 0.125
4 0.66328125 0.434375 0.0578125 0.08125
4 0.509375 0.478125 0.06875 0.08541666666666667
4 0.73671875 0.49166666666666664 0.0734375 0.09583333333333334
4 0.61640625 0.49270833333333336 0.0703125 0.09375
4 0.33359375 0.5125 0.0796875 0.12916666666666668
4 0.53203125 0.5489583333333333 0.0796875 0.10208333333333333
1 0.87890625 0.6135416666666667 0.2421875 0.3020833333333333
4 0.55703125 0.678125 0.1140625 0.18125
4 0.8078125 0.8020833333333334 0.178125 0.225
4 0.66640625 0.9322916666666666 0.1890625 0.13541666666666666