5 0.315625 0.35208333333333336 0.05625 0.09166666666666666
7 0.2703125 0.3645833333333333 0.040625 0.05
4 0.59765625 0.38125 0.0328125 0.04583333333333333
4 0.55 0.38645833333333335 0.034375 0.052083333333333336
9 0.23984375 0.3875 0.0484375 0.07083333333333333
4 0.63828125 0.4166666666666667 0.0484375 0.05416666666666667
4 0.37421875 0.4239583333333333 0.0390625 0.052083333333333336
9 0.2 0.425 0.0625 0.08333333333333333
4 0.50234375 0.45625 0.0484375 0.06666666666666667
4 0.61328125 0.5072916666666667 0.0578125 0.07708333333333334
8 0.74765625 0.509375 0.1453125 0.16458333333333333
9 0.209375 0.515625 0.090625 0.14375
4 0.53125 0.5364583333333334 0.065625 0.08541666666666667
4 0.0640625 0.5625 0.08125 0.1
4 0.3171875 0.5875 0.075 0.1
4 0.71171875 0.6260416666666667 0.0890625 0.10208333333333333
9 0.11796875 0.64375 0.1390625 0.22916666666666666
4 0.8546875 0.8 0.153125 0.1875
4 0.2265625 0.8416666666666667 0.128125 0.14583333333333334