0 0.36796875 0.3020833333333333 0.0328125 0.05416666666666667
4 0.38984375 0.3375 0.0203125 0.0375
1 0.31171875 0.365625 0.0484375 0.07291666666666667
4 0.3828125 0.3729166666666667 0.034375 0.05
1 0.203125 0.4166666666666667 0.09375 0.12083333333333333
4 0.28828125 0.4239583333333333 0.0453125 0.05625
4 0.3671875 0.42916666666666664 0.0625 0.058333333333333334
1 0.5109375 0.4875 0.075 0.08333333333333333
1 0.75546875 0.48854166666666665 0.1109375 0.14791666666666667
1 0.62421875 0.5104166666666666 0.0640625 0.13333333333333333
1 0.66796875 0.546875 0.0953125 0.18958333333333333
4 0.5203125 0.5666666666666667 0.084375 0.10416666666666667
1 0.9265625 0.5875 0.146875 0.20416666666666666
4 0.5546875 0.6135416666666667 0.08125 0.11041666666666666
7 0.74921875 0.6354166666666666 0.0890625 0.15833333333333333
1 0.115625 0.6427083333333333 0.23125 0.3104166666666667
4 0.55859375 0.70625 0.0984375 0.14583333333333334
4 0.28125 0.725 0.13125 0.175
1 0.87578125 0.7729166666666667 0.2484375 0.45416666666666666
4 0.7328125 0.8677083333333333 0.165625 0.25625
4 0.59921875 0.9354166666666667 0.1234375 0.12916666666666668