4 0.371875 0.33645833333333336 0.03125 0.035416666666666666
4 0.3078125 0.3854166666666667 0.04375 0.07083333333333333
1 0.575 0.4 0.0875 0.125
1 0.65546875 0.4 0.0953125 0.125
4 0.4875 0.4270833333333333 0.04375 0.07083333333333333
4 0.5140625 0.43854166666666666 0.05 0.03958333333333333
4 0.7546875 0.47604166666666664 0.075 0.08541666666666667
7 0.25390625 0.48125 0.0703125 0.11666666666666667
4 0.51328125 0.49166666666666664 0.0734375 0.075
1 0.64921875 0.4979166666666667 0.1390625 0.1625
4 0.53515625 0.5625 0.0765625 0.11666666666666667
1 0.02109375 0.65625 0.0421875 0.275
4 0.56484375 0.6666666666666666 0.1015625 0.125
1 0.80625 0.68125 0.315625 0.4625
1 0.9546875 0.7145833333333333 0.090625 0.30416666666666664
4 0.596875 0.8072916666666666 0.1375 0.21041666666666667
4 0.22109375 0.878125 0.1640625 0.20625
4 0.66328125 0.9177083333333333 0.1515625 0.16458333333333333