1 0.23984375 0.3802083333333333 0.0828125 0.13125
4 0.3140625 0.390625 0.0375 0.04791666666666667
9 0.58125 0.40520833333333334 0.059375 0.10208333333333333
4 0.6265625 0.4114583333333333 0.034375 0.06041666666666667
3 0.49140625 0.415625 0.0390625 0.06875
7 0.25546875 0.43854166666666666 0.0484375 0.06041666666666667
10 0.684375 0.43854166666666666 0.053125 0.052083333333333336
9 0.61953125 0.471875 0.0671875 0.08958333333333333
4 0.5125 0.4791666666666667 0.046875 0.06666666666666667
4 0.33203125 0.5083333333333333 0.0640625 0.10416666666666667
8 0.79765625 0.5239583333333333 0.1421875 0.24791666666666667
4 0.2203125 0.5302083333333333 0.0625 0.07291666666666667
4 0.53515625 0.5802083333333333 0.0703125 0.11041666666666666
11 0.73984375 0.61875 0.2515625 0.32083333333333336
4 0.6109375 0.7666666666666667 0.121875 0.17916666666666667
4 0.2765625 0.78125 0.109375 0.1375
4 0.0625 0.8385416666666666 0.125 0.16041666666666668