4 0.4046875 0.29583333333333334 0.021875 0.0375
7 0.34609375 0.3 0.0296875 0.041666666666666664
4 0.375 0.30416666666666664 0.025 0.0375
4 0.3921875 0.3145833333333333 0.025 0.03333333333333333
4 0.34296875 0.3489583333333333 0.0671875 0.05625
7 0.315625 0.39479166666666665 0.084375 0.10625
1 0.6890625 0.4197916666666667 0.11875 0.14791666666666667
4 0.49140625 0.42604166666666665 0.0515625 0.05625
1 0.60390625 0.4270833333333333 0.1328125 0.1875
1 0.1359375 0.48020833333333335 0.1875 0.18958333333333333
4 0.35 0.4979166666666667 0.090625 0.10833333333333334
4 0.525 0.5010416666666667 0.084375 0.08541666666666667
4 0.81484375 0.5177083333333333 0.0890625 0.08541666666666667
1 0.671875 0.528125 0.159375 0.21875
4 0.54921875 0.5708333333333333 0.1234375 0.10833333333333334
7 0.20625 0.5833333333333334 0.146875 0.1875
4 0.5796875 0.6958333333333333 0.153125 0.14583333333333334
1 0.84296875 0.7614583333333333 0.3140625 0.47708333333333336
4 0.24375 0.7979166666666667 0.175 0.22916666666666666
4 0.62578125 0.853125 0.2390625 0.22291666666666668
4 0.6859375 0.9520833333333333 0.190625 0.09583333333333334