4 0.390625 0.3385416666666667 0.03125 0.035416666666666666
7 0.34765625 0.34375 0.0390625 0.05
7 0.27109375 0.35520833333333335 0.0453125 0.06458333333333334
1 0.55703125 0.37395833333333334 0.0640625 0.12708333333333333
4 0.6078125 0.39791666666666664 0.04375 0.05416666666666667
0 0.66796875 0.40625 0.0796875 0.11666666666666667
4 0.48828125 0.415625 0.0359375 0.052083333333333336
4 0.51015625 0.47604166666666664 0.0578125 0.06458333333333334
5 0.7671875 0.509375 0.128125 0.14791666666666667
4 0.64921875 0.534375 0.0703125 0.08541666666666667
4 0.3125 0.5552083333333333 0.071875 0.08958333333333333
4 0.53671875 0.55625 0.0640625 0.0875
4 0.6046875 0.8145833333333333 0.11875 0.1875