4 0.515625 0.28229166666666666 0.009375 0.014583333333333334
1 0.3765625 0.28854166666666664 0.025 0.05625
4 0.34609375 0.296875 0.0234375 0.01875
1 0.490625 0.296875 0.028125 0.04375
4 0.51328125 0.30520833333333336 0.0171875 0.027083333333333334
4 0.4578125 0.30625 0.009375 0.020833333333333332
4 0.54921875 0.30625 0.0171875 0.020833333333333332
4 0.31796875 0.3177083333333333 0.0265625 0.035416666666666666
4 0.396875 0.32395833333333335 0.028125 0.04375
4 0.35390625 0.32708333333333334 0.0296875 0.05
4 0.5078125 0.328125 0.015625 0.03125
4 0.46875 0.32916666666666666 0.03125 0.025
1 0.63515625 0.3697916666666667 0.0828125 0.12291666666666666
1 0.5671875 0.378125 0.065625 0.11041666666666666
4 0.371875 0.390625 0.03125 0.052083333333333336
4 0.30546875 0.3958333333333333 0.0515625 0.0625
0 0.50546875 0.41458333333333336 0.0859375 0.12916666666666668
4 0.70390625 0.415625 0.0453125 0.035416666666666666
1 0.203125 0.4197916666666667 0.08125 0.09791666666666667
4 0.2734375 0.45208333333333334 0.053125 0.10833333333333334
4 0.35859375 0.47604166666666664 0.0515625 0.08958333333333333
4 0.70078125 0.48020833333333335 0.0734375 0.09791666666666667
4 0.809375 0.4947916666666667 0.05 0.03958333333333333
7 0.1953125 0.5260416666666666 0.075 0.12291666666666666
4 0.82265625 0.5645833333333333 0.1078125 0.14583333333333334
4 0.06875 0.7520833333333333 0.115625 0.2708333333333333
4 0.60625 0.784375 0.115625 0.19375
4 0.22265625 0.8572916666666667 0.1453125 0.18541666666666667