7 0.33828125 0.3489583333333333 0.0484375 0.07291666666666667
7 0.3859375 0.35625 0.046875 0.06666666666666667
4 0.534375 0.415625 0.065625 0.08125
7 0.6046875 0.425 0.065625 0.1
4 0.34921875 0.440625 0.0671875 0.07291666666666667
4 0.50078125 0.47291666666666665 0.0546875 0.06666666666666667
4 0.80703125 0.4979166666666667 0.0953125 0.09166666666666666
4 0.52265625 0.5197916666666667 0.0796875 0.09375
7 0.7015625 0.5208333333333334 0.14375 0.2
4 0.30859375 0.571875 0.1046875 0.14791666666666667
4 0.55234375 0.6135416666666667 0.0953125 0.12291666666666666
4 0.9578125 0.6322916666666667 0.084375 0.15208333333333332
4 0.58359375 0.7166666666666667 0.1265625 0.18333333333333332
1 0.83984375 0.75 0.3203125 0.5
1 0.071875 0.7760416666666666 0.140625 0.4479166666666667
4 0.6421875 0.9208333333333333 0.153125 0.15833333333333333