0 0.31875 0.36354166666666665 0.075 0.08541666666666667
4 0.36953125 0.40208333333333335 0.0578125 0.05416666666666667
1 0.7015625 0.44375 0.075 0.125
4 0.33828125 0.48333333333333334 0.0609375 0.07916666666666666
1 0.6171875 0.4947916666666667 0.078125 0.10208333333333333
1 0.509375 0.5291666666666667 0.05625 0.08333333333333333
1 0.67421875 0.5395833333333333 0.0984375 0.17083333333333334
4 0.53671875 0.584375 0.0828125 0.11041666666666666
1 0.02578125 0.61875 0.0515625 0.22083333333333333
1 0.121875 0.625 0.153125 0.225
1 0.7421875 0.6322916666666667 0.09375 0.14791666666666667
4 0.55859375 0.675 0.0953125 0.15
1 0.8515625 0.7020833333333333 0.19375 0.325
7 0.271875 0.725 0.14375 0.18333333333333332
1 0.9140625 0.8270833333333333 0.171875 0.3458333333333333
4 0.7109375 0.8354166666666667 0.140625 0.25833333333333336
4 0.58046875 0.9229166666666667 0.1203125 0.15416666666666667