7 0.33828125 0.3385416666666667 0.0484375 0.07708333333333334
1 0.5296875 0.33958333333333335 0.05 0.09583333333333334
0 0.4796875 0.3541666666666667 0.053125 0.08333333333333333
7 0.2765625 0.36875 0.04375 0.0625
4 0.3671875 0.39895833333333336 0.040625 0.03958333333333333
4 0.640625 0.40208333333333335 0.0375 0.075
4 0.48984375 0.403125 0.0484375 0.05625
1 0.5890625 0.4270833333333333 0.096875 0.175
1 0.7078125 0.45208333333333334 0.125 0.1625
4 0.2515625 0.46770833333333334 0.05625 0.06458333333333334
4 0.33828125 0.5208333333333334 0.0671875 0.07916666666666666
4 0.2046875 0.5302083333333333 0.0875 0.13125
7 0.05703125 0.5760416666666667 0.1140625 0.15208333333333332
4 0.540625 0.5770833333333333 0.06875 0.1125
7 0.8921875 0.5895833333333333 0.175 0.175
4 0.7328125 0.6458333333333334 0.09375 0.15416666666666667
1 0.88828125 0.8072916666666666 0.2234375 0.3854166666666667
4 0.171875 0.9239583333333333 0.190625 0.15208333333333332