1 0.3734375 0.29583333333333334 0.03125 0.05416666666666667
6 0.4046875 0.3020833333333333 0.021875 0.029166666666666667
7 0.3390625 0.30416666666666664 0.028125 0.041666666666666664
4 0.39375 0.3229166666666667 0.025 0.0375
4 0.37734375 0.365625 0.0359375 0.04375
1 0.23671875 0.38229166666666664 0.0765625 0.11041666666666666
7 0.553125 0.3875 0.046875 0.0875
7 0.6671875 0.4010416666666667 0.09375 0.14375
4 0.57109375 0.4239583333333333 0.0328125 0.052083333333333336
7 0.34453125 0.4427083333333333 0.0484375 0.07291666666666667
4 0.5953125 0.4479166666666667 0.04375 0.06666666666666667
4 0.50234375 0.4625 0.0390625 0.0625
7 0.72578125 0.48541666666666666 0.0921875 0.15416666666666667
4 0.5171875 0.4947916666666667 0.059375 0.08125
7 0.21640625 0.4979166666666667 0.0890625 0.12916666666666668
7 0.62265625 0.509375 0.0671875 0.13541666666666666
4 0.53046875 0.534375 0.0640625 0.08541666666666667
7 0.66796875 0.5489583333333333 0.1078125 0.20208333333333334
4 0.55859375 0.5770833333333333 0.0703125 0.10416666666666667
7 0.5359375 0.6229166666666667 0.08125 0.15833333333333333
7 0.9203125 0.6270833333333333 0.159375 0.22916666666666666
7 0.76484375 0.6510416666666666 0.0984375 0.16041666666666668
1 0.86328125 0.734375 0.2296875 0.38958333333333334
4 0.5734375 0.7416666666666667 0.1 0.175
4 0.61328125 0.8614583333333333 0.1359375 0.20625
4 0.228125 0.8625 0.134375 0.16666666666666666
4 0.64296875 0.9510416666666667 0.1515625 0.09791666666666667