7 0.35 0.28958333333333336 0.046875 0.05416666666666667
4 0.3953125 0.3302083333333333 0.0375 0.03958333333333333
7 0.6 0.3625 0.046875 0.07916666666666666
1 0.559375 0.396875 0.075 0.11875
4 0.5046875 0.45 0.05625 0.07083333333333333
4 0.5203125 0.540625 0.065625 0.12291666666666666
4 0.81796875 0.575 0.1046875 0.12916666666666668
7 0.73125 0.640625 0.153125 0.26875
4 0.9296875 0.69375 0.140625 0.17083333333333334
4 0.603125 0.7479166666666667 0.13125 0.225
4 0.2359375 0.75625 0.159375 0.18333333333333332
4 0.89765625 0.9052083333333333 0.2046875 0.18958333333333333
4 0.68046875 0.9520833333333333 0.1234375 0.09583333333333334