4 0.47578125 0.35208333333333336 0.0296875 0.041666666666666664
4 0.36953125 0.3614583333333333 0.0328125 0.03958333333333333
4 0.49453125 0.38645833333333335 0.0359375 0.052083333333333336
4 0.30703125 0.403125 0.0390625 0.052083333333333336
4 0.35859375 0.40625 0.0390625 0.05
4 0.51796875 0.4395833333333333 0.0515625 0.0625
4 0.6640625 0.5447916666666667 0.075 0.09375
0 0.1609375 0.575 0.18125 0.25833333333333336
8 0.0375 0.5895833333333333 0.075 0.19583333333333333
4 0.85546875 0.8166666666666667 0.1640625 0.225
4 0.67421875 0.8833333333333333 0.1390625 0.23333333333333334