7 0.353125 0.2864583333333333 0.034375 0.05625
4 0.40390625 0.309375 0.0203125 0.027083333333333334
0 0.609375 0.34375 0.053125 0.075
7 0.52734375 0.3458333333333333 0.0328125 0.0625
7 0.609375 0.36875 0.05 0.07083333333333333
4 0.48203125 0.38645833333333335 0.0328125 0.03958333333333333
1 0.57578125 0.40208333333333335 0.0796875 0.10833333333333334
0 0.4984375 0.425 0.04375 0.07083333333333333
4 0.515625 0.4666666666666667 0.05625 0.07916666666666666
4 0.3296875 0.4979166666666667 0.065625 0.08333333333333333
4 0.540625 0.58125 0.071875 0.11666666666666667
4 0.9125 0.6510416666666666 0.1125 0.13541666666666666
1 0.803125 0.7520833333333333 0.19375 0.3375
4 0.63125 0.8520833333333333 0.14375 0.24166666666666667