7 0.35390625 0.32916666666666666 0.0328125 0.06666666666666667
4 0.38515625 0.3614583333333333 0.0421875 0.04791666666666667
7 0.31484375 0.3697916666666667 0.0453125 0.07291666666666667
7 0.62109375 0.38333333333333336 0.0515625 0.09166666666666666
7 0.55234375 0.3885416666666667 0.0515625 0.08958333333333333
7 0.28671875 0.39375 0.0546875 0.0625
7 0.66171875 0.40520833333333334 0.0734375 0.10208333333333333
7 0.5921875 0.4375 0.040625 0.04583333333333333
4 0.3546875 0.4625 0.053125 0.08333333333333333
7 0.62421875 0.5135416666666667 0.0609375 0.12708333333333333
1 0.86484375 0.5302083333333333 0.1578125 0.11041666666666666
7 0.66953125 0.5458333333333333 0.0921875 0.175
4 0.521875 0.5666666666666667 0.065625 0.1
4 0.5515625 0.64375 0.096875 0.16666666666666666
7 0.74453125 0.64375 0.0671875 0.14166666666666666
1 0.8515625 0.6989583333333333 0.203125 0.3229166666666667
1 0.92734375 0.846875 0.1453125 0.30625
4 0.60234375 0.8510416666666667 0.1328125 0.23958333333333334