1 0.328125 0.33125 0.05 0.0375
4 0.38515625 0.3572916666666667 0.0421875 0.027083333333333334
1 0.259375 0.36770833333333336 0.06875 0.08541666666666667
4 0.32578125 0.36875 0.0359375 0.029166666666666667
1 0.28359375 0.4197916666666667 0.0671875 0.11041666666666666
4 0.36015625 0.43125 0.0515625 0.07916666666666666
1 0.79453125 0.5072916666666667 0.1296875 0.13958333333333334
7 0.61640625 0.5083333333333333 0.0671875 0.14166666666666666
7 0.66875 0.553125 0.09375 0.19375
4 0.52109375 0.56875 0.0578125 0.11666666666666667
4 0.55078125 0.603125 0.0828125 0.08958333333333333
7 0.1140625 0.6041666666666666 0.14375 0.22916666666666666
1 0.95234375 0.6125 0.0953125 0.21666666666666667
4 0.29765625 0.63125 0.0984375 0.12083333333333333
7 0.74921875 0.6427083333333333 0.0859375 0.16041666666666668
4 0.56484375 0.7166666666666667 0.0984375 0.14166666666666666
1 0.859375 0.7385416666666667 0.209375 0.40208333333333335
7 0.0234375 0.7864583333333334 0.046875 0.28125
1 0.925 0.8447916666666667 0.15 0.3104166666666667
4 0.73671875 0.8635416666666667 0.1859375 0.27291666666666664