4 0.34609375 0.35208333333333336 0.0265625 0.0375
7 0.2421875 0.37604166666666666 0.046875 0.07291666666666667
4 0.57421875 0.41875 0.0265625 0.041666666666666664
4 0.36640625 0.43020833333333336 0.0453125 0.06041666666666667
1 0.6671875 0.4354166666666667 0.096875 0.14166666666666666
4 0.6 0.44895833333333335 0.053125 0.06458333333333334
4 0.5140625 0.45208333333333334 0.05 0.041666666666666664
4 0.2921875 0.48125 0.059375 0.05416666666666667
4 0.51875 0.49583333333333335 0.0625 0.07916666666666666
7 0.6359375 0.5208333333333334 0.075 0.1375
4 0.53203125 0.5229166666666667 0.0546875 0.07083333333333333
4 0.58671875 0.6114583333333333 0.0828125 0.12291666666666666
7 0.7234375 0.6145833333333334 0.125 0.23333333333333334
1 0.89453125 0.6302083333333334 0.2109375 0.41458333333333336
7 0.5421875 0.6541666666666667 0.090625 0.17916666666666667
7 0.07578125 0.74375 0.1078125 0.3541666666666667
4 0.23515625 0.83125 0.1890625 0.17916666666666667
4 0.62109375 0.909375 0.1515625 0.17708333333333334