8 0.62109375 0.3729166666666667 0.0578125 0.0875
2 0.56796875 0.38333333333333336 0.0640625 0.1
4 0.23515625 0.4114583333333333 0.0421875 0.052083333333333336
4 0.36953125 0.41354166666666664 0.0484375 0.06041666666666667
4 0.50625 0.4479166666666667 0.05 0.05416666666666667
8 0.70390625 0.45208333333333334 0.1078125 0.15
10 0.60234375 0.46875 0.0515625 0.10833333333333334
4 0.5203125 0.5125 0.059375 0.075
4 0.8125 0.515625 0.06875 0.07708333333333334
9 0.67578125 0.5364583333333334 0.1171875 0.20625
4 0.9546875 0.6354166666666666 0.090625 0.12916666666666668
4 0.56875 0.6427083333333333 0.0875 0.13541666666666666
4 0.2765625 0.6625 0.096875 0.12083333333333333
9 0.80859375 0.73125 0.1890625 0.325