1 0.26796875 0.35 0.0640625 0.0875
1 0.6796875 0.43020833333333336 0.071875 0.14791666666666667
7 0.26796875 0.43333333333333335 0.0921875 0.13333333333333333
4 0.35859375 0.4395833333333333 0.0734375 0.1125
1 0.6125 0.4395833333333333 0.075 0.15416666666666667
4 0.18203125 0.47708333333333336 0.1015625 0.11666666666666667
4 0.77265625 0.47708333333333336 0.0640625 0.08333333333333333
0 0.5375 0.48854166666666665 0.11875 0.19375
4 0.31875 0.5802083333333333 0.1 0.13541666666666666
7 0.1625 0.596875 0.121875 0.16458333333333333
4 0.8140625 0.6052083333333333 0.1 0.16041666666666668
4 0.9296875 0.61875 0.1 0.11666666666666667
7 0.97421875 0.7541666666666667 0.0515625 0.25833333333333336
4 0.26640625 0.828125 0.1703125 0.19791666666666666