2 0.534375 0.35833333333333334 0.0625 0.0875
8 0.6625 0.3875 0.1 0.1125
4 0.29140625 0.41354166666666664 0.0421875 0.06458333333333334
4 0.35234375 0.41458333333333336 0.0453125 0.05416666666666667
4 0.490625 0.4354166666666667 0.05 0.0625
2 0.58515625 0.4354166666666667 0.0828125 0.15833333333333333
4 0.509375 0.45208333333333334 0.04375 0.0375
4 0.71640625 0.490625 0.0359375 0.06458333333333334
8 0.65546875 0.5 0.1234375 0.22916666666666666
4 0.51484375 0.50625 0.0640625 0.0875
4 0.7609375 0.5260416666666666 0.065625 0.07291666666666667
4 0.3203125 0.553125 0.06875 0.08541666666666667
4 0.79453125 0.55625 0.0671875 0.058333333333333334
4 0.16015625 0.56875 0.0859375 0.09166666666666666
4 0.5515625 0.5729166666666666 0.096875 0.12083333333333333
4 0.69375 0.6145833333333334 0.0875 0.1375
4 0.559375 0.6552083333333333 0.096875 0.11875
4 0.58046875 0.75625 0.1171875 0.17083333333333334
8 0.86328125 0.7708333333333334 0.2609375 0.39166666666666666
4 0.63203125 0.86875 0.1390625 0.20833333333333334