4 0.38984375 0.3260416666666667 0.0234375 0.027083333333333334
4 0.50546875 0.32916666666666666 0.0234375 0.03333333333333333
9 0.5375 0.34479166666666666 0.040625 0.08125
10 0.278125 0.35625 0.040625 0.058333333333333334
4 0.47421875 0.3572916666666667 0.0328125 0.04375
8 0.315625 0.3625 0.059375 0.0875
4 0.3484375 0.4322916666666667 0.046875 0.05625
4 0.52578125 0.5166666666666667 0.0671875 0.10416666666666667
8 0.15390625 0.5583333333333333 0.1734375 0.23333333333333334
4 0.6859375 0.59375 0.1 0.12916666666666668
4 0.2734375 0.6822916666666666 0.10625 0.14791666666666667