7 0.31796875 0.31875 0.0328125 0.0625
7 0.34765625 0.328125 0.0328125 0.04791666666666667
7 0.33203125 0.3458333333333333 0.0328125 0.05
4 0.3828125 0.3729166666666667 0.03125 0.0375
7 0.63125 0.39375 0.05625 0.09583333333333334
7 0.67578125 0.4166666666666667 0.0796875 0.10416666666666667
4 0.590625 0.43645833333333334 0.0375 0.035416666666666666
1 0.7578125 0.5010416666666667 0.10625 0.10208333333333333
7 0.5125 0.503125 0.05625 0.10625
7 0.63671875 0.5083333333333333 0.0953125 0.125
7 0.0875 0.5395833333333333 0.13125 0.1625
7 0.6765625 0.5614583333333333 0.103125 0.21875
4 0.52421875 0.5927083333333333 0.0796875 0.11041666666666666
7 0.74296875 0.6375 0.0609375 0.14583333333333334
4 0.57421875 0.66875 0.0984375 0.1375
1 0.8484375 0.7072916666666667 0.2 0.33958333333333335
1 0.92890625 0.834375 0.1421875 0.33125
4 0.62734375 0.9104166666666667 0.1421875 0.17916666666666667