0 0.4671875 0.32708333333333334 0.040625 0.0625
0 0.51875 0.3385416666666667 0.040625 0.06875
4 0.47578125 0.3572916666666667 0.0359375 0.03125
0 0.54375 0.3697916666666667 0.05625 0.08958333333333333
4 0.3734375 0.375 0.034375 0.04583333333333333
4 0.31953125 0.3802083333333333 0.0328125 0.03958333333333333
4 0.4796875 0.38333333333333336 0.03125 0.0375
8 0.66015625 0.396875 0.0953125 0.11875
4 0.49296875 0.40729166666666666 0.0390625 0.03125
4 0.54609375 0.4197916666666667 0.0234375 0.052083333333333336
0 0.59453125 0.440625 0.0953125 0.16458333333333333
4 0.49921875 0.4479166666666667 0.0515625 0.05416666666666667
4 0.51328125 0.4864583333333333 0.0609375 0.06041666666666667
4 0.52421875 0.5302083333333333 0.0671875 0.08125
8 0.703125 0.5447916666666667 0.15 0.24791666666666667
4 0.7828125 0.5458333333333333 0.059375 0.1
4 0.54140625 0.58125 0.0796875 0.1
0 0.0359375 0.6208333333333333 0.071875 0.25
4 0.2984375 0.6375 0.084375 0.10416666666666667
4 0.8625 0.6479166666666667 0.1 0.125
4 0.5984375 0.7447916666666666 0.125 0.20625
4 0.9328125 0.9104166666666667 0.134375 0.175