9 0.54609375 0.3729166666666667 0.0421875 0.07916666666666666
4 0.4859375 0.39479166666666665 0.034375 0.04375
11 0.6296875 0.4041666666666667 0.084375 0.0875
4 0.5109375 0.409375 0.03125 0.03958333333333333
4 0.73125 0.4479166666666667 0.05625 0.06666666666666667
3 0.50390625 0.45416666666666666 0.0546875 0.10416666666666667
7 0.23671875 0.4791666666666667 0.0890625 0.1375
4 0.796875 0.496875 0.06875 0.07708333333333334
9 0.64140625 0.5208333333333334 0.0953125 0.15416666666666667
4 0.1171875 0.5229166666666667 0.08125 0.075
4 0.5375 0.546875 0.071875 0.10625
9 0.76640625 0.546875 0.1046875 0.13958333333333334
10 0.925 0.68125 0.140625 0.18333333333333332
4 0.746875 0.684375 0.1125 0.14791666666666667
4 0.5953125 0.7427083333333333 0.121875 0.18541666666666667