4 0.3125 0.3260416666666667 0.0375 0.04791666666666667
1 0.59765625 0.34375 0.0515625 0.1
1 0.540625 0.3572916666666667 0.059375 0.11041666666666666
0 0.48671875 0.365625 0.0546875 0.09791666666666667
4 0.63515625 0.36770833333333336 0.0359375 0.052083333333333336
4 0.38203125 0.371875 0.0328125 0.04791666666666667
4 0.24609375 0.3875 0.0515625 0.08333333333333333
4 0.3015625 0.39479166666666665 0.040625 0.08125
4 0.359375 0.42604166666666665 0.053125 0.06041666666666667
4 0.51015625 0.4708333333333333 0.0484375 0.07916666666666666
1 0.6453125 0.5052083333333334 0.134375 0.22291666666666668
1 0.8 0.5260416666666666 0.178125 0.23125
4 0.2015625 0.940625 0.165625 0.11875