4 0.3734375 0.37083333333333335 0.03125 0.0375
4 0.4828125 0.3875 0.034375 0.041666666666666664
5 0.19609375 0.4 0.0921875 0.12916666666666668
4 0.55546875 0.41354166666666664 0.0421875 0.06041666666666667
4 0.49453125 0.43854166666666666 0.0421875 0.06458333333333334
4 0.35625 0.4395833333333333 0.04375 0.06666666666666667
9 0.61171875 0.459375 0.0734375 0.12291666666666666
4 0.73125 0.525 0.075 0.09166666666666666
4 0.5484375 0.5520833333333334 0.065625 0.1
4 0.2 0.78125 0.121875 0.14166666666666666
4 0.8171875 0.7895833333333333 0.1375 0.18333333333333332
4 0.6203125 0.8041666666666667 0.115625 0.17916666666666667