1 0.54765625 0.35520833333333335 0.0578125 0.09375
4 0.384375 0.36666666666666664 0.040625 0.058333333333333334
7 0.26640625 0.37395833333333334 0.0390625 0.06041666666666667
4 0.48828125 0.4010416666666667 0.0421875 0.04791666666666667
4 0.30234375 0.41041666666666665 0.0453125 0.06666666666666667
1 0.5828125 0.42083333333333334 0.078125 0.12916666666666668
4 0.35390625 0.4479166666666667 0.0453125 0.0625
4 0.5 0.4510416666666667 0.053125 0.04791666666666667
1 0.74609375 0.4791666666666667 0.0828125 0.14583333333333334
4 0.51484375 0.503125 0.0640625 0.08958333333333333
1 0.66953125 0.5114583333333333 0.1578125 0.23125
4 0.54296875 0.6135416666666667 0.0984375 0.12708333333333333
4 0.2671875 0.6354166666666666 0.109375 0.12916666666666668
7 0.88203125 0.65 0.1734375 0.2125
4 0.57265625 0.7145833333333333 0.0984375 0.15833333333333333
4 0.04453125 0.8364583333333333 0.0828125 0.15625
4 0.62734375 0.8427083333333333 0.1421875 0.20625
4 0.92109375 0.9322916666666666 0.1578125 0.13541666666666666
4 0.6828125 0.9625 0.14375 0.075