4 0.48671875 0.3770833333333333 0.0328125 0.041666666666666664
4 0.315625 0.390625 0.0375 0.04375
4 0.5671875 0.41041666666666665 0.040625 0.05416666666666667
4 0.3625 0.41354166666666664 0.040625 0.03958333333333333
4 0.52265625 0.45416666666666666 0.0453125 0.07083333333333333
4 0.27421875 0.45625 0.0515625 0.0625
10 0.73671875 0.5010416666666667 0.0703125 0.12291666666666666
9 0.67109375 0.5197916666666667 0.0984375 0.18125
4 0.58984375 0.6395833333333333 0.0796875 0.12083333333333333
4 0.2171875 0.790625 0.13125 0.15625
4 0.64453125 0.8979166666666667 0.1515625 0.20416666666666666