2 0.546875 0.365625 0.0625 0.08958333333333333
4 0.48046875 0.39479166666666665 0.0328125 0.04375
4 0.48828125 0.40729166666666666 0.0328125 0.03125
4 0.553125 0.41354166666666664 0.040625 0.04375
4 0.49765625 0.434375 0.0515625 0.05625
4 0.5734375 0.45625 0.05 0.058333333333333334
4 0.51015625 0.48333333333333334 0.0515625 0.08333333333333333
4 0.32578125 0.4979166666666667 0.0609375 0.075
4 0.7546875 0.540625 0.059375 0.09791666666666667
2 0.67578125 0.5489583333333333 0.1578125 0.24791666666666667
4 0.54296875 0.584375 0.0828125 0.10625
4 0.5859375 0.7333333333333333 0.109375 0.14166666666666666
8 0.8890625 0.7802083333333333 0.221875 0.4395833333333333