5 0.2625 0.3416666666666667 0.0625 0.0625
4 0.38359375 0.37916666666666665 0.0328125 0.041666666666666664
4 0.5578125 0.4010416666666667 0.03125 0.03958333333333333
1 0.18671875 0.40625 0.0734375 0.09166666666666666
5 0.265625 0.4125 0.09375 0.14583333333333334
4 0.58515625 0.43645833333333334 0.0484375 0.06041666666666667
4 0.5125 0.47708333333333336 0.05 0.075
9 0.7359375 0.5166666666666667 0.09375 0.12916666666666668
5 0.153125 0.5375 0.178125 0.25
4 0.63125 0.5416666666666666 0.065625 0.07916666666666666
4 0.5515625 0.5770833333333333 0.075 0.1125
7 0.03515625 0.5854166666666667 0.0703125 0.12916666666666668
9 0.72734375 0.6427083333333333 0.1390625 0.18125
4 0.275 0.7229166666666667 0.10625 0.15