7 0.35234375 0.32395833333333335 0.0390625 0.07291666666666667
1 0.590625 0.3375 0.059375 0.08333333333333333
7 0.3078125 0.3385416666666667 0.040625 0.052083333333333336
1 0.5359375 0.3458333333333333 0.05625 0.1
0 0.484375 0.36770833333333336 0.05625 0.10208333333333333
4 0.3765625 0.3875 0.04375 0.05416666666666667
7 0.29375 0.40625 0.053125 0.07916666666666666
7 0.221875 0.41354166666666664 0.05625 0.08541666666666667
4 0.4984375 0.43854166666666666 0.05625 0.07708333333333334
4 0.346875 0.4625 0.059375 0.06666666666666667
4 0.63671875 0.4864583333333333 0.1265625 0.21875
4 0.77578125 0.5114583333333333 0.1546875 0.21041666666666667
4 0.64609375 0.8635416666666667 0.1515625 0.23541666666666666
4 0.928125 0.90625 0.14375 0.1875