9 0.61328125 0.3885416666666667 0.0453125 0.08958333333333333
4 0.48984375 0.40208333333333335 0.0359375 0.05
4 0.5640625 0.4239583333333333 0.05 0.05625
8 0.690625 0.4354166666666667 0.115625 0.16666666666666666
9 0.584375 0.45 0.05 0.08333333333333333
4 0.5078125 0.46979166666666666 0.05 0.06041666666666667
7 0.1203125 0.48333333333333334 0.096875 0.125
9 0.6546875 0.5322916666666667 0.0875 0.14791666666666667
4 0.53828125 0.553125 0.0734375 0.10625
8 0.90859375 0.6197916666666666 0.1828125 0.22708333333333333
4 0.29375 0.6375 0.0875 0.09583333333333334
1 0.09921875 0.7177083333333333 0.1984375 0.36041666666666666
4 0.63984375 0.8177083333333334 0.1296875 0.19791666666666666