9 0.61953125 0.40208333333333335 0.0484375 0.07083333333333333
4 0.35234375 0.421875 0.0421875 0.05625
4 0.5015625 0.42916666666666664 0.040625 0.05416666666666667
9 0.58046875 0.4395833333333333 0.0578125 0.0875
5 0.13203125 0.45625 0.1359375 0.15416666666666667
4 0.2375 0.4895833333333333 0.059375 0.0875
4 0.515625 0.509375 0.0625 0.09375
4 0.71328125 0.628125 0.1015625 0.12708333333333333
5 0.08671875 0.7104166666666667 0.1734375 0.4166666666666667
4 0.58671875 0.7229166666666667 0.1078125 0.16666666666666666
4 0.22890625 0.9072916666666667 0.1546875 0.18541666666666667