9 0.6171875 0.396875 0.046875 0.06458333333333334
4 0.50078125 0.42604166666666665 0.0421875 0.05625
9 0.578125 0.43125 0.05625 0.07916666666666666
4 0.34921875 0.43333333333333335 0.0453125 0.058333333333333334
5 0.11875 0.46770833333333334 0.146875 0.16458333333333333
4 0.5125 0.503125 0.0625 0.09375
7 0.22421875 0.5083333333333333 0.0640625 0.09166666666666666
4 0.7 0.6072916666666667 0.096875 0.12291666666666666
4 0.578125 0.6927083333333334 0.1 0.15208333333333332
5 0.078125 0.75 0.15625 0.4708333333333333
9 0.89609375 0.83125 0.2046875 0.3375