4 0.3328125 0.36354166666666665 0.034375 0.04375
4 0.38046875 0.365625 0.0328125 0.03958333333333333
5 0.2375 0.3802083333333333 0.0625 0.09791666666666667
4 0.3140625 0.38958333333333334 0.0375 0.041666666666666664
7 0.5578125 0.39166666666666666 0.053125 0.0875
4 0.49453125 0.39791666666666664 0.0359375 0.03333333333333333
4 0.63515625 0.4041666666666667 0.0390625 0.05
4 0.49140625 0.42291666666666666 0.0328125 0.041666666666666664
4 0.6671875 0.434375 0.05 0.04791666666666667
4 0.584375 0.4375 0.04375 0.05
4 0.50625 0.45416666666666666 0.046875 0.05416666666666667
4 0.51484375 0.4895833333333333 0.0453125 0.07083333333333333
4 0.33203125 0.496875 0.0578125 0.06041666666666667
5 0.79765625 0.528125 0.1671875 0.18958333333333333
4 0.5375 0.5958333333333333 0.075 0.11666666666666667
4 0.70546875 0.6416666666666667 0.0984375 0.125
7 0.92265625 0.7041666666666667 0.1296875 0.15
4 0.59765625 0.75 0.1015625 0.15