4 0.3 0.34270833333333334 0.021875 0.035416666666666666
4 0.33984375 0.34479166666666666 0.0234375 0.03958333333333333
4 0.38984375 0.34791666666666665 0.0296875 0.03333333333333333
4 0.60859375 0.4 0.0359375 0.058333333333333334
4 0.503125 0.41875 0.0375 0.058333333333333334
4 0.35234375 0.4479166666666667 0.0578125 0.07916666666666666
4 0.51328125 0.475 0.0484375 0.06666666666666667
4 0.6953125 0.4791666666666667 0.059375 0.07083333333333333
4 0.6234375 0.5052083333333334 0.05625 0.08541666666666667
10 0.8203125 0.5625 0.121875 0.19166666666666668
4 0.54453125 0.5760416666666667 0.0703125 0.11458333333333333
4 0.6734375 0.5770833333333333 0.084375 0.1125
9 0.78203125 0.7052083333333333 0.1609375 0.2604166666666667
4 0.16796875 0.925 0.1859375 0.15