1 0.54453125 0.359375 0.0640625 0.11875
4 0.478125 0.36770833333333336 0.040625 0.052083333333333336
4 0.37890625 0.3729166666666667 0.0421875 0.058333333333333334
7 0.25703125 0.38333333333333336 0.0421875 0.07083333333333333
4 0.4875 0.4041666666666667 0.04375 0.0375
1 0.584375 0.415625 0.071875 0.11458333333333333
4 0.290625 0.43333333333333335 0.046875 0.058333333333333334
4 0.5015625 0.44895833333333335 0.05 0.035416666666666666
1 0.7265625 0.46041666666666664 0.10625 0.1375
4 0.33515625 0.49270833333333336 0.0671875 0.06875
1 0.64921875 0.49583333333333335 0.1390625 0.2375
4 0.5140625 0.50625 0.05625 0.09583333333333334
4 0.540625 0.596875 0.09375 0.10625
7 0.86640625 0.625 0.1578125 0.18333333333333332
4 0.565625 0.696875 0.096875 0.15208333333333332
4 0.2484375 0.7125 0.1375 0.17916666666666667
4 0.6234375 0.8239583333333333 0.134375 0.19791666666666666
4 0.915625 0.9083333333333333 0.165625 0.18333333333333332
4 0.68125 0.95625 0.140625 0.0875