1 0.36015625 0.29791666666666666 0.0484375 0.07916666666666666
4 0.39765625 0.31875 0.0296875 0.0375
4 0.30546875 0.3385416666666667 0.0359375 0.04375
4 0.28828125 0.36041666666666666 0.0359375 0.0375
7 0.55078125 0.3802083333333333 0.0578125 0.09375
1 0.63828125 0.38645833333333335 0.0984375 0.10625
4 0.49140625 0.39791666666666664 0.0390625 0.05416666666666667
4 0.69765625 0.4083333333333333 0.0359375 0.075
4 0.4984375 0.4197916666666667 0.0375 0.03958333333333333
4 0.5703125 0.425 0.040625 0.0625
7 0.2734375 0.43020833333333336 0.09375 0.12708333333333333
4 0.5953125 0.44895833333333335 0.046875 0.08125
4 0.50703125 0.459375 0.0453125 0.07291666666666667
1 0.796875 0.48125 0.20625 0.25
4 0.51875 0.49270833333333336 0.059375 0.09375
7 0.625 0.5041666666666667 0.084375 0.1625
4 0.5359375 0.5260416666666666 0.065625 0.08958333333333333
7 0.66875 0.5479166666666667 0.1125 0.20833333333333334
4 0.5578125 0.5677083333333334 0.06875 0.13125
7 0.5390625 0.6291666666666667 0.1 0.17083333333333334
7 0.746875 0.6375 0.075 0.15
1 0.94453125 0.690625 0.1109375 0.3229166666666667
4 0.5828125 0.7364583333333333 0.109375 0.18958333333333333
1 0.865625 0.740625 0.253125 0.45208333333333334
4 0.61640625 0.8802083333333334 0.1453125 0.23958333333333334