0 0.38046875 0.2916666666666667 0.0359375 0.058333333333333334
7 0.328125 0.33125 0.05 0.0375
4 0.38671875 0.3614583333333333 0.0453125 0.04375
1 0.259375 0.36770833333333336 0.06875 0.08541666666666667
4 0.32578125 0.36875 0.0359375 0.029166666666666667
4 0.36015625 0.43125 0.0515625 0.07916666666666666
1 0.2796875 0.43645833333333334 0.1 0.14375
7 0.68515625 0.45729166666666665 0.0859375 0.10208333333333333
7 0.50703125 0.503125 0.0703125 0.10625
1 0.79453125 0.5072916666666667 0.1296875 0.13958333333333334
7 0.6171875 0.5114583333333333 0.071875 0.14791666666666667
7 0.90703125 0.5239583333333333 0.0640625 0.18125
4 0.8734375 0.5364583333333334 0.065625 0.09375
7 0.66875 0.553125 0.09375 0.19375
4 0.52109375 0.56875 0.0578125 0.11666666666666667
1 0.95546875 0.5979166666666667 0.0890625 0.19166666666666668
4 0.55078125 0.603125 0.0828125 0.08958333333333333
7 0.0828125 0.6354166666666666 0.14375 0.22916666666666666
7 0.74921875 0.6427083333333333 0.0859375 0.16041666666666668
4 0.271875 0.6739583333333333 0.121875 0.14791666666666667
4 0.56640625 0.73125 0.1109375 0.175
1 0.859375 0.7385416666666667 0.209375 0.40208333333333335
1 0.925 0.8447916666666667 0.15 0.3104166666666667
4 0.73203125 0.8635416666666667 0.1984375 0.27291666666666664