4 0.34765625 0.353125 0.0265625 0.03958333333333333
5 0.278125 0.3572916666666667 0.053125 0.08125
4 0.36640625 0.396875 0.0328125 0.04375
4 0.49296875 0.40208333333333335 0.0421875 0.041666666666666664
7 0.56796875 0.409375 0.0578125 0.09791666666666667
4 0.65625 0.4197916666666667 0.04375 0.04791666666666667
4 0.4890625 0.42604166666666665 0.034375 0.04791666666666667
4 0.50625 0.4583333333333333 0.046875 0.0625
4 0.71015625 0.4635416666666667 0.0546875 0.06875
4 0.603125 0.4739583333333333 0.05 0.06458333333333334
4 0.5234375 0.525 0.05625 0.07916666666666666
5 0.85234375 0.5854166666666667 0.2046875 0.22916666666666666
4 0.55078125 0.6427083333333333 0.0953125 0.13541666666666666
4 0.2890625 0.6479166666666667 0.1 0.125
4 0.76796875 0.740625 0.1296875 0.16875
4 0.63984375 0.890625 0.1359375 0.19791666666666666