7 0.2859375 0.33958333333333335 0.04375 0.06666666666666667
4 0.37890625 0.37083333333333335 0.0390625 0.041666666666666664
1 0.30546875 0.38958333333333334 0.0734375 0.09583333333333334
10 0.55859375 0.3958333333333333 0.0453125 0.0875
4 0.48828125 0.40729166666666666 0.0421875 0.04375
9 0.671875 0.43333333333333335 0.06875 0.10833333333333334
4 0.5109375 0.45 0.053125 0.075
4 0.60859375 0.48541666666666666 0.0515625 0.075
8 0.8046875 0.5239583333333333 0.2 0.24375
9 0.6671875 0.55625 0.096875 0.1625
4 0.54140625 0.5958333333333333 0.0734375 0.10833333333333334
9 0.86015625 0.8239583333333333 0.2109375 0.35208333333333336
4 0.6515625 0.8739583333333333 0.159375 0.24791666666666667