4 0.3953125 0.32395833333333335 0.021875 0.03125
4 0.38828125 0.34791666666666665 0.0296875 0.041666666666666664
8 0.3265625 0.3489583333333333 0.05 0.07708333333333334
4 0.52265625 0.3614583333333333 0.0296875 0.04375
4 0.47265625 0.37916666666666665 0.0359375 0.05
9 0.30234375 0.384375 0.0546875 0.08958333333333333
4 0.3703125 0.4041666666666667 0.040625 0.04583333333333333
4 0.578125 0.428125 0.05 0.07708333333333334
4 0.33828125 0.47291666666666665 0.0578125 0.075
7 0.659375 0.5052083333333334 0.10625 0.17708333333333334
9 0.0578125 0.5604166666666667 0.115625 0.1875
11 0.1203125 0.6239583333333333 0.240625 0.33958333333333335
4 0.57578125 0.6708333333333333 0.0921875 0.12916666666666668