2 0.54375 0.3697916666666667 0.05625 0.08958333333333333
4 0.4796875 0.38333333333333336 0.03125 0.0375
2 0.23125 0.38645833333333335 0.084375 0.11458333333333333
4 0.37421875 0.3958333333333333 0.0359375 0.05
8 0.66015625 0.396875 0.0953125 0.11875
4 0.49296875 0.40729166666666666 0.0390625 0.03125
4 0.50078125 0.45208333333333334 0.0515625 0.05416666666666667
2 0.61796875 0.46458333333333335 0.1109375 0.175
4 0.52265625 0.503125 0.0609375 0.06041666666666667
4 0.53671875 0.571875 0.0671875 0.08125
4 0.85 0.590625 0.071875 0.11458333333333333
8 0.76953125 0.6291666666666667 0.2109375 0.35833333333333334
4 0.56953125 0.6822916666666666 0.1015625 0.14375