1 0.3421875 0.3145833333333333 0.040625 0.04583333333333333
4 0.39609375 0.325 0.0265625 0.0375
1 0.28359375 0.340625 0.0515625 0.06041666666666667
1 0.32890625 0.35833333333333334 0.0484375 0.075
4 0.38125 0.36354166666666665 0.034375 0.052083333333333336
7 0.60625 0.3729166666666667 0.04375 0.07916666666666666
7 0.64921875 0.4 0.0640625 0.09583333333333334
4 0.36015625 0.42291666666666666 0.0578125 0.075
7 0.259375 0.42604166666666665 0.071875 0.09375
4 0.59140625 0.440625 0.0421875 0.04791666666666667
4 0.74765625 0.45 0.0703125 0.07083333333333333
7 0.2015625 0.4822916666666667 0.08125 0.11875
7 0.7125 0.490625 0.075 0.08541666666666667
4 0.509375 0.4979166666666667 0.0625 0.075
7 0.61796875 0.503125 0.0859375 0.14375
1 0.82421875 0.5385416666666667 0.1546875 0.13541666666666666
7 0.6734375 0.5510416666666667 0.11875 0.22708333333333333
4 0.52265625 0.5729166666666666 0.0765625 0.09583333333333334
4 0.54609375 0.6072916666666667 0.0828125 0.11875
7 0.740625 0.6239583333333333 0.078125 0.12708333333333333
4 0.26875 0.6885416666666667 0.115625 0.17708333333333334
1 0.85703125 0.7041666666666667 0.2140625 0.35
4 0.5875 0.7875 0.128125 0.2
1 0.93359375 0.85 0.1328125 0.3
4 0.75234375 0.915625 0.1859375 0.16875