4 0.38984375 0.284375 0.0234375 0.027083333333333334
7 0.3421875 0.28958333333333336 0.046875 0.05416666666666667
4 0.40546875 0.2947916666666667 0.0265625 0.027083333333333334
4 0.40390625 0.309375 0.0296875 0.03125
4 0.390625 0.33645833333333336 0.0375 0.03958333333333333
7 0.59609375 0.359375 0.0390625 0.07291666666666667
1 0.55625 0.38645833333333335 0.075 0.11875
4 0.503125 0.44166666666666665 0.05625 0.07083333333333333
4 0.51640625 0.5197916666666667 0.0578125 0.10208333333333333
4 0.78828125 0.5541666666666667 0.0828125 0.1125
7 0.703125 0.5885416666666666 0.1375 0.23958333333333334
4 0.8953125 0.6520833333333333 0.128125 0.15833333333333333
4 0.5765625 0.6885416666666667 0.103125 0.16041666666666668
4 0.875 0.884375 0.171875 0.23125
4 0.66171875 0.90625 0.1609375 0.1875