4 0.4734375 0.36354166666666665 0.028125 0.03125
2 0.54140625 0.3645833333333333 0.0546875 0.09583333333333334
4 0.375 0.37604166666666666 0.040625 0.04375
8 0.65625 0.390625 0.0875 0.10625
4 0.48125 0.3927083333333333 0.0375 0.04375
4 0.490625 0.4354166666666667 0.05 0.0625
2 0.58515625 0.4354166666666667 0.0828125 0.15833333333333333
4 0.35234375 0.43645833333333334 0.0484375 0.05625
4 0.25859375 0.45729166666666665 0.0609375 0.06458333333333334
4 0.51015625 0.46145833333333336 0.0609375 0.03958333333333333
4 0.71796875 0.49895833333333334 0.0359375 0.06458333333333334
8 0.67265625 0.5072916666666667 0.1328125 0.23958333333333334
4 0.51953125 0.515625 0.0609375 0.08541666666666667
4 0.7609375 0.5239583333333333 0.065625 0.07291666666666667
4 0.53203125 0.5604166666666667 0.0640625 0.0875
4 0.815625 0.5958333333333333 0.0875 0.10416666666666667
4 0.5703125 0.6322916666666667 0.09375 0.16458333333333333
4 0.95078125 0.7416666666666667 0.0984375 0.17083333333333334
4 0.8296875 0.8072916666666666 0.15625 0.21041666666666667
4 0.61875 0.825 0.134375 0.20416666666666666