1 0.28828125 0.39479166666666665 0.0796875 0.12291666666666666
10 0.63828125 0.4083333333333333 0.0515625 0.08333333333333333
4 0.56640625 0.4114583333333333 0.0421875 0.05625
4 0.7234375 0.44479166666666664 0.053125 0.06458333333333334
9 0.13125 0.45729166666666665 0.13125 0.16875
4 0.496875 0.46145833333333336 0.053125 0.07708333333333334
4 0.67890625 0.4708333333333333 0.0640625 0.08333333333333333
4 0.59296875 0.47291666666666665 0.0578125 0.075
9 0.79765625 0.5489583333333333 0.1265625 0.18125
4 0.55390625 0.58125 0.0828125 0.1125
9 0.73046875 0.6375 0.1328125 0.24166666666666667