2 0.546875 0.365625 0.0625 0.08958333333333333
4 0.48046875 0.39479166666666665 0.0328125 0.04375
4 0.48828125 0.40729166666666666 0.0328125 0.03125
4 0.553125 0.41354166666666664 0.040625 0.04375
4 0.49765625 0.434375 0.0515625 0.05625
4 0.5734375 0.45625 0.05 0.058333333333333334
4 0.33515625 0.47291666666666665 0.0484375 0.058333333333333334
4 0.51015625 0.48333333333333334 0.0515625 0.08333333333333333
4 0.7546875 0.540625 0.059375 0.09791666666666667
2 0.67421875 0.55 0.1640625 0.2708333333333333
4 0.54921875 0.5947916666666667 0.0890625 0.11041666666666666
4 0.5890625 0.7708333333333334 0.115625 0.14583333333333334