4 0.38828125 0.34791666666666665 0.0296875 0.041666666666666664
8 0.3265625 0.3489583333333333 0.05 0.07708333333333334
4 0.5265625 0.36875 0.034375 0.05
4 0.475 0.3770833333333333 0.034375 0.05416666666666667
9 0.30546875 0.384375 0.0546875 0.08958333333333333
4 0.3703125 0.4041666666666667 0.040625 0.04583333333333333
4 0.584375 0.43854166666666666 0.05 0.07708333333333334
4 0.33828125 0.47291666666666665 0.0578125 0.075
10 0.671875 0.5270833333333333 0.10625 0.19583333333333333
9 0.06484375 0.5458333333333333 0.1296875 0.17916666666666667
11 0.1390625 0.6 0.221875 0.30833333333333335
4 0.590625 0.71875 0.103125 0.15416666666666667