11 0.33671875 0.33645833333333336 0.0546875 0.08541666666666667
9 0.29375 0.3375 0.05625 0.07083333333333333
10 0.52265625 0.34270833333333334 0.0359375 0.07291666666666667
10 0.575 0.35833333333333334 0.040625 0.07083333333333333
11 0.25078125 0.36770833333333336 0.0828125 0.08541666666666667
4 0.365625 0.39479166666666665 0.0375 0.04375
2 0.2890625 0.403125 0.08125 0.11875
10 0.19921875 0.415625 0.0671875 0.08958333333333333
4 0.59140625 0.46145833333333336 0.0484375 0.06458333333333334
10 0.334375 0.49583333333333335 0.0625 0.08333333333333333
4 0.0703125 0.721875 0.134375 0.15208333333333332
4 0.2359375 0.8510416666666667 0.13125 0.16458333333333333