9 0.62109375 0.40520833333333334 0.0578125 0.10208333333333333
4 0.49375 0.409375 0.04375 0.06458333333333334
4 0.56875 0.4239583333333333 0.05 0.05625
8 0.7015625 0.4375 0.115625 0.16666666666666666
7 0.1625 0.44583333333333336 0.075 0.09166666666666666
9 0.596875 0.471875 0.059375 0.08958333333333333
4 0.5109375 0.478125 0.05 0.07291666666666667
4 0.3171875 0.5552083333333333 0.0625 0.07708333333333334
9 0.66953125 0.55625 0.0984375 0.17083333333333334
4 0.546875 0.578125 0.084375 0.11875
1 0.1375 0.6125 0.19375 0.26666666666666666
8 0.92578125 0.6708333333333333 0.1484375 0.30416666666666664
4 0.671875 0.890625 0.146875 0.21875