4 0.37734375 0.3802083333333333 0.0359375 0.04375
8 0.6375 0.384375 0.0625 0.10208333333333333
4 0.26328125 0.3885416666666667 0.0390625 0.04375
4 0.4953125 0.39895833333333336 0.034375 0.04375
2 0.578125 0.40208333333333335 0.071875 0.11666666666666667
4 0.51640625 0.4739583333333333 0.0546875 0.06458333333333334
8 0.73984375 0.496875 0.1265625 0.17291666666666666
4 0.33359375 0.49895833333333334 0.0609375 0.08125
10 0.63203125 0.5135416666666667 0.0765625 0.13541666666666666
4 0.5390625 0.5677083333333334 0.065625 0.08958333333333333
9 0.721875 0.6052083333333333 0.1375 0.26875
4 0.93515625 0.6239583333333333 0.1015625 0.11458333333333333
4 0.61796875 0.7875 0.1234375 0.18333333333333332
9 0.8984375 0.8385416666666666 0.203125 0.3229166666666667