10 0.51171875 0.32395833333333335 0.0328125 0.052083333333333336
4 0.39609375 0.32395833333333335 0.0234375 0.035416666666666666
4 0.46484375 0.328125 0.0265625 0.035416666666666666
4 0.371875 0.359375 0.034375 0.04375
4 0.48515625 0.38645833333333335 0.0390625 0.05625
7 0.2171875 0.4083333333333333 0.05625 0.0875
8 0.27109375 0.4166666666666667 0.0859375 0.1125
4 0.57734375 0.440625 0.0609375 0.07291666666666667
4 0.54609375 0.5364583333333334 0.0671875 0.09791666666666667
4 0.26953125 0.6604166666666667 0.1015625 0.1125
4 0.77421875 0.7458333333333333 0.1390625 0.17083333333333334