8 0.3546875 0.3125 0.0375 0.0625
8 0.50625 0.3145833333333333 0.034375 0.058333333333333334
4 0.3921875 0.32916666666666666 0.028125 0.0375
8 0.28046875 0.34479166666666666 0.0578125 0.05625
4 0.3796875 0.359375 0.034375 0.03958333333333333
10 0.5390625 0.36041666666666666 0.04375 0.08333333333333333
2 0.32109375 0.365625 0.0640625 0.08125
4 0.47890625 0.36875 0.0328125 0.04583333333333333
10 0.2453125 0.3854166666666667 0.053125 0.075
10 0.6078125 0.390625 0.05 0.07708333333333334
10 0.3625 0.41041666666666665 0.04375 0.0625
4 0.21328125 0.5260416666666666 0.0765625 0.10625
4 0.32265625 0.5583333333333333 0.0609375 0.08333333333333333
4 0.57734375 0.596875 0.0734375 0.12708333333333333
4 0.69453125 0.6 0.0890625 0.11666666666666667