5 0.24609375 0.359375 0.0734375 0.06875
4 0.37578125 0.40208333333333335 0.0390625 0.04583333333333333
4 0.5765625 0.4197916666666667 0.04375 0.05625
1 0.159375 0.43333333333333335 0.0875 0.1125
5 0.246875 0.434375 0.1125 0.16458333333333333
4 0.50703125 0.4552083333333333 0.0484375 0.06875
9 0.70703125 0.49583333333333335 0.0828125 0.12083333333333333
4 0.6109375 0.5114583333333333 0.0625 0.07708333333333334
4 0.540625 0.5416666666666666 0.0625 0.1
9 0.68828125 0.59375 0.1140625 0.15833333333333333
5 0.10859375 0.6083333333333333 0.2171875 0.325
4 0.60859375 0.8072916666666666 0.1390625 0.21875
4 0.2015625 0.9385416666666667 0.1625 0.12291666666666666