2 0.5921875 0.35520833333333335 0.053125 0.08541666666666667
4 0.334375 0.36354166666666665 0.0375 0.04375
2 0.64375 0.4041666666666667 0.084375 0.12083333333333333
4 0.4953125 0.4197916666666667 0.040625 0.04791666666666667
4 0.56796875 0.4197916666666667 0.0390625 0.052083333333333336
4 0.70546875 0.42083333333333334 0.0453125 0.058333333333333334
4 0.58984375 0.45729166666666665 0.0453125 0.06041666666666667
4 0.51015625 0.46875 0.0484375 0.06666666666666667
10 0.6421875 0.496875 0.071875 0.13125
4 0.5453125 0.515625 0.059375 0.09791666666666667
4 0.6828125 0.6104166666666667 0.096875 0.11666666666666667
4 0.94921875 0.7541666666666667 0.1015625 0.11666666666666667
10 0.8234375 0.778125 0.1375 0.21041666666666667