4 0.31171875 0.3260416666666667 0.0265625 0.035416666666666666
4 0.39296875 0.3302083333333333 0.0265625 0.027083333333333334
7 0.34921875 0.334375 0.0296875 0.04791666666666667
1 0.621875 0.36666666666666664 0.071875 0.11666666666666667
1 0.559375 0.37395833333333334 0.06875 0.11875
0 0.50234375 0.40208333333333335 0.0671875 0.12083333333333333
4 0.68359375 0.40208333333333335 0.0453125 0.05
4 0.36640625 0.41354166666666664 0.0421875 0.04791666666666667
7 0.2953125 0.41458333333333336 0.05 0.0625
1 0.16875 0.4552083333333333 0.10625 0.13541666666666666
4 0.68515625 0.46875 0.0578125 0.0875
4 0.778125 0.471875 0.05625 0.03125
7 0.25078125 0.48333333333333334 0.0609375 0.10416666666666667
4 0.34765625 0.5177083333333333 0.0609375 0.06458333333333334
7 0.79296875 0.528125 0.0921875 0.09791666666666667
7 0.1359375 0.578125 0.125 0.16041666666666668
4 0.57578125 0.7125 0.0984375 0.13333333333333333
1 0.8734375 0.7947916666666667 0.253125 0.41041666666666665