4 0.3734375 0.3614583333333333 0.034375 0.035416666666666666
5 0.5359375 0.36666666666666664 0.05625 0.07083333333333333
7 0.26328125 0.37083333333333335 0.0546875 0.06666666666666667
4 0.48515625 0.375 0.0390625 0.05
4 0.31015625 0.4166666666666667 0.0484375 0.058333333333333334
4 0.56953125 0.434375 0.0390625 0.06041666666666667
4 0.50234375 0.45416666666666666 0.0515625 0.06666666666666667
1 0.66875 0.5135416666666667 0.1625 0.28541666666666665
4 0.7296875 0.5260416666666666 0.065625 0.08541666666666667
0 0.878125 0.615625 0.221875 0.27708333333333335
4 0.55078125 0.634375 0.0765625 0.10625
4 0.08828125 0.73125 0.1265625 0.15
4 0.66875 0.9197916666666667 0.171875 0.16041666666666668