1 0.284375 0.34479166666666666 0.0625 0.10208333333333333
4 0.34765625 0.353125 0.0234375 0.035416666666666666
4 0.3859375 0.3614583333333333 0.025 0.03125
4 0.48671875 0.38125 0.0359375 0.04583333333333333
1 0.30078125 0.38229166666666664 0.0671875 0.09791666666666667
4 0.36171875 0.41354166666666664 0.0359375 0.04791666666666667
11 0.61484375 0.44583333333333336 0.1046875 0.18333333333333332
10 0.6765625 0.446875 0.05625 0.08541666666666667
4 0.34375 0.475 0.05625 0.0625
2 0.534375 0.48125 0.10625 0.1875
4 0.234375 0.49895833333333334 0.0625 0.07291666666666667
10 0.7515625 0.5104166666666666 0.090625 0.1375
7 0.075 0.54375 0.109375 0.15
4 0.28984375 0.6510416666666666 0.0921875 0.11458333333333333
4 0.596875 0.66875 0.10625 0.1625
7 0.0984375 0.7229166666666667 0.109375 0.15833333333333333
4 0.209375 0.9260416666666667 0.1625 0.14791666666666667