4 0.38125 0.3625 0.0375 0.04583333333333333
4 0.475 0.37916666666666665 0.040625 0.05416666666666667
1 0.55859375 0.38229166666666664 0.0734375 0.12291666666666666
1 0.29609375 0.39791666666666664 0.0640625 0.10416666666666667
4 0.37109375 0.40625 0.0390625 0.05
1 0.65234375 0.40729166666666666 0.0859375 0.11458333333333333
4 0.49375 0.446875 0.05625 0.07708333333333334
7 0.21015625 0.471875 0.0765625 0.10208333333333333
4 0.61640625 0.48541666666666666 0.0578125 0.0875
7 0.7546875 0.5 0.059375 0.14166666666666666
4 0.33359375 0.5010416666666667 0.0609375 0.06875
0 0.69765625 0.55 0.1734375 0.25
4 0.57421875 0.5875 0.0859375 0.12083333333333333
4 0.875 0.659375 0.1 0.11458333333333333
4 0.25078125 0.7479166666666667 0.1140625 0.13333333333333333
4 0.6328125 0.821875 0.14375 0.22291666666666668