2 0.534375 0.35833333333333334 0.0625 0.0875
4 0.4734375 0.36354166666666665 0.028125 0.03125
8 0.6625 0.3875 0.1 0.1125
4 0.48125 0.3927083333333333 0.0375 0.04375
4 0.490625 0.4354166666666667 0.05 0.0625
2 0.58515625 0.4354166666666667 0.0828125 0.15833333333333333
4 0.509375 0.45208333333333334 0.04375 0.0375
4 0.3453125 0.46458333333333335 0.053125 0.0625
4 0.71640625 0.490625 0.0359375 0.06458333333333334
8 0.65546875 0.5 0.1234375 0.22916666666666666
4 0.51484375 0.50625 0.0640625 0.0875
4 0.7609375 0.5260416666666666 0.065625 0.07291666666666667
4 0.5515625 0.5729166666666666 0.096875 0.12083333333333333
4 0.79765625 0.578125 0.0703125 0.09791666666666667
4 0.88515625 0.6447916666666667 0.1171875 0.15208333333333332
4 0.73671875 0.6770833333333334 0.1046875 0.15
4 0.278125 0.6791666666666667 0.1 0.14583333333333334
4 0.5765625 0.7083333333333334 0.10625 0.15