8 0.51484375 0.3260416666666667 0.0421875 0.06458333333333334
4 0.384375 0.340625 0.034375 0.03958333333333333
0 0.3328125 0.3541666666666667 0.053125 0.07916666666666666
10 0.2640625 0.36666666666666664 0.040625 0.07083333333333333
10 0.55234375 0.3802083333333333 0.0515625 0.09375
7 0.3765625 0.3854166666666667 0.040625 0.05416666666666667
4 0.48359375 0.3875 0.0328125 0.04583333333333333
10 0.63359375 0.41875 0.0609375 0.1
4 0.25703125 0.465625 0.0609375 0.06875
4 0.34765625 0.4739583333333333 0.0484375 0.052083333333333336
4 0.16875 0.646875 0.10625 0.12291666666666666
4 0.64765625 0.78125 0.1265625 0.19166666666666668
4 0.228125 0.840625 0.146875 0.19375
4 0.86875 0.8447916666666667 0.153125 0.21041666666666667