5 0.28984375 0.3802083333333333 0.0734375 0.11041666666666666
4 0.38359375 0.384375 0.0359375 0.04791666666666667
4 0.603125 0.3854166666666667 0.040625 0.04583333333333333
7 0.22734375 0.396875 0.0484375 0.05625
4 0.490625 0.4083333333333333 0.0375 0.05
9 0.1796875 0.4375 0.0625 0.0875
4 0.5765625 0.4395833333333333 0.04375 0.05416666666666667
8 0.67734375 0.44479166666666664 0.0984375 0.12291666666666666
4 0.50703125 0.459375 0.0484375 0.06875
9 0.1046875 0.5083333333333333 0.103125 0.12916666666666668
4 0.6296875 0.5135416666666667 0.0625 0.07291666666666667
4 0.32265625 0.5864583333333333 0.0765625 0.09375
4 0.7015625 0.5989583333333334 0.090625 0.11875
9 0.07890625 0.7427083333333333 0.1578125 0.29375
4 0.5984375 0.7822916666666667 0.115625 0.18958333333333333