4 0.48828125 0.38333333333333336 0.0359375 0.04583333333333333
4 0.31953125 0.3854166666666667 0.0328125 0.0375
4 0.365625 0.40520833333333334 0.040625 0.04791666666666667
4 0.5671875 0.41041666666666665 0.040625 0.05416666666666667
4 0.2796875 0.44583333333333336 0.046875 0.05416666666666667
4 0.52265625 0.45416666666666666 0.0453125 0.07083333333333333
10 0.74921875 0.5114583333333333 0.0703125 0.12291666666666666
9 0.68203125 0.5447916666666667 0.0984375 0.18125
4 0.59453125 0.6583333333333333 0.0890625 0.12916666666666668
4 0.22734375 0.765625 0.1203125 0.15625
4 0.64453125 0.8979166666666667 0.1515625 0.20416666666666666