4 0.3875 0.34375 0.028125 0.0375
4 0.3671875 0.3729166666666667 0.0375 0.041666666666666664
1 0.6265625 0.3729166666666667 0.071875 0.12916666666666668
7 0.25234375 0.37604166666666666 0.0453125 0.06875
7 0.55390625 0.3854166666666667 0.0484375 0.0875
1 0.30546875 0.38958333333333334 0.0734375 0.1
4 0.48984375 0.4239583333333333 0.0421875 0.06875
4 0.5703125 0.425 0.03125 0.05416666666666667
7 0.66328125 0.425 0.0734375 0.11666666666666667
4 0.365625 0.4322916666666667 0.04375 0.052083333333333336
4 0.59453125 0.45208333333333334 0.0453125 0.07083333333333333
4 0.50078125 0.459375 0.0453125 0.06458333333333334
4 0.30390625 0.4895833333333333 0.0546875 0.07083333333333333
4 0.51484375 0.4895833333333333 0.0578125 0.07916666666666666
7 0.78046875 0.5041666666666667 0.1046875 0.12916666666666668
7 0.62421875 0.5083333333333333 0.0609375 0.12916666666666668
4 0.53125 0.5291666666666667 0.059375 0.075
7 0.66640625 0.546875 0.1078125 0.20208333333333334
4 0.56015625 0.575 0.0671875 0.10416666666666667
7 0.5328125 0.625 0.078125 0.15416666666666667
7 0.7328125 0.646875 0.0375 0.14375
6 0.1703125 0.6645833333333333 0.128125 0.16666666666666666
1 0.85546875 0.709375 0.2203125 0.34375
4 0.57734375 0.740625 0.1109375 0.17708333333333334
4 0.61328125 0.8520833333333333 0.1328125 0.2