5 0.53125 0.35833333333333334 0.05625 0.07083333333333333
4 0.48046875 0.37083333333333335 0.0390625 0.05
4 0.35078125 0.4041666666666667 0.0484375 0.058333333333333334
4 0.55390625 0.4125 0.0265625 0.058333333333333334
4 0.49296875 0.4270833333333333 0.0484375 0.075
7 0.1890625 0.43125 0.065625 0.08333333333333333
1 0.628125 0.46041666666666664 0.125 0.21666666666666667
4 0.69140625 0.4708333333333333 0.0484375 0.07916666666666666
4 0.2546875 0.49166666666666664 0.071875 0.08333333333333333
0 0.79375 0.5260416666666666 0.165625 0.22291666666666668
4 0.53125 0.55625 0.0625 0.09166666666666666
9 0.95078125 0.734375 0.0984375 0.23958333333333334
4 0.603125 0.765625 0.121875 0.17291666666666666