7 0.321875 0.31354166666666666 0.03125 0.04791666666666667
7 0.33828125 0.340625 0.0296875 0.052083333333333336
4 0.38671875 0.3614583333333333 0.0296875 0.03958333333333333
7 0.55703125 0.39375 0.0640625 0.09166666666666666
4 0.571875 0.4197916666666667 0.0375 0.04375
7 0.6828125 0.42083333333333334 0.09375 0.10416666666666667
4 0.50390625 0.4354166666666667 0.0484375 0.05416666666666667
4 0.59921875 0.44166666666666665 0.0453125 0.07083333333333333
7 0.1421875 0.4875 0.1 0.1375
7 0.5125 0.5041666666666667 0.059375 0.1
7 0.63359375 0.5177083333333333 0.0890625 0.12708333333333333
7 0.771875 0.5385416666666667 0.06875 0.13125
7 0.67578125 0.546875 0.1171875 0.20208333333333334
4 0.52578125 0.5916666666666667 0.0953125 0.13333333333333333
1 0.925 0.6104166666666667 0.15 0.2
7 0.73359375 0.6302083333333334 0.0515625 0.11875
4 0.56484375 0.684375 0.0953125 0.15208333333333332
7 0.08359375 0.7010416666666667 0.1265625 0.15625
1 0.85390625 0.70625 0.2265625 0.32916666666666666
1 0.1859375 0.7958333333333333 0.2 0.4083333333333333
1 0.92734375 0.8416666666666667 0.1453125 0.31666666666666665
4 0.6328125 0.9083333333333333 0.1625 0.18333333333333332