1 0.53125 0.346875 0.046875 0.06458333333333334
4 0.6 0.37916666666666665 0.046875 0.05416666666666667
4 0.478125 0.38125 0.034375 0.041666666666666664
5 0.228125 0.396875 0.059375 0.07291666666666667
4 0.5546875 0.40729166666666666 0.040625 0.04791666666666667
4 0.4953125 0.41875 0.040625 0.04583333333333333
4 0.6328125 0.41875 0.040625 0.04583333333333333
7 0.68828125 0.4510416666666667 0.0671875 0.10208333333333333
4 0.5109375 0.48333333333333334 0.05 0.06666666666666667
4 0.609375 0.48333333333333334 0.0625 0.075
1 0.83671875 0.5458333333333333 0.2203125 0.3333333333333333
4 0.28671875 0.6041666666666666 0.0828125 0.10833333333333334
4 0.56484375 0.6125 0.0921875 0.12916666666666668
1 0.75078125 0.671875 0.2109375 0.29375
4 0.6578125 0.8885416666666667 0.14375 0.22291666666666668