4 0.3953125 0.31354166666666666 0.028125 0.035416666666666666
1 0.58046875 0.3229166666666667 0.0578125 0.075
4 0.48046875 0.35833333333333334 0.0296875 0.03333333333333333
7 0.3 0.3625 0.05625 0.075
1 0.59609375 0.36666666666666664 0.0484375 0.08333333333333333
7 0.55 0.37916666666666665 0.059375 0.075
4 0.48203125 0.3875 0.0359375 0.029166666666666667
7 0.63828125 0.4 0.0546875 0.09166666666666666
7 0.35078125 0.41041666666666665 0.0640625 0.13333333333333333
4 0.5671875 0.421875 0.04375 0.04791666666666667
4 0.50078125 0.428125 0.0515625 0.03958333333333333
7 0.27734375 0.428125 0.0609375 0.08958333333333333
7 0.69921875 0.44375 0.0921875 0.15
4 0.59140625 0.44479166666666664 0.0609375 0.06875
4 0.51015625 0.465625 0.0546875 0.027083333333333334
7 0.61796875 0.509375 0.0671875 0.13958333333333334
7 0.51328125 0.5166666666666667 0.0765625 0.09583333333333334
7 0.6703125 0.5354166666666667 0.10625 0.18333333333333332
4 0.54296875 0.6125 0.0921875 0.11666666666666667
7 0.94765625 0.6197916666666666 0.1046875 0.15208333333333332
7 0.72890625 0.6322916666666667 0.0578125 0.14375
7 0.8421875 0.696875 0.203125 0.3229166666666667
4 0.58828125 0.7625 0.1390625 0.175
7 0.92265625 0.8458333333333333 0.1484375 0.30833333333333335
4 0.63671875 0.9427083333333334 0.1546875 0.11458333333333333