7 0.3265625 0.30416666666666664 0.03125 0.05
4 0.39375 0.325 0.021875 0.029166666666666667
1 0.3234375 0.34791666666666665 0.05625 0.1
4 0.3890625 0.35520833333333335 0.03125 0.035416666666666666
4 0.61796875 0.37604166666666666 0.0703125 0.11041666666666666
7 0.55234375 0.3875 0.0515625 0.09166666666666666
4 0.37109375 0.40208333333333335 0.0421875 0.04583333333333333
4 0.49375 0.40208333333333335 0.0375 0.05
4 0.571875 0.4239583333333333 0.034375 0.052083333333333336
4 0.1984375 0.44583333333333336 0.05 0.058333333333333334
4 0.59453125 0.45208333333333334 0.0453125 0.075
4 0.5046875 0.46458333333333335 0.046875 0.06666666666666667
1 0.75859375 0.47708333333333336 0.1609375 0.25
4 0.51640625 0.4979166666666667 0.0609375 0.08333333333333333
7 0.6234375 0.5114583333333333 0.071875 0.13125
4 0.53203125 0.53125 0.0578125 0.0875
7 0.6703125 0.54375 0.109375 0.20833333333333334
4 0.1609375 0.5572916666666666 0.071875 0.07708333333333334
7 0.89375 0.6270833333333333 0.18125 0.26666666666666666
4 0.53828125 0.6354166666666666 0.0890625 0.16666666666666666
4 0.58046875 0.7395833333333334 0.1078125 0.17083333333333334
1 0.8578125 0.7541666666666667 0.225 0.42916666666666664
4 0.61328125 0.8635416666666667 0.1421875 0.22291666666666668
4 0.6421875 0.9489583333333333 0.15 0.10208333333333333