4 0.59453125 0.36875 0.0390625 0.05
4 0.546875 0.39479166666666665 0.040625 0.04791666666666667
4 0.6140625 0.403125 0.046875 0.052083333333333336
4 0.4890625 0.4083333333333333 0.034375 0.041666666666666664
5 0.1890625 0.425 0.06875 0.0875
7 0.66875 0.43020833333333336 0.059375 0.08125
4 0.5890625 0.446875 0.05625 0.07291666666666667
4 0.50390625 0.45625 0.0453125 0.05416666666666667
1 0.7859375 0.5166666666666667 0.1875 0.2875
4 0.54453125 0.55 0.0765625 0.1125
4 0.903125 0.5604166666666667 0.075 0.1
1 0.6875 0.5854166666666667 0.15625 0.225
4 0.60546875 0.7541666666666667 0.1171875 0.175