10 0.5140625 0.32916666666666666 0.034375 0.07083333333333333
10 0.55859375 0.334375 0.0359375 0.06458333333333334
8 0.33359375 0.34479166666666666 0.0546875 0.08541666666666667
9 0.284375 0.35 0.05625 0.07083333333333333
8 0.234375 0.384375 0.08125 0.08541666666666667
4 0.3765625 0.3854166666666667 0.03125 0.041666666666666664
4 0.55 0.40208333333333335 0.0375 0.05416666666666667
4 0.50625 0.4197916666666667 0.040625 0.06875
4 0.34765625 0.446875 0.0453125 0.06041666666666667
2 0.25703125 0.4479166666666667 0.1046875 0.14583333333333334
10 0.14296875 0.4708333333333333 0.0796875 0.1125
10 0.2875 0.6270833333333333 0.1 0.125
4 0.80234375 0.909375 0.1609375 0.18125