7 0.646875 0.3927083333333333 0.05625 0.09375
10 0.5875 0.44895833333333335 0.053125 0.11041666666666666
7 0.69140625 0.45208333333333334 0.0265625 0.0875
8 0.784375 0.48020833333333335 0.15 0.16041666666666668
4 0.496875 0.490625 0.053125 0.08541666666666667
10 0.621875 0.49583333333333335 0.08125 0.13333333333333333
4 0.51875 0.5510416666666667 0.065625 0.08958333333333333
6 0.94375 0.59375 0.1125 0.125
4 0.54296875 0.6322916666666667 0.0921875 0.15208333333333332
4 0.6515625 0.6364583333333333 0.11875 0.16041666666666668
1 0.821875 0.69375 0.20625 0.3416666666666667
0 0.1015625 0.7114583333333333 0.203125 0.40208333333333335
1 0.9 0.8229166666666666 0.2 0.3541666666666667
4 0.58984375 0.884375 0.1296875 0.22708333333333333