8 0.62734375 0.3770833333333333 0.0578125 0.0875
4 0.37265625 0.390625 0.0359375 0.04375
2 0.571875 0.39166666666666666 0.071875 0.11666666666666667
4 0.25390625 0.3927083333333333 0.0421875 0.052083333333333336
4 0.49375 0.39479166666666665 0.034375 0.04375
4 0.509375 0.4625 0.05 0.05416666666666667
8 0.725 0.475 0.115625 0.15833333333333333
10 0.61875 0.496875 0.071875 0.12291666666666666
4 0.53203125 0.540625 0.0609375 0.08125
4 0.31953125 0.5458333333333333 0.0734375 0.07916666666666666
4 0.87578125 0.5760416666666667 0.0859375 0.10625
9 0.70234375 0.5770833333333333 0.1328125 0.2375
4 0.59296875 0.715625 0.1078125 0.15208333333333332
9 0.8796875 0.815625 0.240625 0.36875