7 0.30390625 0.340625 0.0359375 0.052083333333333336
9 0.5453125 0.3770833333333333 0.04375 0.07083333333333333
4 0.48515625 0.39375 0.0328125 0.041666666666666664
4 0.5578125 0.42083333333333334 0.0375 0.05
4 0.49453125 0.4427083333333333 0.0421875 0.06041666666666667
11 0.621875 0.4666666666666667 0.1125 0.17916666666666667
9 0.73125 0.5052083333333334 0.090625 0.09375
4 0.52265625 0.5197916666666667 0.0578125 0.07708333333333334
4 0.8390625 0.63125 0.103125 0.12083333333333333
4 0.73828125 0.6833333333333333 0.1203125 0.14583333333333334
4 0.6375 0.828125 0.128125 0.19375