4 0.37734375 0.37083333333333335 0.0328125 0.041666666666666664
4 0.58671875 0.371875 0.0421875 0.035416666666666666
0 0.6390625 0.3729166666666667 0.0625 0.08333333333333333
4 0.48984375 0.41041666666666665 0.0390625 0.04583333333333333
5 0.68125 0.42916666666666664 0.084375 0.0875
7 0.27265625 0.4427083333333333 0.0671875 0.07708333333333334
9 0.60625 0.4427083333333333 0.075 0.11041666666666666
4 0.50078125 0.4479166666666667 0.0484375 0.05416666666666667
4 0.5171875 0.5208333333333334 0.071875 0.07916666666666666
4 0.296875 0.61875 0.084375 0.09166666666666666
1 0.73515625 0.6229166666666667 0.2203125 0.325
4 0.56640625 0.6583333333333333 0.0921875 0.15416666666666667
4 0.696875 0.9177083333333333 0.18125 0.16458333333333333