1 0.25390625 0.3625 0.0796875 0.11666666666666667
4 0.63671875 0.41458333333333336 0.0359375 0.05416666666666667
7 0.27734375 0.4197916666666667 0.0515625 0.06875
9 0.59296875 0.42291666666666666 0.0609375 0.12916666666666668
3 0.49765625 0.43125 0.0421875 0.07083333333333333
10 0.69609375 0.45208333333333334 0.0578125 0.07083333333333333
9 0.6296875 0.47708333333333336 0.075 0.10833333333333334
4 0.34375 0.48333333333333334 0.065625 0.09583333333333334
4 0.23984375 0.503125 0.0578125 0.06875
4 0.51796875 0.509375 0.0578125 0.07708333333333334
8 0.825 0.540625 0.153125 0.24791666666666667
4 0.54921875 0.6229166666666667 0.0828125 0.12916666666666668
11 0.77890625 0.66875 0.3171875 0.4083333333333333
4 0.29921875 0.696875 0.0953125 0.11458333333333333
4 0.10625 0.7510416666666667 0.125 0.14375
4 0.64765625 0.8739583333333333 0.1484375 0.23541666666666666