4 0.384375 0.346875 0.028125 0.035416666666666666
9 0.53515625 0.359375 0.0421875 0.06041666666666667
7 0.27265625 0.36875 0.0453125 0.0625
4 0.48046875 0.375 0.0328125 0.041666666666666664
4 0.54375 0.40208333333333335 0.025 0.0375
10 0.63984375 0.41041666666666665 0.0390625 0.05416666666666667
4 0.48984375 0.41770833333333335 0.0390625 0.05625
11 0.59453125 0.4270833333333333 0.0859375 0.1375
9 0.690625 0.4635416666666667 0.075 0.08541666666666667
4 0.51171875 0.48125 0.0546875 0.06666666666666667
4 0.775 0.5635416666666667 0.078125 0.09791666666666667
4 0.66953125 0.5802083333333333 0.0859375 0.10208333333333333
4 0.58984375 0.678125 0.0890625 0.12291666666666666
10 0.93125 0.68125 0.1375 0.225