4 0.5765625 0.35520833333333335 0.046875 0.05625
4 0.53515625 0.37395833333333334 0.0296875 0.03958333333333333
4 0.6 0.39166666666666666 0.034375 0.041666666666666664
7 0.6359375 0.3958333333333333 0.04375 0.058333333333333334
4 0.4953125 0.425 0.0375 0.05416666666666667
4 0.5671875 0.42604166666666665 0.0375 0.052083333333333336
1 0.7265625 0.459375 0.140625 0.21041666666666667
4 0.52109375 0.4875 0.0609375 0.0875
5 0.09765625 0.496875 0.1078125 0.12708333333333333
1 0.6296875 0.5010416666666667 0.115625 0.16041666666666668
4 0.55234375 0.6135416666666667 0.0765625 0.12708333333333333
4 0.921875 0.7270833333333333 0.140625 0.13333333333333333
4 0.60859375 0.8072916666666666 0.1265625 0.19791666666666666
4 0.86875 0.9 0.165625 0.19166666666666668