4 0.58515625 0.3625 0.0390625 0.05
4 0.53515625 0.37395833333333334 0.0296875 0.03958333333333333
4 0.6046875 0.3958333333333333 0.034375 0.041666666666666664
7 0.6421875 0.3958333333333333 0.04375 0.058333333333333334
4 0.4859375 0.39791666666666664 0.034375 0.041666666666666664
4 0.5671875 0.42604166666666665 0.0375 0.052083333333333336
4 0.496875 0.4375 0.0375 0.05416666666666667
1 0.73359375 0.45729166666666665 0.1453125 0.21041666666666667
4 0.52109375 0.4875 0.0609375 0.0875
5 0.11796875 0.4895833333333333 0.1078125 0.12083333333333333
1 0.6296875 0.5010416666666667 0.115625 0.16041666666666668
4 0.55703125 0.6260416666666667 0.0765625 0.12708333333333333
4 0.9296875 0.7458333333333333 0.140625 0.13333333333333333
4 0.61640625 0.8302083333333333 0.1328125 0.22291666666666668
4 0.89609375 0.925 0.1734375 0.15