4 0.38125 0.3625 0.0375 0.04583333333333333
4 0.475 0.37916666666666665 0.040625 0.05416666666666667
1 0.55859375 0.38229166666666664 0.0734375 0.12291666666666666
1 0.30390625 0.38645833333333335 0.0703125 0.09791666666666667
4 0.37109375 0.40625 0.0390625 0.05
1 0.65234375 0.40729166666666666 0.0859375 0.11458333333333333
4 0.50234375 0.46145833333333336 0.0484375 0.07708333333333334
7 0.2234375 0.46458333333333335 0.075 0.09583333333333334
4 0.34453125 0.48020833333333335 0.0609375 0.06875
4 0.6171875 0.49166666666666664 0.059375 0.1
7 0.77578125 0.5135416666666667 0.0765625 0.14375
0 0.721875 0.584375 0.190625 0.28125
4 0.578125 0.6104166666666667 0.090625 0.13333333333333333
4 0.890625 0.6729166666666667 0.11875 0.12916666666666668
4 0.271875 0.6895833333333333 0.109375 0.1125
4 0.6421875 0.8552083333333333 0.153125 0.23125