4 0.38515625 0.365625 0.0359375 0.05625
4 0.321875 0.3802083333333333 0.034375 0.04375
10 0.61953125 0.39375 0.0421875 0.075
4 0.36484375 0.421875 0.0390625 0.04791666666666667
1 0.1859375 0.42291666666666666 0.11875 0.1625
4 0.50546875 0.4239583333333333 0.0453125 0.06458333333333334
4 0.28359375 0.4479166666666667 0.0453125 0.0625
4 0.35 0.48854166666666665 0.05 0.06875
4 0.62421875 0.5552083333333333 0.0671875 0.09791666666666667
1 0.1421875 0.5864583333333333 0.171875 0.23958333333333334
4 0.27890625 0.6447916666666667 0.0953125 0.12708333333333333
9 0.7625 0.6447916666666667 0.153125 0.29791666666666666
10 0.90859375 0.6552083333333333 0.1234375 0.16458333333333333
3 0.5875 0.7229166666666667 0.1 0.1875
9 0.9046875 0.840625 0.190625 0.3020833333333333