4 0.47578125 0.3572916666666667 0.0359375 0.03125
4 0.32578125 0.36354166666666665 0.0328125 0.03958333333333333
4 0.3796875 0.3645833333333333 0.034375 0.04583333333333333
2 0.54375 0.3697916666666667 0.05625 0.08958333333333333
4 0.4796875 0.38333333333333336 0.03125 0.0375
8 0.66015625 0.396875 0.0953125 0.11875
4 0.49296875 0.40729166666666666 0.0390625 0.03125
4 0.54609375 0.4197916666666667 0.0234375 0.052083333333333336
2 0.59453125 0.440625 0.0953125 0.16458333333333333
4 0.49921875 0.4479166666666667 0.0515625 0.05416666666666667
4 0.51328125 0.4864583333333333 0.0609375 0.06041666666666667
4 0.52421875 0.5302083333333333 0.0671875 0.08125
4 0.79609375 0.5489583333333333 0.0703125 0.09375
8 0.70625 0.5520833333333334 0.153125 0.2708333333333333
2 0.0546875 0.5895833333333333 0.109375 0.25416666666666665
4 0.31328125 0.5947916666666667 0.0765625 0.09375
4 0.54609375 0.5958333333333333 0.0796875 0.10833333333333334
4 0.86875 0.6541666666666667 0.115625 0.13333333333333333
4 0.6109375 0.753125 0.125 0.20625
4 0.9328125 0.9104166666666667 0.134375 0.175