4 0.48046875 0.3770833333333333 0.0359375 0.0375
9 0.55625 0.3854166666666667 0.046875 0.08333333333333333
4 0.490625 0.4083333333333333 0.0375 0.05416666666666667
7 0.284375 0.41354166666666664 0.0625 0.09791666666666667
11 0.64921875 0.421875 0.0890625 0.09791666666666667
4 0.51796875 0.43333333333333335 0.0421875 0.04583333333333333
4 0.19375 0.45208333333333334 0.05625 0.0625
3 0.5140625 0.4895833333333333 0.0625 0.125
4 0.79921875 0.503125 0.0734375 0.08125
9 0.67890625 0.575 0.1171875 0.1875
4 0.90390625 0.584375 0.0890625 0.11458333333333333
9 0.8078125 0.5989583333333334 0.125 0.16875
4 0.559375 0.6104166666666667 0.0875 0.13333333333333333
4 0.25546875 0.7614583333333333 0.1203125 0.14375
4 0.83828125 0.8083333333333333 0.1484375 0.20416666666666666