2 0.5984375 0.359375 0.053125 0.08541666666666667
4 0.334375 0.36354166666666665 0.0375 0.04375
2 0.64375 0.4041666666666667 0.084375 0.12083333333333333
4 0.4953125 0.4197916666666667 0.040625 0.04791666666666667
4 0.56796875 0.4197916666666667 0.0390625 0.052083333333333336
4 0.71328125 0.43333333333333335 0.0453125 0.058333333333333334
4 0.59609375 0.465625 0.0453125 0.06041666666666667
4 0.51015625 0.46875 0.0484375 0.06666666666666667
10 0.64921875 0.509375 0.0828125 0.13958333333333334
4 0.55078125 0.5291666666666667 0.0671875 0.10833333333333334
4 0.69453125 0.634375 0.1046875 0.12708333333333333
4 0.9546875 0.7833333333333333 0.090625 0.1375
10 0.84921875 0.8166666666666667 0.1578125 0.24166666666666667
4 0.18984375 0.8739583333333333 0.1484375 0.17708333333333334