4 0.4078125 0.3020833333333333 0.028125 0.0375
4 0.3734375 0.30416666666666664 0.03125 0.029166666666666667
7 0.315625 0.3145833333333333 0.046875 0.06666666666666667
4 0.3953125 0.325 0.040625 0.05
1 0.54609375 0.371875 0.0734375 0.10625
4 0.37890625 0.37916666666666665 0.0515625 0.06666666666666667
4 0.66640625 0.43125 0.0515625 0.075
7 0.5984375 0.4552083333333333 0.090625 0.14375
4 0.49921875 0.4625 0.0484375 0.07083333333333333
4 0.7140625 0.4822916666666667 0.075 0.10208333333333333
4 0.34140625 0.5020833333333333 0.0921875 0.10833333333333334
4 0.5296875 0.5239583333333333 0.071875 0.10625
4 0.6609375 0.5666666666666667 0.115625 0.15
4 0.8625 0.5885416666666666 0.090625 0.12708333333333333
4 0.56640625 0.6229166666666667 0.1140625 0.16666666666666666
1 0.925 0.7208333333333333 0.15 0.30416666666666664
4 0.603125 0.8572916666666667 0.146875 0.26458333333333334
4 0.91328125 0.934375 0.1734375 0.13125