4 0.55625 0.396875 0.034375 0.04791666666666667
10 0.621875 0.396875 0.040625 0.06875
4 0.67578125 0.40625 0.0453125 0.05416666666666667
1 0.25625 0.434375 0.09375 0.16458333333333333
4 0.65546875 0.4375 0.0546875 0.058333333333333334
4 0.49296875 0.440625 0.0453125 0.06458333333333334
4 0.5765625 0.4479166666666667 0.046875 0.0625
9 0.7546875 0.4864583333333333 0.1 0.11875
4 0.53671875 0.53125 0.0703125 0.09583333333333334
9 0.06015625 0.540625 0.1203125 0.23958333333333334
9 0.6703125 0.5541666666666667 0.096875 0.17916666666666667
9 0.81328125 0.7166666666666667 0.1953125 0.3458333333333333