1 0.35625 0.3145833333333333 0.046875 0.06666666666666667
4 0.4 0.33645833333333336 0.040625 0.052083333333333336
4 0.2875 0.35625 0.046875 0.04583333333333333
1 0.63671875 0.3885416666666667 0.0921875 0.11875
4 0.26875 0.390625 0.046875 0.06041666666666667
1 0.78984375 0.46979166666666666 0.1953125 0.21875
4 0.51953125 0.49375 0.0640625 0.0875
4 0.52890625 0.5270833333333333 0.0609375 0.075
7 0.1984375 0.534375 0.15 0.21458333333333332
7 0.66796875 0.54375 0.1046875 0.20416666666666666
4 0.56328125 0.575 0.0859375 0.10833333333333334
7 0.53828125 0.6291666666666667 0.0953125 0.17083333333333334
1 0.853125 0.7270833333333333 0.23125 0.4125
4 0.58203125 0.734375 0.1203125 0.16875
4 0.6125 0.875 0.15 0.25
1 0.971875 0.8875 0.05625 0.225