1 0.3890625 0.2760416666666667 0.01875 0.03125
4 0.40625 0.2864583333333333 0.01875 0.022916666666666665
7 0.35703125 0.2875 0.0203125 0.029166666666666667
4 0.4015625 0.29791666666666666 0.01875 0.020833333333333332
1 0.32265625 0.31354166666666666 0.0421875 0.06458333333333334
7 0.39921875 0.31354166666666666 0.0171875 0.027083333333333334
7 0.33984375 0.334375 0.0359375 0.05625
7 0.278125 0.3489583333333333 0.046875 0.06041666666666667
4 0.39140625 0.353125 0.0265625 0.035416666666666666
4 0.37578125 0.37916666666666665 0.0328125 0.041666666666666664
4 0.48125 0.3802083333333333 0.034375 0.05625
7 0.553125 0.3875 0.046875 0.0875
4 0.57109375 0.4239583333333333 0.0328125 0.052083333333333336
4 0.48671875 0.4270833333333333 0.0359375 0.06666666666666667
1 0.703125 0.4322916666666667 0.115625 0.18958333333333333
4 0.353125 0.43333333333333335 0.046875 0.058333333333333334
4 0.5953125 0.4479166666666667 0.04375 0.06666666666666667
4 0.50234375 0.4625 0.0390625 0.0625
4 0.5171875 0.4947916666666667 0.059375 0.08125
7 0.62265625 0.509375 0.0671875 0.13541666666666666
4 0.53046875 0.534375 0.0640625 0.08541666666666667
7 0.79453125 0.5447916666666667 0.1234375 0.19375
7 0.66796875 0.5489583333333333 0.1078125 0.20208333333333334
4 0.55859375 0.5770833333333333 0.0703125 0.10416666666666667
7 0.5359375 0.6229166666666667 0.08125 0.15833333333333333
1 0.1140625 0.6291666666666667 0.228125 0.36666666666666664
7 0.76484375 0.6510416666666666 0.0984375 0.16041666666666668
1 0.86328125 0.734375 0.2296875 0.38958333333333334
4 0.5734375 0.7416666666666667 0.1 0.175
4 0.2453125 0.8239583333333333 0.1375 0.18541666666666667
4 0.61328125 0.8614583333333333 0.1359375 0.20625
4 0.64296875 0.9510416666666667 0.1515625 0.09791666666666667