7 0.37421875 0.2864583333333333 0.0328125 0.04791666666666667
4 0.403125 0.30104166666666665 0.01875 0.03125
4 0.33359375 0.31354166666666666 0.0203125 0.027083333333333334
7 0.32578125 0.3458333333333333 0.0515625 0.06666666666666667
4 0.47109375 0.35208333333333336 0.0296875 0.041666666666666664
4 0.48359375 0.378125 0.0359375 0.04375
7 0.55 0.37916666666666665 0.05625 0.09583333333333334
1 0.64453125 0.390625 0.0921875 0.12291666666666666
4 0.49453125 0.403125 0.0421875 0.052083333333333336
4 0.57421875 0.4239583333333333 0.0421875 0.06458333333333334
4 0.50078125 0.43020833333333336 0.0421875 0.04791666666666667
4 0.5953125 0.44895833333333335 0.05625 0.06875
4 0.50234375 0.46458333333333335 0.0515625 0.07083333333333333
4 0.2578125 0.48125 0.065625 0.09166666666666666
4 0.51953125 0.49375 0.0609375 0.08333333333333333
7 0.62578125 0.5 0.0796875 0.12916666666666668
7 0.09375 0.5010416666666667 0.103125 0.13541666666666666
1 0.82421875 0.5135416666666667 0.2296875 0.26875
4 0.5359375 0.5197916666666667 0.059375 0.06041666666666667
7 0.66640625 0.5458333333333333 0.1140625 0.20833333333333334
4 0.55703125 0.575 0.0734375 0.1375
7 0.5359375 0.625 0.08125 0.15833333333333333
7 0.79609375 0.6875 0.1078125 0.1875
4 0.58671875 0.7552083333333334 0.1171875 0.18125
1 0.9 0.7885416666666667 0.2 0.42291666666666666
4 0.05859375 0.8427083333333333 0.1171875 0.19375
4 0.6296875 0.9072916666666667 0.1625 0.18541666666666667