4 0.61640625 0.378125 0.0390625 0.03958333333333333
7 0.5546875 0.38645833333333335 0.046875 0.07291666666666667
4 0.3671875 0.3927083333333333 0.0375 0.04375
4 0.49453125 0.39791666666666664 0.0359375 0.03333333333333333
4 0.30859375 0.4114583333333333 0.0484375 0.05625
4 0.62578125 0.4125 0.0609375 0.05
4 0.48984375 0.4166666666666667 0.0328125 0.041666666666666664
4 0.57265625 0.421875 0.0390625 0.04791666666666667
4 0.4984375 0.42916666666666664 0.0375 0.03333333333333333
4 0.35078125 0.45208333333333334 0.0484375 0.06666666666666667
4 0.50703125 0.4666666666666667 0.0453125 0.07083333333333333
4 0.265625 0.46770833333333334 0.05625 0.06875
5 0.12265625 0.46770833333333334 0.1140625 0.14375
5 0.7515625 0.48854166666666665 0.13125 0.15208333333333332
4 0.6453125 0.5354166666666667 0.075 0.09583333333333334
4 0.52578125 0.54375 0.0671875 0.09583333333333334
4 0.90390625 0.58125 0.0859375 0.09166666666666666
4 0.18515625 0.5927083333333333 0.0828125 0.08541666666666667
7 0.82265625 0.6083333333333333 0.0984375 0.10833333333333334
4 0.56796875 0.6333333333333333 0.0796875 0.10416666666666667
4 0.94296875 0.7416666666666667 0.1140625 0.13333333333333333
4 0.80859375 0.7760416666666666 0.1296875 0.18125
4 0.66875 0.8697916666666666 0.140625 0.21458333333333332