2 0.58828125 0.3302083333333333 0.0453125 0.04375
2 0.540625 0.36770833333333336 0.05625 0.08958333333333333
4 0.47734375 0.37395833333333334 0.0296875 0.035416666666666666
8 0.6625 0.3875 0.1 0.1125
4 0.48828125 0.40625 0.0421875 0.058333333333333334
4 0.36484375 0.40729166666666666 0.0421875 0.05625
4 0.28828125 0.415625 0.0390625 0.05625
2 0.58515625 0.4354166666666667 0.0828125 0.15833333333333333
4 0.5015625 0.45 0.05 0.0625
4 0.51015625 0.46145833333333336 0.0609375 0.03958333333333333
4 0.51953125 0.515625 0.0609375 0.08541666666666667
8 0.6796875 0.5239583333333333 0.14375 0.24791666666666667
4 0.76953125 0.5364583333333334 0.0734375 0.07708333333333334
4 0.53203125 0.5604166666666667 0.0640625 0.0875
4 0.83046875 0.6104166666666667 0.0953125 0.1125
4 0.5796875 0.6604166666666667 0.103125 0.17083333333333334
4 0.95859375 0.7510416666666667 0.0828125 0.18958333333333333
4 0.86953125 0.86875 0.1765625 0.225
4 0.63984375 0.8791666666666667 0.1421875 0.22083333333333333