4 0.3921875 0.3302083333333333 0.03125 0.03958333333333333
4 0.371875 0.375 0.040625 0.04583333333333333
4 0.48203125 0.3875 0.0359375 0.05
8 0.6609375 0.409375 0.09375 0.13541666666666666
9 0.5703125 0.4270833333333333 0.05 0.08333333333333333
4 0.4984375 0.43854166666666666 0.040625 0.06041666666666667
9 0.61796875 0.475 0.0765625 0.13333333333333333
4 0.5203125 0.4947916666666667 0.05625 0.08958333333333333
8 0.85 0.55625 0.184375 0.22083333333333333
4 0.578125 0.6489583333333333 0.0875 0.12708333333333333
2 0.87109375 0.7916666666666666 0.2578125 0.4166666666666667