4 0.3796875 0.36666666666666664 0.0375 0.04583333333333333
4 0.475 0.37916666666666665 0.040625 0.05416666666666667
1 0.55859375 0.38229166666666664 0.0734375 0.12291666666666666
1 0.29609375 0.39791666666666664 0.0640625 0.10416666666666667
1 0.65234375 0.40729166666666666 0.0859375 0.11458333333333333
4 0.36640625 0.4270833333333333 0.0390625 0.0625
4 0.49375 0.446875 0.05625 0.07708333333333334
4 0.6 0.48020833333333335 0.04375 0.09791666666666667
7 0.20703125 0.4895833333333333 0.0828125 0.1125
7 0.7546875 0.5 0.059375 0.14166666666666666
4 0.33359375 0.525 0.0671875 0.08333333333333333
0 0.69765625 0.55 0.1734375 0.25
4 0.56171875 0.5875 0.0859375 0.12083333333333333
4 0.8640625 0.6489583333333333 0.1 0.11458333333333333
4 0.6203125 0.7947916666666667 0.13125 0.20625
4 0.22578125 0.81875 0.1234375 0.14583333333333334