8 0.5921875 0.3375 0.046875 0.06666666666666667
1 0.2640625 0.35104166666666664 0.071875 0.10208333333333333
11 0.53984375 0.35104166666666664 0.0578125 0.08125
7 0.31875 0.3802083333333333 0.04375 0.07291666666666667
9 0.18671875 0.40729166666666666 0.0921875 0.11458333333333333
5 0.29375 0.41458333333333336 0.0625 0.07083333333333333
4 0.48828125 0.421875 0.0390625 0.06458333333333334
8 0.61796875 0.45416666666666666 0.0921875 0.17083333333333334
4 0.253125 0.48125 0.059375 0.07083333333333333
4 0.34765625 0.48125 0.0546875 0.0625
4 0.17265625 0.49375 0.0640625 0.0625
8 0.7734375 0.5302083333333333 0.125 0.14375
4 0.53359375 0.553125 0.0671875 0.11041666666666666
9 0.71640625 0.5760416666666667 0.1203125 0.21875
9 0.10625 0.6635416666666667 0.171875 0.21875