9 0.6328125 0.40520833333333334 0.0625 0.10208333333333333
7 0.2 0.41354166666666664 0.071875 0.08125
4 0.5 0.41770833333333335 0.04375 0.06458333333333334
4 0.578125 0.43854166666666666 0.05 0.05625
8 0.7171875 0.45625 0.128125 0.17083333333333334
9 0.6078125 0.47708333333333336 0.06875 0.09583333333333334
4 0.33515625 0.49895833333333334 0.0578125 0.06041666666666667
4 0.515625 0.5010416666666667 0.05625 0.07708333333333334
1 0.190625 0.5427083333333333 0.153125 0.21041666666666667
9 0.70390625 0.590625 0.1171875 0.19791666666666666
4 0.5609375 0.6177083333333333 0.0875 0.12708333333333333