7 0.328125 0.31145833333333334 0.053125 0.05625
7 0.35546875 0.32916666666666666 0.0484375 0.0625
7 0.325 0.359375 0.040625 0.07291666666666667
4 0.3859375 0.37604166666666666 0.040625 0.052083333333333336
1 0.25703125 0.43020833333333336 0.1015625 0.20208333333333334
4 0.50859375 0.46770833333333334 0.0640625 0.06041666666666667
4 0.35390625 0.46875 0.0546875 0.08333333333333333
4 0.53203125 0.5083333333333333 0.0828125 0.07083333333333333
4 0.77421875 0.5416666666666666 0.0578125 0.09166666666666666
1 0.68515625 0.5552083333333333 0.1671875 0.29375
4 0.54375 0.5614583333333333 0.075 0.10208333333333333
4 0.5640625 0.659375 0.090625 0.15625
1 0.8703125 0.8020833333333334 0.259375 0.3958333333333333
4 0.65078125 0.9177083333333333 0.1890625 0.16458333333333333