4 0.36875 0.384375 0.034375 0.04375
4 0.48125 0.3875 0.0375 0.05
9 0.5609375 0.390625 0.046875 0.08125
4 0.6375 0.4270833333333333 0.053125 0.058333333333333334
4 0.5140625 0.44895833333333335 0.05 0.07291666666666667
5 0.07109375 0.515625 0.1421875 0.23958333333333334
4 0.31640625 0.525 0.0671875 0.07916666666666666
4 0.5328125 0.5354166666666667 0.059375 0.08333333333333333
4 0.7671875 0.546875 0.08125 0.09375
4 0.6703125 0.5729166666666666 0.08125 0.1
4 0.746875 0.6864583333333333 0.1125 0.16041666666666668
4 0.5890625 0.725 0.10625 0.175