2 0.546875 0.365625 0.0625 0.08958333333333333
4 0.48671875 0.39895833333333336 0.0390625 0.04791666666666667
4 0.35625 0.4166666666666667 0.04375 0.04583333333333333
4 0.5609375 0.4239583333333333 0.046875 0.04375
4 0.49765625 0.434375 0.0515625 0.05625
4 0.584375 0.46770833333333334 0.059375 0.06875
4 0.5109375 0.5041666666666667 0.0625 0.08333333333333333
4 0.7875 0.578125 0.059375 0.09791666666666667
2 0.70546875 0.5854166666666667 0.1921875 0.30416666666666664
4 0.56484375 0.634375 0.0953125 0.13541666666666666
4 0.609375 0.8364583333333333 0.134375 0.17708333333333334