11 0.5953125 0.3729166666666667 0.0625 0.07083333333333333
4 0.3703125 0.38333333333333336 0.03125 0.0375
4 0.65625 0.39166666666666666 0.0375 0.05
3 0.4890625 0.4 0.0375 0.075
9 0.578125 0.43333333333333335 0.065625 0.09166666666666666
4 0.50546875 0.45416666666666666 0.0515625 0.075
9 0.68046875 0.46458333333333335 0.0734375 0.07916666666666666
4 0.621875 0.5197916666666667 0.075 0.08958333333333333
4 0.525 0.5416666666666666 0.065625 0.10416666666666667
9 0.91875 0.6677083333333333 0.115625 0.17708333333333334
11 0.7953125 0.6854166666666667 0.259375 0.39166666666666666
4 0.6015625 0.75 0.11875 0.16666666666666666