7 0.346875 0.33541666666666664 0.04375 0.08333333333333333
7 0.39296875 0.3385416666666667 0.0359375 0.07291666666666667
4 0.53203125 0.35520833333333335 0.0296875 0.04375
4 0.3625 0.4041666666666667 0.040625 0.0625
1 0.7 0.40729166666666666 0.140625 0.13125
7 0.59921875 0.4197916666666667 0.0609375 0.10208333333333333
4 0.53984375 0.4354166666666667 0.0484375 0.10416666666666667
4 0.47890625 0.44375 0.0453125 0.07916666666666666
4 0.4984375 0.46979166666666666 0.04375 0.07291666666666667
4 0.3421875 0.48125 0.08125 0.09583333333333334
4 0.6421875 0.5114583333333333 0.05 0.10625
4 0.525 0.5395833333333333 0.084375 0.11666666666666667
4 0.85859375 0.5416666666666666 0.1015625 0.12916666666666668
1 0.7109375 0.5708333333333333 0.146875 0.275
1 0.10703125 0.634375 0.2140625 0.40208333333333335
4 0.565625 0.6385416666666667 0.109375 0.18125
4 0.5890625 0.7447916666666666 0.121875 0.17708333333333334
1 0.85 0.7541666666666667 0.3 0.49166666666666664
4 0.6625 0.95625 0.165625 0.0875