2 0.54765625 0.3729166666666667 0.0640625 0.1
4 0.496875 0.41041666666666665 0.040625 0.05416666666666667
8 0.6703125 0.41875 0.084375 0.12083333333333333
10 0.571875 0.4375 0.040625 0.09583333333333334
4 0.50859375 0.46145833333333336 0.0453125 0.06041666666666667
9 0.6265625 0.4739583333333333 0.0875 0.16041666666666668
4 0.15546875 0.49375 0.0578125 0.07083333333333333
4 0.79296875 0.4979166666666667 0.0734375 0.08333333333333333
4 0.334375 0.515625 0.065625 0.07291666666666667
4 0.534375 0.540625 0.065625 0.09375
9 0.70703125 0.59375 0.1234375 0.22083333333333333
11 0.88671875 0.709375 0.2234375 0.29375
4 0.653125 0.8625 0.1375 0.21666666666666667