1 0.26171875 0.35833333333333334 0.0703125 0.09583333333333334
1 0.675 0.415625 0.071875 0.14791666666666667
1 0.6109375 0.41875 0.075 0.15416666666666667
7 0.25703125 0.4375 0.0921875 0.13333333333333333
4 0.35078125 0.45416666666666666 0.0734375 0.1125
4 0.75703125 0.46875 0.0640625 0.08333333333333333
0 0.5375 0.48854166666666665 0.11875 0.19375
4 0.7984375 0.5822916666666667 0.1 0.16041666666666668
4 0.8984375 0.5854166666666667 0.1 0.11666666666666667
7 0.13359375 0.6572916666666667 0.1828125 0.24375
7 0.97421875 0.7541666666666667 0.0515625 0.25833333333333336
4 0.23515625 0.9010416666666666 0.1703125 0.19791666666666666