4 0.3875 0.2916666666666667 0.01875 0.020833333333333332
7 0.3578125 0.29583333333333334 0.03125 0.03333333333333333
1 0.58046875 0.321875 0.0796875 0.08125
4 0.36875 0.32708333333333334 0.01875 0.029166666666666667
7 0.3484375 0.35 0.046875 0.05416666666666667
4 0.4765625 0.36354166666666665 0.040625 0.035416666666666666
4 0.4828125 0.384375 0.04375 0.027083333333333334
4 0.38828125 0.390625 0.0515625 0.07291666666666667
1 0.22109375 0.39375 0.0984375 0.14166666666666666
4 0.49140625 0.4041666666666667 0.0421875 0.0375
7 0.30859375 0.41875 0.0546875 0.08333333333333333
1 0.7203125 0.4322916666666667 0.146875 0.18125
1 0.61171875 0.4375 0.1046875 0.16666666666666666
4 0.5015625 0.4395833333333333 0.059375 0.058333333333333334
4 0.353125 0.46770833333333334 0.078125 0.09375
4 0.52734375 0.4708333333333333 0.0578125 0.058333333333333334
4 0.53125 0.5145833333333333 0.090625 0.10416666666666667
4 0.328125 0.5583333333333333 0.075 0.11666666666666667
4 0.86640625 0.559375 0.0734375 0.11041666666666666
1 0.709375 0.584375 0.1875 0.2604166666666667
1 0.15546875 0.5916666666666667 0.1703125 0.25
4 0.5625 0.6 0.1125 0.14583333333333334
4 0.5859375 0.7416666666666667 0.125 0.1875
1 0.88203125 0.7666666666666667 0.2359375 0.4666666666666667
4 0.63671875 0.896875 0.1734375 0.20625