7 0.33515625 0.32916666666666666 0.0421875 0.05416666666666667
4 0.3921875 0.33958333333333335 0.028125 0.03333333333333333
1 0.26875 0.353125 0.0625 0.08958333333333333
7 0.60546875 0.3645833333333333 0.0515625 0.0875
1 0.31328125 0.38333333333333336 0.0734375 0.09166666666666666
4 0.36875 0.39166666666666666 0.034375 0.05416666666666667
7 0.6375 0.4 0.071875 0.1125
4 0.70078125 0.41875 0.0671875 0.0625
4 0.590625 0.43854166666666666 0.05625 0.06041666666666667
7 0.69765625 0.48333333333333334 0.0734375 0.08333333333333333
7 0.50703125 0.5 0.0640625 0.10416666666666667
7 0.62109375 0.5083333333333333 0.0734375 0.1375
7 0.19453125 0.5104166666666666 0.1140625 0.15833333333333333
4 0.33359375 0.5104166666666666 0.0921875 0.11666666666666667
1 0.8046875 0.5208333333333334 0.11875 0.14166666666666666
7 0.67578125 0.553125 0.1203125 0.20208333333333334
4 0.5125 0.5760416666666667 0.078125 0.11041666666666666
7 0.09453125 0.6166666666666667 0.1421875 0.19583333333333333
4 0.55859375 0.625 0.0828125 0.10833333333333334
7 0.740625 0.6270833333333333 0.071875 0.1375
1 0.84921875 0.7041666666666667 0.2171875 0.32916666666666666
4 0.58671875 0.740625 0.1265625 0.17708333333333334
4 0.9296875 0.8375 0.140625 0.325
4 0.74140625 0.890625 0.1578125 0.21875