7 0.34140625 0.340625 0.0296875 0.05625
4 0.38828125 0.3572916666666667 0.0265625 0.03958333333333333
7 0.6375 0.390625 0.065625 0.08958333333333333
7 0.55859375 0.39166666666666666 0.0578125 0.0875
4 0.50546875 0.4197916666666667 0.0515625 0.027083333333333334
7 0.6796875 0.42604166666666665 0.08125 0.11041666666666666
4 0.57734375 0.42916666666666664 0.0515625 0.058333333333333334
4 0.50859375 0.44895833333333335 0.0421875 0.035416666666666666
4 0.59375 0.45 0.0375 0.07083333333333333
7 0.16484375 0.47291666666666665 0.0953125 0.12916666666666668
7 0.51875 0.496875 0.06875 0.08125
7 0.62890625 0.5166666666666667 0.0828125 0.14166666666666666
7 0.775 0.528125 0.103125 0.09375
7 0.66953125 0.5479166666666667 0.1046875 0.2
4 0.5296875 0.59375 0.08125 0.10833333333333334
1 0.91796875 0.6135416666666667 0.1640625 0.18125
7 0.74375 0.6395833333333333 0.065625 0.14583333333333334
7 0.11875 0.6541666666666667 0.10625 0.15833333333333333
4 0.57109375 0.6947916666666667 0.0890625 0.15625
1 0.859375 0.7239583333333334 0.221875 0.3729166666666667
1 0.22578125 0.7697916666666667 0.2046875 0.46041666666666664
1 0.92734375 0.84375 0.1453125 0.3125
4 0.6421875 0.9166666666666666 0.15625 0.16666666666666666