4 0.34140625 0.30833333333333335 0.0203125 0.03333333333333333
1 0.61015625 0.35520833333333335 0.0734375 0.12708333333333333
7 0.5515625 0.390625 0.0625 0.10625
4 0.36171875 0.4083333333333333 0.0578125 0.07916666666666666
1 0.6375 0.41458333333333336 0.090625 0.14583333333333334
4 0.575 0.428125 0.04375 0.06458333333333334
4 0.49609375 0.43020833333333336 0.0515625 0.052083333333333336
4 0.59609375 0.4510416666666667 0.0484375 0.07291666666666667
4 0.5109375 0.4791666666666667 0.065625 0.075
7 0.74140625 0.49375 0.1109375 0.19583333333333333
7 0.6140625 0.5145833333333333 0.0625 0.13333333333333333
7 0.1046875 0.5166666666666667 0.121875 0.1375
4 0.53046875 0.51875 0.0609375 0.07083333333333333
7 0.84140625 0.54375 0.1421875 0.14166666666666666
7 0.67734375 0.5510416666666667 0.1109375 0.20625
4 0.31953125 0.5552083333333333 0.0890625 0.09375
4 0.56015625 0.5729166666666666 0.0703125 0.1
7 0.534375 0.6114583333333333 0.096875 0.13125
7 0.7328125 0.6427083333333333 0.05 0.15625
1 0.84609375 0.7104166666666667 0.2265625 0.32916666666666666
4 0.5859375 0.7229166666666667 0.146875 0.16666666666666666
1 0.05625 0.8270833333333333 0.1125 0.3458333333333333
4 0.61171875 0.8322916666666667 0.1578125 0.15625
1 0.92109375 0.8447916666666667 0.1578125 0.3104166666666667
4 0.221875 0.9427083333333334 0.2 0.11458333333333333
4 0.6453125 0.9447916666666667 0.16875 0.11041666666666666