4 0.36953125 0.32083333333333336 0.0234375 0.0375
4 0.5640625 0.34479166666666666 0.034375 0.03958333333333333
4 0.52421875 0.3572916666666667 0.0296875 0.03958333333333333
4 0.3375 0.35833333333333334 0.03125 0.0375
4 0.58046875 0.36354166666666665 0.0296875 0.027083333333333334
4 0.3828125 0.36875 0.03125 0.03333333333333333
4 0.61015625 0.3697916666666667 0.0328125 0.04791666666666667
4 0.4859375 0.390625 0.0375 0.04375
4 0.5515625 0.390625 0.034375 0.04791666666666667
1 0.684375 0.41458333333333336 0.109375 0.17916666666666667
4 0.3203125 0.4239583333333333 0.040625 0.04791666666666667
1 0.59453125 0.4395833333333333 0.0765625 0.1125
4 0.50703125 0.440625 0.0515625 0.06458333333333334
4 0.51875 0.5135416666666667 0.059375 0.07291666666666667
4 0.815625 0.609375 0.096875 0.08958333333333333
4 0.55859375 0.6458333333333334 0.0859375 0.12916666666666668
4 0.71015625 0.6479166666666667 0.0890625 0.11666666666666667