1 0.2890625 0.340625 0.05625 0.06875
4 0.38359375 0.35625 0.0390625 0.05416666666666667
1 0.33046875 0.36041666666666666 0.0390625 0.1
7 0.61015625 0.37395833333333334 0.0578125 0.09375
7 0.6515625 0.409375 0.075 0.11041666666666666
7 0.271875 0.42083333333333334 0.0625 0.10833333333333334
4 0.36328125 0.425 0.0515625 0.07916666666666666
7 0.21171875 0.48333333333333334 0.0796875 0.13333333333333333
7 0.7203125 0.4875 0.071875 0.09583333333333334
7 0.5109375 0.5020833333333333 0.075 0.09583333333333334
7 0.63515625 0.5114583333333333 0.0859375 0.14375
7 0.67421875 0.5520833333333334 0.1109375 0.1875
1 0.8296875 0.55625 0.140625 0.175
4 0.5234375 0.5770833333333333 0.06875 0.11666666666666667
4 0.55234375 0.628125 0.0796875 0.12291666666666666
7 0.74921875 0.6479166666666667 0.0734375 0.16666666666666666
4 0.29609375 0.65 0.1109375 0.13333333333333333
1 0.84296875 0.7 0.1953125 0.32916666666666666
4 0.5859375 0.7916666666666666 0.121875 0.19166666666666668
1 0.93046875 0.8458333333333333 0.1390625 0.30833333333333335
4 0.746875 0.9270833333333334 0.175 0.14583333333333334