4 0.36796875 0.3854166666666667 0.0328125 0.0375
4 0.5484375 0.40520833333333334 0.040625 0.05625
5 0.18203125 0.41354166666666664 0.1015625 0.13958333333333334
4 0.49296875 0.42916666666666664 0.0421875 0.0625
9 0.603125 0.44479166666666664 0.071875 0.11041666666666666
4 0.3484375 0.465625 0.05 0.06875
4 0.71171875 0.5041666666666667 0.0671875 0.0875
4 0.540625 0.5270833333333333 0.05625 0.0875
4 0.59921875 0.734375 0.1015625 0.15625
4 0.78359375 0.7375 0.1265625 0.16666666666666666
4 0.94765625 0.7416666666666667 0.1046875 0.15416666666666667