4 0.31875 0.3260416666666667 0.021875 0.035416666666666666
4 0.34765625 0.328125 0.0234375 0.03958333333333333
4 0.38671875 0.3375 0.0296875 0.03333333333333333
9 0.5578125 0.384375 0.040625 0.07708333333333334
4 0.62421875 0.41354166666666664 0.0453125 0.06041666666666667
4 0.35703125 0.425 0.0578125 0.07916666666666666
4 0.5078125 0.4322916666666667 0.04375 0.06458333333333334
4 0.52578125 0.5083333333333333 0.0578125 0.075
4 0.73203125 0.5145833333333333 0.0703125 0.075
4 0.64609375 0.540625 0.0703125 0.09791666666666667
4 0.2828125 0.63125 0.15625 0.13333333333333333
4 0.7125 0.6354166666666666 0.090625 0.13333333333333333
10 0.9078125 0.6395833333333333 0.159375 0.23333333333333334
4 0.56875 0.6458333333333334 0.084375 0.14583333333333334
9 0.86796875 0.81875 0.2203125 0.3625