11 0.34296875 0.32916666666666666 0.0484375 0.0625
10 0.521875 0.33645833333333336 0.034375 0.06041666666666667
9 0.2875 0.34375 0.05625 0.07083333333333333
10 0.56953125 0.353125 0.0359375 0.06458333333333334
4 0.38203125 0.36041666666666666 0.0265625 0.0375
11 0.2453125 0.36770833333333336 0.078125 0.08541666666666667
4 0.36015625 0.40625 0.0359375 0.04583333333333333
2 0.284375 0.415625 0.0875 0.11875
10 0.190625 0.42916666666666664 0.06875 0.1
4 0.58046875 0.446875 0.0484375 0.06458333333333334
4 0.52421875 0.459375 0.0484375 0.07708333333333334
10 0.32578125 0.515625 0.0703125 0.09375
4 0.05078125 0.7770833333333333 0.1015625 0.175