4 0.378125 0.37083333333333335 0.03125 0.041666666666666664
4 0.515625 0.42916666666666664 0.046875 0.07083333333333333
4 0.675 0.4427083333333333 0.059375 0.06875
4 0.58125 0.44375 0.046875 0.058333333333333334
4 0.7875 0.4875 0.065625 0.0625
4 0.5234375 0.5229166666666667 0.0625 0.09166666666666666
10 0.64921875 0.5229166666666667 0.0859375 0.15
4 0.73125 0.5260416666666666 0.06875 0.07291666666666667
4 0.190625 0.5895833333333333 0.084375 0.0875
9 0.8484375 0.596875 0.1375 0.22708333333333333
4 0.58125 0.6541666666666667 0.1 0.1375
4 0.8046875 0.7708333333333334 0.146875 0.19166666666666668