9 0.2734375 0.3572916666666667 0.040625 0.04791666666666667
9 0.24765625 0.3802083333333333 0.0453125 0.06458333333333334
4 0.6234375 0.415625 0.04375 0.05625
4 0.6890625 0.41770833333333335 0.046875 0.05625
4 0.57109375 0.4197916666666667 0.0390625 0.06458333333333334
9 0.265625 0.43020833333333336 0.059375 0.09375
4 0.3609375 0.446875 0.046875 0.05625
4 0.17890625 0.4552083333333333 0.0515625 0.07708333333333334
4 0.6828125 0.4625 0.0625 0.07083333333333333
9 0.23046875 0.48125 0.0734375 0.13333333333333333
4 0.52109375 0.525 0.0609375 0.09166666666666666
4 0.33125 0.5322916666666667 0.059375 0.07291666666666667
4 0.09375 0.6083333333333333 0.103125 0.11666666666666667
4 0.6765625 0.6135416666666667 0.084375 0.10625
8 0.86875 0.6291666666666667 0.23125 0.2375
4 0.29609375 0.6322916666666667 0.0921875 0.10625
4 0.57734375 0.68125 0.0984375 0.1375
4 0.22890625 0.81875 0.1390625 0.17083333333333334
4 0.85546875 0.8375 0.1484375 0.175