0 0.478125 0.3541666666666667 0.053125 0.1125
7 0.32265625 0.36041666666666666 0.0578125 0.08333333333333333
4 0.3734375 0.39791666666666664 0.04375 0.05
1 0.571875 0.403125 0.078125 0.13125
7 0.25546875 0.4041666666666667 0.0546875 0.09166666666666666
1 0.68046875 0.4239583333333333 0.1015625 0.14375
4 0.34296875 0.46979166666666666 0.0546875 0.06458333333333334
4 0.5203125 0.5083333333333333 0.0625 0.0875
7 0.84765625 0.5479166666666667 0.0828125 0.1125
4 0.1875 0.5552083333333333 0.08125 0.09791666666666667
4 0.6640625 0.55625 0.071875 0.125
4 0.95234375 0.6125 0.0953125 0.125
7 0.08984375 0.7020833333333333 0.1328125 0.2375
0 0.84609375 0.7375 0.3078125 0.42916666666666664
4 0.26640625 0.759375 0.1171875 0.16458333333333333
4 0.6515625 0.784375 0.1375 0.20208333333333334