4 0.3734375 0.375 0.03125 0.041666666666666664
4 0.515625 0.42916666666666664 0.046875 0.07083333333333333
4 0.66484375 0.43125 0.0640625 0.06666666666666667
4 0.57265625 0.4322916666666667 0.0421875 0.05625
4 0.7703125 0.4791666666666667 0.065625 0.08333333333333333
4 0.52265625 0.509375 0.0640625 0.08125
10 0.640625 0.5114583333333333 0.0875 0.14791666666666667
4 0.72265625 0.5208333333333334 0.0703125 0.07083333333333333
9 0.834375 0.578125 0.1375 0.20625
4 0.16484375 0.625 0.0921875 0.09166666666666666
4 0.57265625 0.6260416666666667 0.0859375 0.12708333333333333
4 0.78515625 0.7395833333333334 0.1328125 0.175