4 0.303125 0.4114583333333333 0.040625 0.06041666666666667
7 0.1484375 0.4625 0.08125 0.10833333333333334
4 0.5203125 0.496875 0.065625 0.09375
7 0.62734375 0.496875 0.0921875 0.12708333333333333
4 0.71640625 0.5125 0.0546875 0.10416666666666667
4 0.53203125 0.521875 0.0546875 0.08125
1 0.871875 0.5427083333333333 0.225 0.23541666666666666
7 0.67734375 0.55625 0.1421875 0.17916666666666667
4 0.56015625 0.575 0.0703125 0.12083333333333333
4 0.21484375 0.584375 0.0921875 0.13958333333333334
7 0.54296875 0.628125 0.0796875 0.15625
7 0.825 0.74375 0.125 0.20833333333333334
4 0.5953125 0.7875 0.121875 0.2
4 0.6375 0.9291666666666667 0.146875 0.14166666666666666