7 0.28828125 0.34479166666666666 0.0421875 0.06041666666666667
4 0.375 0.3697916666666667 0.034375 0.04375
1 0.54765625 0.37916666666666665 0.0671875 0.10416666666666667
4 0.59921875 0.38333333333333336 0.0390625 0.05416666666666667
7 0.62890625 0.41041666666666665 0.0484375 0.0625
4 0.490625 0.4114583333333333 0.0375 0.04791666666666667
4 0.58828125 0.46145833333333336 0.0578125 0.07291666666666667
4 0.67890625 0.4666666666666667 0.0609375 0.07083333333333333
4 0.5265625 0.4979166666666667 0.059375 0.08333333333333333
7 0.10546875 0.5166666666666667 0.0984375 0.11666666666666667
7 0.759375 0.5239583333333333 0.103125 0.14791666666666667
4 0.3140625 0.5541666666666667 0.06875 0.0875
4 0.70390625 0.6229166666666667 0.1078125 0.13333333333333333
4 0.55625 0.6260416666666667 0.08125 0.10625