4 0.5078125 0.334375 0.025 0.03958333333333333
10 0.27890625 0.346875 0.0328125 0.06458333333333334
10 0.5421875 0.35208333333333336 0.040625 0.0875
8 0.31953125 0.35625 0.0515625 0.075
4 0.47734375 0.3645833333333333 0.0328125 0.04583333333333333
4 0.359375 0.4125 0.040625 0.05
8 0.1859375 0.5177083333333333 0.134375 0.19791666666666666
4 0.546875 0.5760416666666667 0.075 0.11875
4 0.3046875 0.590625 0.08125 0.11041666666666666
4 0.73203125 0.6614583333333334 0.1203125 0.16458333333333333
9 0.065625 0.7260416666666667 0.13125 0.3020833333333333