1 0.28671875 0.3375 0.0546875 0.09166666666666666
10 0.596875 0.3697916666666667 0.0375 0.06458333333333334
4 0.4890625 0.3885416666666667 0.0375 0.06041666666666667
4 0.37578125 0.39375 0.0421875 0.0625
4 0.3046875 0.41354166666666664 0.0375 0.04791666666666667
1 0.12734375 0.47604166666666664 0.1703125 0.21458333333333332
4 0.3546875 0.4822916666666667 0.053125 0.06458333333333334
4 0.59765625 0.484375 0.0546875 0.07291666666666667
4 0.25078125 0.509375 0.0609375 0.07708333333333334
9 0.67578125 0.5302083333333333 0.1109375 0.18541666666666667
10 0.8125 0.5625 0.096875 0.125
3 0.540625 0.5645833333333333 0.06875 0.12083333333333333
4 0.31953125 0.578125 0.0734375 0.08958333333333333
9 0.75625 0.6447916666666667 0.13125 0.18125
4 0.60234375 0.7770833333333333 0.1078125 0.175
1 0.06328125 0.8010416666666667 0.1265625 0.38125
4 0.19140625 0.9083333333333333 0.1671875 0.18333333333333332