9 0.54609375 0.378125 0.0453125 0.07708333333333334
4 0.48671875 0.396875 0.0328125 0.04375
11 0.6328125 0.41041666666666665 0.090625 0.08333333333333333
4 0.51171875 0.41354166666666664 0.0390625 0.03958333333333333
4 0.74140625 0.45625 0.0578125 0.06666666666666667
3 0.50546875 0.46041666666666664 0.0546875 0.10416666666666667
7 0.24921875 0.4625 0.0765625 0.125
4 0.1375 0.50625 0.065625 0.075
4 0.8125 0.5125 0.075 0.0875
9 0.64609375 0.5270833333333333 0.1015625 0.15833333333333333
4 0.54296875 0.55625 0.0765625 0.11666666666666667
9 0.77421875 0.55625 0.1078125 0.15
10 0.9359375 0.6989583333333333 0.128125 0.18541666666666667
4 0.76015625 0.7125 0.1140625 0.15416666666666667
4 0.60859375 0.7760416666666666 0.1203125 0.19791666666666666