7 0.359375 0.31979166666666664 0.028125 0.04375
7 0.3109375 0.32083333333333336 0.028125 0.05
5 0.51171875 0.3375 0.0421875 0.05416666666666667
4 0.48125 0.38958333333333334 0.034375 0.041666666666666664
1 0.56484375 0.390625 0.0828125 0.14791666666666667
4 0.3640625 0.40520833333333334 0.04375 0.04791666666666667
4 0.62890625 0.4083333333333333 0.0390625 0.05416666666666667
0 0.6859375 0.42083333333333334 0.084375 0.12916666666666668
4 0.49609375 0.440625 0.0359375 0.052083333333333336
4 0.52578125 0.5177083333333333 0.0640625 0.07291666666666667
5 0.803125 0.5395833333333333 0.15625 0.175
4 0.56953125 0.64375 0.0828125 0.1125
4 0.7296875 0.6666666666666666 0.10625 0.1125
4 0.66484375 0.9552083333333333 0.1421875 0.08958333333333333