4 0.40625 0.30625 0.028125 0.0375
4 0.3703125 0.3125 0.03125 0.029166666666666667
7 0.3109375 0.325 0.05625 0.0875
4 0.3890625 0.33541666666666664 0.040625 0.05
1 0.5453125 0.36770833333333336 0.071875 0.10625
4 0.37890625 0.37916666666666665 0.0515625 0.06666666666666667
4 0.65546875 0.43125 0.0515625 0.075
4 0.49921875 0.45416666666666666 0.0546875 0.075
7 0.5984375 0.4552083333333333 0.090625 0.14375
4 0.7 0.465625 0.075 0.10208333333333333
4 0.5296875 0.5239583333333333 0.071875 0.10625
4 0.3171875 0.5541666666666667 0.096875 0.14166666666666666
4 0.65390625 0.5583333333333333 0.1015625 0.13333333333333333
4 0.8421875 0.5635416666666667 0.090625 0.12708333333333333
4 0.56328125 0.6166666666666667 0.1078125 0.15416666666666667
1 0.925 0.6958333333333333 0.15 0.30416666666666664
4 0.59609375 0.7989583333333333 0.1328125 0.22708333333333333
4 0.36328125 0.8833333333333333 0.0015625 0.0125
4 0.9 0.925 0.2 0.15