10 0.5140625 0.32916666666666666 0.034375 0.07083333333333333
10 0.55859375 0.334375 0.0359375 0.06458333333333334
8 0.33359375 0.34479166666666666 0.0546875 0.08541666666666667
9 0.28125 0.34791666666666665 0.05625 0.07083333333333333
4 0.378125 0.37604166666666666 0.03125 0.03958333333333333
8 0.23984375 0.384375 0.0828125 0.08541666666666667
4 0.55703125 0.409375 0.0390625 0.05625
4 0.353125 0.4322916666666667 0.04375 0.05625
4 0.5109375 0.434375 0.040625 0.06875
2 0.2640625 0.4375 0.09375 0.14166666666666666
10 0.1578125 0.45729166666666665 0.071875 0.10625
10 0.3 0.5895833333333333 0.090625 0.11666666666666667