11 0.5921875 0.371875 0.06875 0.07291666666666667
4 0.6515625 0.3875 0.0375 0.05
4 0.365625 0.38958333333333334 0.03125 0.0375
3 0.48828125 0.4 0.0421875 0.07916666666666666
9 0.571875 0.4270833333333333 0.065625 0.09583333333333334
4 0.50546875 0.45416666666666666 0.0515625 0.075
9 0.67734375 0.4583333333333333 0.0671875 0.075
4 0.6140625 0.5072916666666667 0.075 0.08958333333333333
4 0.5203125 0.5333333333333333 0.065625 0.10416666666666667
9 0.90546875 0.6635416666666667 0.1171875 0.15625
11 0.771875 0.665625 0.240625 0.3645833333333333
4 0.5953125 0.728125 0.1 0.13958333333333334