8 0.6078125 0.359375 0.053125 0.09791666666666667
11 0.55234375 0.37083333333333335 0.0703125 0.1
9 0.22734375 0.37604166666666666 0.0765625 0.09791666666666667
5 0.3203125 0.3770833333333333 0.04375 0.05
4 0.4828125 0.384375 0.034375 0.04791666666666667
4 0.365625 0.4125 0.040625 0.05416666666666667
4 0.2890625 0.4270833333333333 0.046875 0.058333333333333334
4 0.50234375 0.4708333333333333 0.0484375 0.07916666666666666
8 0.665625 0.5052083333333334 0.13125 0.23125
9 0.2203125 0.5083333333333333 0.09375 0.15416666666666667
1 0.0375 0.60625 0.075 0.31666666666666665
8 0.9046875 0.6364583333333333 0.190625 0.23958333333333334
4 0.296875 0.65 0.09375 0.125
9 0.85703125 0.740625 0.1953125 0.34375
4 0.5921875 0.7416666666666667 0.103125 0.17083333333333334
4 0.065625 0.7822916666666667 0.13125 0.15208333333333332
4 0.190625 0.9239583333333333 0.175 0.15208333333333332