6 0.3359375 0.35104166666666664 0.03125 0.05625
4 0.37421875 0.384375 0.0328125 0.03958333333333333
8 0.64296875 0.39479166666666665 0.0828125 0.09375
10 0.55 0.40729166666666666 0.028125 0.07291666666666667
4 0.70859375 0.421875 0.0484375 0.06875
4 0.496875 0.425 0.040625 0.05416666666666667
9 0.596875 0.4322916666666667 0.071875 0.13541666666666666
4 0.51015625 0.47291666666666665 0.0484375 0.06666666666666667
9 0.6546875 0.5197916666666667 0.090625 0.16458333333333333
11 0.82265625 0.5947916666666667 0.2078125 0.18541666666666667
4 0.57265625 0.6458333333333334 0.0890625 0.13333333333333333
4 0.8 0.8385416666666666 0.165625 0.21875
4 0.22421875 0.884375 0.1390625 0.18541666666666667