4 0.375 0.3614583333333333 0.034375 0.03958333333333333
4 0.2890625 0.365625 0.034375 0.052083333333333336
7 0.55078125 0.37916666666666665 0.0453125 0.08333333333333333
4 0.31953125 0.38229166666666664 0.0265625 0.04375
4 0.37109375 0.396875 0.0390625 0.04375
4 0.5 0.41875 0.040625 0.041666666666666664
7 0.70234375 0.4270833333333333 0.0703125 0.07916666666666666
4 0.51171875 0.45416666666666666 0.0578125 0.05416666666666667
4 0.59375 0.45729166666666665 0.04375 0.08125
4 0.52265625 0.49375 0.0453125 0.0625
7 0.76953125 0.496875 0.1078125 0.15625
7 0.61953125 0.5072916666666667 0.0515625 0.11458333333333333
7 0.6703125 0.5447916666666667 0.103125 0.20208333333333334
4 0.55234375 0.559375 0.0703125 0.09791666666666667
7 0.5390625 0.5885416666666666 0.0875 0.11875
7 0.74453125 0.6333333333333333 0.0734375 0.12916666666666668
1 0.859375 0.7104166666666667 0.234375 0.36666666666666664
4 0.58046875 0.715625 0.1078125 0.13541666666666666
4 0.61484375 0.8302083333333333 0.1234375 0.13958333333333334
1 0.92109375 0.84375 0.1578125 0.3125
4 0.646875 0.94375 0.146875 0.1125