4 0.496875 0.3125 0.025 0.025
4 0.39453125 0.31979166666666664 0.0234375 0.035416666666666666
10 0.51875 0.32395833333333335 0.034375 0.06458333333333334
4 0.46484375 0.328125 0.0265625 0.035416666666666666
4 0.375 0.35104166666666664 0.034375 0.04375
7 0.234375 0.39375 0.05 0.07083333333333333
8 0.284375 0.4010416666666667 0.071875 0.09791666666666667
4 0.49140625 0.40520833333333334 0.0421875 0.05625
4 0.59609375 0.4666666666666667 0.0640625 0.075
4 0.30078125 0.578125 0.0828125 0.09791666666666667
4 0.57421875 0.6145833333333334 0.0890625 0.12916666666666668
4 0.86328125 0.8635416666666667 0.1859375 0.24791666666666667