7 0.3109375 0.33125 0.034375 0.058333333333333334
4 0.3453125 0.340625 0.028125 0.03958333333333333
4 0.38828125 0.35 0.0296875 0.04583333333333333
4 0.47890625 0.36354166666666665 0.0421875 0.04375
4 0.35546875 0.3854166666666667 0.0453125 0.05416666666666667
4 0.4890625 0.4041666666666667 0.053125 0.05
1 0.6015625 0.45208333333333334 0.08125 0.1625
4 0.5125 0.4635416666666667 0.0625 0.06458333333333334
4 0.2484375 0.465625 0.0625 0.06875
4 0.52265625 0.5333333333333333 0.0734375 0.09166666666666666
1 0.83515625 0.5625 0.1640625 0.20833333333333334
1 0.7296875 0.5875 0.190625 0.30833333333333335
4 0.5578125 0.6375 0.10625 0.11666666666666667
7 0.08828125 0.746875 0.1515625 0.2520833333333333
4 0.58046875 0.7541666666666667 0.1203125 0.17083333333333334
4 0.646875 0.9010416666666666 0.1625 0.18958333333333333