7 0.33046875 0.35625 0.0515625 0.0625
4 0.3765625 0.39791666666666664 0.040625 0.04583333333333333
7 0.66640625 0.4166666666666667 0.0765625 0.10416666666666667
4 0.5890625 0.44166666666666665 0.046875 0.06666666666666667
4 0.5046875 0.45208333333333334 0.040625 0.05
7 0.51328125 0.5 0.0671875 0.09166666666666666
7 0.61796875 0.5072916666666667 0.0546875 0.12708333333333333
7 0.76484375 0.51875 0.0703125 0.10833333333333334
7 0.68046875 0.565625 0.1140625 0.18541666666666667
4 0.51328125 0.56875 0.0734375 0.10833333333333334
7 0.04296875 0.5947916666666667 0.0859375 0.19375
7 0.7296875 0.6375 0.05 0.1625
4 0.5578125 0.6552083333333333 0.090625 0.15208333333333332
4 0.62109375 0.8958333333333334 0.1609375 0.20833333333333334