4 0.371875 0.371875 0.034375 0.04375
4 0.490625 0.40520833333333334 0.0375 0.04791666666666667
5 0.18359375 0.4114583333333333 0.1078125 0.11875
4 0.29453125 0.4166666666666667 0.0453125 0.0625
9 0.65078125 0.42916666666666664 0.0578125 0.08333333333333333
4 0.56640625 0.434375 0.0453125 0.052083333333333336
4 0.51640625 0.45625 0.0515625 0.06666666666666667
9 0.6078125 0.48541666666666666 0.06875 0.1
4 0.334375 0.5510416666666667 0.065625 0.08958333333333333
5 0.13515625 0.5635416666666667 0.2015625 0.28125
4 0.53984375 0.5791666666666667 0.0765625 0.10416666666666667
4 0.828125 0.7822916666666667 0.140625 0.18541666666666667