7 0.35625 0.31875 0.04375 0.075
7 0.396875 0.32708333333333334 0.040625 0.06666666666666667
4 0.37578125 0.37083333333333335 0.0390625 0.05416666666666667
1 0.71640625 0.425 0.1546875 0.14583333333333334
4 0.36171875 0.43125 0.0453125 0.06666666666666667
7 0.61015625 0.43645833333333334 0.0640625 0.13125
4 0.55234375 0.4625 0.0703125 0.09166666666666666
7 0.2171875 0.475 0.13125 0.2125
4 0.503125 0.48854166666666665 0.0625 0.08125
4 0.65546875 0.5291666666666667 0.0546875 0.12916666666666668
4 0.52265625 0.55625 0.0796875 0.1125
1 0.73671875 0.584375 0.1578125 0.25625
4 0.56484375 0.6604166666666667 0.1109375 0.15416666666666667
1 0.86015625 0.765625 0.2796875 0.46875
4 0.60078125 0.796875 0.1515625 0.23125