9 0.271875 0.3489583333333333 0.05625 0.08958333333333333
4 0.38671875 0.36041666666666666 0.0296875 0.03333333333333333
4 0.32734375 0.37395833333333334 0.0328125 0.04375
9 0.29375 0.40520833333333334 0.05625 0.09375
8 0.6640625 0.409375 0.078125 0.14791666666666667
4 0.4921875 0.41354166666666664 0.034375 0.04791666666666667
11 0.6 0.43020833333333336 0.10625 0.16458333333333333
4 0.359375 0.4479166666666667 0.05 0.058333333333333334
1 0.128125 0.4625 0.16875 0.21666666666666667
4 0.509375 0.465625 0.05 0.07291666666666667
4 0.2453125 0.4979166666666667 0.0625 0.07083333333333333
4 0.328125 0.521875 0.05625 0.07291666666666667
7 0.09140625 0.665625 0.1171875 0.13541666666666666
4 0.57421875 0.703125 0.1015625 0.14791666666666667
8 0.859375 0.7416666666666667 0.28125 0.475