7 0.3265625 0.30625 0.03125 0.05
4 0.38828125 0.3333333333333333 0.0234375 0.03333333333333333
1 0.3046875 0.3729166666666667 0.06875 0.12083333333333333
4 0.61796875 0.37604166666666666 0.0703125 0.11041666666666666
4 0.38125 0.38125 0.03125 0.041666666666666664
7 0.55234375 0.3875 0.0515625 0.09166666666666666
4 0.49375 0.40208333333333335 0.0375 0.05
4 0.571875 0.4239583333333333 0.034375 0.052083333333333336
4 0.36328125 0.42916666666666664 0.0453125 0.0625
4 0.59453125 0.45208333333333334 0.0453125 0.075
4 0.5046875 0.46458333333333335 0.046875 0.06666666666666667
1 0.74296875 0.478125 0.1515625 0.24791666666666667
4 0.51640625 0.4979166666666667 0.0609375 0.08333333333333333
7 0.6234375 0.5114583333333333 0.071875 0.13125
4 0.1328125 0.5197916666666667 0.071875 0.07708333333333334
4 0.53203125 0.53125 0.0578125 0.0875
7 0.6703125 0.54375 0.109375 0.20833333333333334
7 0.85546875 0.59375 0.1515625 0.225
7 0.53828125 0.6354166666666666 0.0890625 0.16666666666666666
4 0.58046875 0.7395833333333334 0.1078125 0.17083333333333334
1 0.8578125 0.7541666666666667 0.225 0.42916666666666664
4 0.04375 0.7583333333333333 0.0875 0.125
4 0.61328125 0.8635416666666667 0.1421875 0.22291666666666668
4 0.6421875 0.9489583333333333 0.15 0.10208333333333333