0 0.4640625 0.33645833333333336 0.04375 0.06458333333333334
0 0.52578125 0.33645833333333336 0.0515625 0.08125
4 0.46953125 0.359375 0.0265625 0.03125
4 0.32578125 0.37083333333333335 0.0328125 0.04583333333333333
7 0.628125 0.39375 0.0625 0.1
4 0.484375 0.3958333333333333 0.034375 0.04583333333333333
4 0.3671875 0.39791666666666664 0.04375 0.058333333333333334
0 0.56875 0.39895833333333336 0.075 0.12708333333333333
4 0.69375 0.4197916666666667 0.046875 0.052083333333333336
7 0.27109375 0.43333333333333335 0.0578125 0.07916666666666666
4 0.66171875 0.44895833333333335 0.0453125 0.06041666666666667
4 0.503125 0.45416666666666666 0.05 0.07916666666666666
7 0.17578125 0.46770833333333334 0.0765625 0.10625
4 0.52265625 0.5 0.0546875 0.0875
8 0.81015625 0.5166666666666667 0.1921875 0.24583333333333332
4 0.65859375 0.56875 0.0765625 0.10833333333333334
4 0.30390625 0.6229166666666667 0.0921875 0.12916666666666668
4 0.55078125 0.628125 0.0828125 0.13958333333333334
4 0.628125 0.81875 0.13125 0.17916666666666667
4 0.840625 0.8677083333333333 0.175 0.22708333333333333