7 0.25859375 0.38645833333333335 0.0484375 0.06041666666666667
2 0.65390625 0.4041666666666667 0.0953125 0.12916666666666668
7 0.29609375 0.41770833333333335 0.0484375 0.06041666666666667
4 0.49296875 0.421875 0.0421875 0.052083333333333336
4 0.33671875 0.43645833333333334 0.0484375 0.05625
9 0.59453125 0.4510416666666667 0.0609375 0.11041666666666666
4 0.515625 0.46458333333333335 0.05 0.075
4 0.33515625 0.4947916666666667 0.0546875 0.06875
10 0.78828125 0.5520833333333334 0.0953125 0.14166666666666666
4 0.665625 0.565625 0.078125 0.10208333333333333
4 0.58359375 0.7041666666666667 0.1078125 0.15416666666666667
4 0.9296875 0.721875 0.140625 0.18125
4 0.79609375 0.821875 0.1515625 0.18958333333333333
4 0.190625 0.9125 0.15625 0.175