7 0.31953125 0.31666666666666665 0.0328125 0.04583333333333333
4 0.38984375 0.340625 0.0265625 0.035416666666666666
1 0.5984375 0.3458333333333333 0.059375 0.10416666666666667
1 0.54609375 0.35833333333333334 0.0640625 0.10833333333333334
7 0.275 0.36041666666666666 0.04375 0.058333333333333334
7 0.32421875 0.36354166666666665 0.0359375 0.06041666666666667
0 0.48671875 0.37395833333333334 0.0578125 0.09791666666666667
4 0.37265625 0.3802083333333333 0.0359375 0.04791666666666667
4 0.665625 0.38958333333333334 0.034375 0.041666666666666664
4 0.52109375 0.50625 0.0609375 0.07916666666666666
1 0.69609375 0.5666666666666667 0.1859375 0.29583333333333334
1 0.85859375 0.58125 0.2171875 0.25833333333333336
4 0.315625 0.5989583333333334 0.078125 0.09791666666666667
7 0.1546875 0.609375 0.140625 0.16458333333333333