7 0.40234375 0.2625 0.0171875 0.03333333333333333
4 0.36015625 0.28125 0.0171875 0.029166666666666667
7 0.37734375 0.28958333333333336 0.0171875 0.041666666666666664
1 0.49453125 0.29375 0.0328125 0.075
7 0.40390625 0.29791666666666666 0.0234375 0.04583333333333333
7 0.53515625 0.29791666666666666 0.0328125 0.03333333333333333
7 0.32421875 0.3020833333333333 0.0265625 0.05
4 0.46171875 0.3020833333333333 0.0265625 0.03333333333333333
7 0.3515625 0.32395833333333335 0.034375 0.05625
1 0.57421875 0.33125 0.0546875 0.0875
4 0.4703125 0.33958333333333335 0.025 0.03333333333333333
4 0.39453125 0.340625 0.0265625 0.035416666666666666
7 0.52734375 0.353125 0.0453125 0.08958333333333333
7 0.58984375 0.3625 0.0359375 0.058333333333333334
4 0.475 0.3645833333333333 0.025 0.029166666666666667
7 0.55078125 0.3885416666666667 0.0421875 0.08958333333333333
4 0.48359375 0.38958333333333334 0.0296875 0.03333333333333333
7 0.63203125 0.390625 0.0453125 0.08958333333333333
4 0.490625 0.41041666666666665 0.0375 0.0375
7 0.6796875 0.415625 0.078125 0.09375
7 0.221875 0.41770833333333335 0.071875 0.11875
4 0.56953125 0.4239583333333333 0.0296875 0.06041666666666667
4 0.5 0.440625 0.04375 0.05625
4 0.58671875 0.44166666666666665 0.0265625 0.0625
4 0.5109375 0.5020833333333333 0.059375 0.09583333333333334
7 0.6109375 0.5041666666666667 0.046875 0.1375
7 0.775 0.528125 0.1 0.08958333333333333
7 0.20234375 0.5364583333333334 0.0828125 0.13958333333333334
7 0.3125 0.546875 0.11875 0.21458333333333332
7 0.66171875 0.5479166666666667 0.0953125 0.1875
1 0.9421875 0.5958333333333333 0.115625 0.17916666666666667
4 0.53203125 0.5989583333333334 0.0765625 0.10208333333333333
7 0.72890625 0.6354166666666666 0.0390625 0.14583333333333334
1 0.84296875 0.7104166666666667 0.1921875 0.29583333333333334
4 0.57265625 0.7197916666666667 0.0953125 0.13541666666666666
1 0.91953125 0.83125 0.1484375 0.3125
4 0.64140625 0.934375 0.1421875 0.13125