8 0.6171875 0.36875 0.0625 0.1125
5 0.325 0.3729166666666667 0.04375 0.05
9 0.2359375 0.37604166666666666 0.06875 0.07708333333333334
11 0.55625 0.38229166666666664 0.078125 0.10625
4 0.48828125 0.39479166666666665 0.0390625 0.05625
4 0.371875 0.40520833333333334 0.0375 0.03958333333333333
4 0.29921875 0.41041666666666665 0.0390625 0.05
9 0.23671875 0.48333333333333334 0.0828125 0.12916666666666668
4 0.5140625 0.49375 0.059375 0.08333333333333333
8 0.684375 0.525 0.134375 0.25
1 0.04765625 0.5854166666666667 0.0953125 0.30833333333333335
4 0.31640625 0.5916666666666667 0.0859375 0.1
4 0.1125 0.7020833333333333 0.125 0.125
4 0.22890625 0.8333333333333334 0.1359375 0.16666666666666666
4 0.62265625 0.84375 0.1328125 0.20833333333333334