2 0.609375 0.37083333333333335 0.065625 0.09583333333333334
10 0.5765625 0.41041666666666665 0.04375 0.0875
4 0.521875 0.44583333333333336 0.046875 0.07083333333333333
4 0.59140625 0.4625 0.0546875 0.07083333333333333
4 0.74375 0.471875 0.071875 0.07708333333333334
4 0.26328125 0.48125 0.0515625 0.06666666666666667
10 0.6546875 0.5270833333333333 0.06875 0.10833333333333334
4 0.78046875 0.571875 0.0703125 0.08541666666666667
4 0.54453125 0.5875 0.0734375 0.10416666666666667
10 0.70234375 0.5927083333333333 0.1078125 0.18541666666666667
9 0.91875 0.6677083333333333 0.1625 0.26458333333333334
4 0.63203125 0.8 0.1328125 0.20833333333333334