1 0.59765625 0.34375 0.0515625 0.1
1 0.540625 0.3572916666666667 0.059375 0.11041666666666666
0 0.48671875 0.365625 0.0546875 0.09791666666666667
4 0.63515625 0.36770833333333336 0.0359375 0.052083333333333336
4 0.37734375 0.371875 0.0328125 0.04791666666666667
4 0.23984375 0.3958333333333333 0.0515625 0.08333333333333333
4 0.296875 0.4010416666666667 0.05625 0.09375
4 0.35703125 0.4395833333333333 0.0578125 0.0625
4 0.50390625 0.45729166666666665 0.0546875 0.08541666666666667
1 0.6453125 0.5052083333333334 0.134375 0.22291666666666668
1 0.7890625 0.5135416666666667 0.1625 0.22291666666666668
4 0.68125 0.9166666666666666 0.16875 0.16666666666666666