1 0.53359375 0.35104166666666664 0.0515625 0.08958333333333333
7 0.2515625 0.37604166666666666 0.05625 0.07291666666666667
7 0.60859375 0.3885416666666667 0.0453125 0.05625
4 0.484375 0.39166666666666666 0.03125 0.04583333333333333
4 0.56328125 0.42083333333333334 0.0453125 0.05416666666666667
4 0.63984375 0.4322916666666667 0.0484375 0.05625
4 0.5046875 0.4479166666666667 0.05 0.0625
7 0.7 0.4625 0.075 0.10833333333333334
4 0.328125 0.484375 0.059375 0.07291666666666667
4 0.6265625 0.5104166666666666 0.06875 0.0875
4 0.521875 0.515625 0.059375 0.07708333333333334
1 0.87265625 0.5833333333333334 0.2546875 0.35833333333333334
4 0.5921875 0.6697916666666667 0.1125 0.16041666666666668
1 0.83125 0.7895833333333333 0.290625 0.42083333333333334