1 0.2484375 0.35104166666666664 0.071875 0.10208333333333333
7 0.30625 0.378125 0.04375 0.07291666666666667
4 0.48359375 0.4083333333333333 0.0390625 0.05416666666666667
5 0.1796875 0.42083333333333334 0.096875 0.12916666666666668
9 0.609375 0.43125 0.0875 0.14583333333333334
9 0.2734375 0.43333333333333335 0.075 0.07916666666666666
8 0.75390625 0.503125 0.0984375 0.13125
4 0.33828125 0.5052083333333334 0.0640625 0.07708333333333334
4 0.23828125 0.5114583333333333 0.0640625 0.07291666666666667
4 0.52578125 0.5177083333333333 0.0609375 0.08541666666666667
4 0.14609375 0.5239583333333333 0.0734375 0.08125
9 0.69140625 0.540625 0.0984375 0.18958333333333333
9 0.07578125 0.7395833333333334 0.1515625 0.3