7 0.30078125 0.334375 0.0359375 0.05625
4 0.38515625 0.35625 0.0390625 0.041666666666666664
1 0.32109375 0.3770833333333333 0.0546875 0.0875
4 0.61484375 0.40520833333333334 0.0359375 0.06041666666666667
10 0.56953125 0.41041666666666665 0.0515625 0.0875
4 0.49375 0.42604166666666665 0.04375 0.06041666666666667
4 0.6390625 0.43854166666666666 0.040625 0.05625
9 0.69375 0.45208333333333334 0.084375 0.125
4 0.5171875 0.4708333333333333 0.053125 0.075
4 0.62890625 0.5114583333333333 0.0671875 0.08958333333333333
8 0.8390625 0.5604166666666667 0.209375 0.29583333333333334
9 0.696875 0.6052083333333333 0.10625 0.18958333333333333
4 0.55859375 0.6479166666666667 0.0796875 0.11666666666666667
4 0.2671875 0.6895833333333333 0.09375 0.1125
7 0.91328125 0.8635416666666667 0.1734375 0.26875