4 0.4796875 0.37395833333333334 0.034375 0.03958333333333333
9 0.55234375 0.38333333333333336 0.0484375 0.09166666666666666
4 0.48828125 0.40729166666666666 0.0421875 0.05625
11 0.63828125 0.4166666666666667 0.0890625 0.09583333333333334
7 0.27578125 0.42083333333333334 0.0671875 0.10416666666666667
4 0.51875 0.4270833333333333 0.040625 0.05
4 0.1828125 0.4625 0.059375 0.06666666666666667
3 0.51328125 0.48333333333333334 0.0640625 0.1125
4 0.78359375 0.49375 0.0703125 0.075
4 0.87734375 0.5635416666666667 0.0921875 0.11041666666666666
9 0.66953125 0.5645833333333333 0.1140625 0.16666666666666666
9 0.80078125 0.5854166666666667 0.1265625 0.1625
4 0.55546875 0.6 0.0828125 0.12083333333333333
4 0.8140625 0.7791666666666667 0.146875 0.19583333333333333
4 0.21953125 0.86875 0.1390625 0.175
4 0.6390625 0.88125 0.140625 0.2375