5 0.3453125 0.365625 0.0375 0.03958333333333333
9 0.55859375 0.4 0.0515625 0.09583333333333334
4 0.49765625 0.41354166666666664 0.0421875 0.05625
9 0.59921875 0.43854166666666666 0.0671875 0.13125
2 0.69453125 0.4479166666666667 0.1171875 0.15416666666666667
4 0.79453125 0.5104166666666666 0.0609375 0.06666666666666667
4 0.52734375 0.5114583333333333 0.0546875 0.07291666666666667
9 0.67578125 0.5447916666666667 0.1171875 0.20625
2 0.9 0.6739583333333333 0.2 0.3729166666666667
4 0.58359375 0.7 0.1015625 0.15833333333333333
4 0.86484375 0.8354166666666667 0.1671875 0.2125