2 0.6453125 0.39895833333333336 0.0875 0.12291666666666666
7 0.24140625 0.4010416666666667 0.0515625 0.06458333333333334
4 0.48828125 0.4114583333333333 0.0421875 0.052083333333333336
7 0.28203125 0.4375 0.0515625 0.06666666666666667
9 0.58359375 0.43854166666666666 0.0578125 0.10625
4 0.5109375 0.45625 0.05 0.075
4 0.315625 0.47291666666666665 0.05625 0.06666666666666667
10 0.7625 0.5270833333333333 0.090625 0.13333333333333333
4 0.64765625 0.5375 0.0671875 0.0875
4 0.3203125 0.5416666666666666 0.065625 0.08333333333333333
4 0.5671875 0.6541666666666667 0.096875 0.1375
4 0.8859375 0.6791666666666667 0.125 0.1625
4 0.75625 0.7510416666666667 0.125 0.15625