10 0.34609375 0.33645833333333336 0.0390625 0.06875
4 0.50859375 0.35 0.0265625 0.041666666666666664
4 0.38203125 0.35625 0.0359375 0.041666666666666664
4 0.484375 0.36354166666666665 0.03125 0.04791666666666667
9 0.225 0.3927083333333333 0.078125 0.08958333333333333
11 0.29296875 0.3958333333333333 0.0828125 0.11666666666666667
11 0.128125 0.4791666666666667 0.15625 0.15416666666666667
4 0.33515625 0.503125 0.0609375 0.08958333333333333
4 0.5921875 0.503125 0.05625 0.08541666666666667
4 0.53515625 0.565625 0.0765625 0.12291666666666666
0 0.09453125 0.73125 0.1890625 0.4125
4 0.24609375 0.765625 0.1234375 0.15625
4 0.81640625 0.79375 0.1484375 0.22083333333333333