5 0.24140625 0.36041666666666666 0.0765625 0.07083333333333333
4 0.33203125 0.36770833333333336 0.0296875 0.04375
4 0.56875 0.4114583333333333 0.040625 0.05625
4 0.3734375 0.4270833333333333 0.04375 0.05416666666666667
4 0.50234375 0.446875 0.0453125 0.06458333333333334
5 0.2296875 0.44895833333333335 0.121875 0.17708333333333334
1 0.11875 0.4666666666666667 0.109375 0.14583333333333334
9 0.69140625 0.47604166666666664 0.0765625 0.11458333333333333
4 0.59921875 0.48854166666666665 0.0546875 0.06458333333333334
4 0.534375 0.5229166666666667 0.059375 0.0875
9 0.6640625 0.5583333333333333 0.1 0.14166666666666666
5 0.0953125 0.6645833333333333 0.190625 0.3875
4 0.5859375 0.73125 0.115625 0.17083333333333334