5 0.27890625 0.39375 0.0828125 0.12083333333333333
4 0.48984375 0.39791666666666664 0.0359375 0.04583333333333333
4 0.37734375 0.39895833333333336 0.0359375 0.04791666666666667
7 0.21171875 0.41041666666666665 0.0546875 0.0625
4 0.56796875 0.42604166666666665 0.0421875 0.052083333333333336
8 0.66328125 0.42604166666666665 0.0890625 0.11041666666666666
4 0.503125 0.446875 0.04375 0.06041666666666667
9 0.159375 0.459375 0.071875 0.09791666666666667
4 0.61640625 0.49166666666666664 0.0578125 0.06666666666666667
9 0.06015625 0.5447916666666667 0.1203125 0.14375
4 0.67578125 0.56875 0.0828125 0.10833333333333334
4 0.2921875 0.6916666666666667 0.096875 0.125
4 0.57578125 0.7010416666666667 0.0984375 0.15625
4 0.8609375 0.915625 0.16875 0.16875