7 0.2984375 0.33645833333333336 0.040625 0.06041666666666667
1 0.35078125 0.33645833333333336 0.0453125 0.09375
4 0.3265625 0.38333333333333336 0.040625 0.058333333333333334
7 0.65625 0.421875 0.0625 0.11458333333333333
4 0.4953125 0.4427083333333333 0.05625 0.07291666666666667
7 0.58828125 0.4510416666666667 0.0640625 0.10625
4 0.50234375 0.48541666666666666 0.0609375 0.075
1 0.79140625 0.503125 0.1765625 0.20208333333333334
7 0.63046875 0.5135416666666667 0.0796875 0.13541666666666666
4 0.5171875 0.5322916666666667 0.08125 0.08541666666666667
4 0.5125 0.5614583333333333 0.08125 0.13958333333333334
6 0.946875 0.6072916666666667 0.10625 0.16458333333333333
1 0.81328125 0.621875 0.1921875 0.30625
4 0.64765625 0.65625 0.0921875 0.11666666666666667
4 0.5359375 0.659375 0.11875 0.16875
0 0.128125 0.675 0.196875 0.4041666666666667
1 0.89140625 0.8229166666666666 0.2171875 0.3541666666666667
4 0.6 0.86875 0.140625 0.17083333333333334