4 0.38515625 0.3416666666666667 0.0328125 0.041666666666666664
1 0.5359375 0.34791666666666665 0.05625 0.1125
0 0.6390625 0.3729166666666667 0.0625 0.08333333333333333
4 0.59140625 0.37916666666666665 0.0359375 0.04583333333333333
7 0.30234375 0.396875 0.0515625 0.06458333333333334
4 0.49140625 0.4166666666666667 0.0390625 0.04583333333333333
5 0.69609375 0.43020833333333336 0.0828125 0.09375
4 0.61484375 0.4354166666666667 0.0421875 0.05416666666666667
4 0.50546875 0.4625 0.0484375 0.05416666666666667
4 0.34609375 0.46770833333333334 0.0515625 0.052083333333333336
9 0.6609375 0.4822916666666667 0.096875 0.13541666666666666
4 0.52578125 0.5583333333333333 0.0703125 0.0875
1 0.8203125 0.73125 0.296875 0.4583333333333333
4 0.59765625 0.753125 0.1203125 0.21041666666666667