7 0.3765625 0.27395833333333336 0.025 0.03958333333333333
7 0.4140625 0.275 0.025 0.041666666666666664
7 0.340625 0.278125 0.028125 0.035416666666666666
7 0.35390625 0.28020833333333334 0.0046875 0.00625
7 0.35390625 0.28020833333333334 0.0046875 0.00625
4 0.45390625 0.28020833333333334 0.0015625 0.00625
7 0.37734375 0.2916666666666667 0.0015625 0.008333333333333333
4 0.453125 0.2947916666666667 0.01875 0.027083333333333334
7 0.35859375 0.3020833333333333 0.0359375 0.05416666666666667
4 0.4609375 0.30833333333333335 0.01875 0.020833333333333332
1 0.50390625 0.3125 0.0296875 0.075
4 0.46484375 0.321875 0.0234375 0.027083333333333334
7 0.39296875 0.32395833333333335 0.0359375 0.06458333333333334
1 0.58359375 0.34375 0.0453125 0.06666666666666667
4 0.471875 0.35625 0.025 0.03333333333333333
7 0.528125 0.3645833333333333 0.040625 0.07916666666666666
7 0.32890625 0.36770833333333336 0.0515625 0.07708333333333334
1 0.61015625 0.39791666666666664 0.0515625 0.0625
4 0.484375 0.40208333333333335 0.028125 0.03333333333333333
7 0.5640625 0.40208333333333335 0.0375 0.08333333333333333
1 0.6609375 0.42291666666666666 0.053125 0.08333333333333333
4 0.49765625 0.428125 0.0015625 0.00625
4 0.5703125 0.440625 0.025 0.04375
4 0.49609375 0.44375 0.0359375 0.03333333333333333
4 0.596875 0.46145833333333336 0.034375 0.06458333333333334
4 0.5109375 0.47604166666666664 0.040625 0.04375
1 0.73671875 0.4979166666666667 0.0828125 0.12916666666666668
7 0.6328125 0.5541666666666667 0.059375 0.14166666666666666
4 0.0875 0.55625 0.065625 0.12083333333333333
4 0.52578125 0.5697916666666667 0.0609375 0.10208333333333333
7 0.68359375 0.5708333333333333 0.0921875 0.19166666666666668
1 0.82265625 0.6385416666666667 0.0078125 0.010416666666666666
1 0.82265625 0.6385416666666667 0.0078125 0.010416666666666666
4 0.7453125 0.6552083333333333 0.04375 0.13541666666666666
4 0.55703125 0.6947916666666667 0.0828125 0.12291666666666666
1 0.8609375 0.7322916666666667 0.18125 0.3145833333333333
4 0.24609375 0.7333333333333333 0.0921875 0.125
1 0.93046875 0.8291666666666667 0.1390625 0.2625
4 0.615625 0.8322916666666667 0.1625 0.18958333333333333
4 0.64609375 0.9489583333333333 0.1828125 0.10208333333333333