2 0.540625 0.3625 0.0625 0.0875
4 0.4734375 0.36354166666666665 0.028125 0.03125
8 0.66171875 0.3885416666666667 0.0953125 0.11041666666666666
4 0.48125 0.3927083333333333 0.0375 0.04375
4 0.490625 0.4354166666666667 0.05 0.0625
2 0.58515625 0.4354166666666667 0.0828125 0.15833333333333333
4 0.509375 0.45208333333333334 0.04375 0.0375
4 0.2640625 0.45729166666666665 0.05 0.06875
4 0.71640625 0.490625 0.0359375 0.06458333333333334
4 0.33046875 0.496875 0.0609375 0.07291666666666667
8 0.65546875 0.5 0.1234375 0.22916666666666666
4 0.51484375 0.50625 0.0640625 0.0875
4 0.7609375 0.5260416666666666 0.065625 0.07291666666666667
4 0.5515625 0.5729166666666666 0.096875 0.12083333333333333
4 0.79765625 0.578125 0.0703125 0.09791666666666667
4 0.86796875 0.6375 0.1109375 0.1375
4 0.72890625 0.66875 0.1046875 0.15
4 0.5671875 0.6854166666666667 0.10625 0.15
4 0.95703125 0.765625 0.0859375 0.13958333333333334
4 0.23515625 0.8239583333333333 0.1328125 0.18958333333333333
4 0.63828125 0.903125 0.1453125 0.19375