0 0.32109375 0.3854166666666667 0.0640625 0.10416666666666667
4 0.36484375 0.42083333333333334 0.0671875 0.075
1 0.6109375 0.48020833333333335 0.05 0.08958333333333333
4 0.3328125 0.5166666666666667 0.065625 0.075
4 0.51171875 0.5322916666666667 0.0609375 0.08958333333333333
1 0.66484375 0.540625 0.1015625 0.19375
1 0.871875 0.5447916666666667 0.221875 0.22291666666666668
4 0.5390625 0.5677083333333334 0.084375 0.08958333333333333
4 0.5578125 0.6645833333333333 0.090625 0.12916666666666668
1 0.10078125 0.6916666666666667 0.1671875 0.32916666666666666
1 0.8515625 0.6916666666666667 0.203125 0.31666666666666665
7 0.2546875 0.8135416666666667 0.159375 0.24791666666666667
4 0.703125 0.8291666666666667 0.140625 0.2625
1 0.91640625 0.834375 0.1671875 0.33125
4 0.59296875 0.925 0.1078125 0.15