4 0.39765625 0.3125 0.0234375 0.0375
10 0.28828125 0.346875 0.0328125 0.06458333333333334
8 0.325 0.35104166666666664 0.053125 0.07708333333333334
10 0.54453125 0.35208333333333336 0.0453125 0.0875
4 0.48203125 0.3729166666666667 0.0328125 0.04583333333333333
4 0.3609375 0.40208333333333335 0.040625 0.05
8 0.21640625 0.48333333333333334 0.1265625 0.17083333333333334
4 0.32109375 0.54375 0.0796875 0.10416666666666667
9 0.09140625 0.646875 0.1609375 0.23958333333333334
4 0.57109375 0.6510416666666666 0.0953125 0.15625
4 0.778125 0.7291666666666666 0.15 0.17916666666666667