4 0.38046875 0.3572916666666667 0.0359375 0.04375
9 0.53828125 0.3614583333333333 0.0453125 0.07291666666666667
4 0.28046875 0.3697916666666667 0.0390625 0.04375
8 0.640625 0.38958333333333334 0.06875 0.1125
4 0.5015625 0.41041666666666665 0.034375 0.05
2 0.5890625 0.41041666666666665 0.08125 0.12916666666666668
4 0.70390625 0.415625 0.0421875 0.052083333333333336
4 0.346875 0.43645833333333334 0.05 0.06458333333333334
4 0.52421875 0.4979166666666667 0.0546875 0.07083333333333333
8 0.7734375 0.509375 0.15625 0.17291666666666666
10 0.6515625 0.5354166666666667 0.078125 0.14166666666666666
4 0.55 0.6104166666666667 0.075 0.10416666666666667
9 0.76484375 0.659375 0.1703125 0.30625