7 0.34453125 0.2916666666666667 0.0296875 0.05
4 0.3890625 0.35625 0.034375 0.05
1 0.5578125 0.38333333333333336 0.065625 0.11666666666666667
4 0.5015625 0.428125 0.040625 0.04375
4 0.51875 0.5010416666666667 0.059375 0.06458333333333334
4 0.7609375 0.5125 0.06875 0.075
7 0.68203125 0.546875 0.1078125 0.18541666666666667
4 0.8390625 0.5989583333333334 0.1 0.11875
4 0.5671875 0.6364583333333333 0.08125 0.13541666666666666
4 0.56875 0.6385416666666667 0.09375 0.13958333333333334
4 0.80078125 0.7760416666666666 0.1328125 0.19791666666666666
4 0.6421875 0.875 0.1375 0.225