1 0.3234375 0.359375 0.05 0.07708333333333334
4 0.38203125 0.3729166666666667 0.0328125 0.03333333333333333
4 0.55390625 0.38958333333333334 0.0359375 0.05416666666666667
4 0.37109375 0.409375 0.0328125 0.03958333333333333
4 0.2859375 0.428125 0.040625 0.052083333333333336
4 0.49921875 0.43020833333333336 0.0453125 0.06458333333333334
10 0.59296875 0.43333333333333335 0.0484375 0.075
7 0.20078125 0.4375 0.0703125 0.09166666666666666
7 0.12421875 0.48020833333333335 0.0984375 0.14375
4 0.51015625 0.48541666666666666 0.0484375 0.07916666666666666
4 0.34453125 0.49583333333333335 0.0640625 0.07083333333333333
10 0.74453125 0.5041666666666667 0.0703125 0.10833333333333334
7 0.215625 0.5416666666666666 0.071875 0.09166666666666666
11 0.69140625 0.5479166666666667 0.1703125 0.2708333333333333
4 0.315625 0.5885416666666666 0.084375 0.10625
10 0.86484375 0.60625 0.1265625 0.18333333333333332
2 0.58515625 0.615625 0.1703125 0.3145833333333333
7 0.11171875 0.6197916666666666 0.1546875 0.18541666666666667