5 0.39921875 0.31354166666666666 0.0265625 0.03125
4 0.3828125 0.3572916666666667 0.028125 0.035416666666666666
4 0.47890625 0.3729166666666667 0.0328125 0.041666666666666664
7 0.25625 0.3875 0.053125 0.0625
4 0.48671875 0.409375 0.0390625 0.052083333333333336
10 0.63984375 0.41041666666666665 0.0390625 0.05416666666666667
11 0.58984375 0.42291666666666666 0.0859375 0.13333333333333333
9 0.68515625 0.46041666666666664 0.0640625 0.07916666666666666
4 0.50703125 0.46979166666666666 0.0453125 0.05625
4 0.7609375 0.546875 0.078125 0.09791666666666667
4 0.65390625 0.5572916666666666 0.0828125 0.10208333333333333
4 0.58125 0.65 0.0875 0.12083333333333333
10 0.91015625 0.6541666666666667 0.1546875 0.21666666666666667