4 0.5125 0.33645833333333336 0.025 0.04791666666666667
4 0.39296875 0.3375 0.0265625 0.03333333333333333
1 0.25078125 0.3614583333333333 0.0734375 0.09375
4 0.38203125 0.375 0.0359375 0.04583333333333333
7 0.29375 0.39479166666666665 0.04375 0.06875
1 0.665625 0.409375 0.071875 0.14791666666666667
1 0.5921875 0.41041666666666665 0.075 0.15416666666666667
4 0.73359375 0.45416666666666666 0.0546875 0.075
4 0.34765625 0.4666666666666667 0.0734375 0.1125
0 0.5265625 0.46875 0.11875 0.18333333333333332
7 0.2546875 0.48020833333333335 0.103125 0.16041666666666668
4 0.14140625 0.5229166666666667 0.1015625 0.11666666666666667
4 0.77890625 0.5583333333333333 0.0921875 0.15416666666666667
4 0.859375 0.5583333333333333 0.1 0.11666666666666667
4 0.28125 0.6916666666666667 0.125 0.18333333333333332
7 0.09140625 0.7052083333333333 0.1828125 0.24375
7 0.9515625 0.7125 0.096875 0.25833333333333336