1 0.5609375 0.38645833333333335 0.04375 0.06458333333333334
4 0.490625 0.39479166666666665 0.03125 0.03958333333333333
1 0.35078125 0.4239583333333333 0.0640625 0.09791666666666667
7 0.54921875 0.43645833333333334 0.0421875 0.06041666666666667
4 0.396875 0.4510416666666667 0.034375 0.04375
4 0.5109375 0.4708333333333333 0.053125 0.0625
1 0.28359375 0.4979166666666667 0.1328125 0.1625
7 0.59765625 0.5052083333333334 0.0671875 0.11458333333333333
1 0.6953125 0.50625 0.109375 0.14583333333333334
4 0.378125 0.5229166666666667 0.071875 0.08333333333333333
7 0.15859375 0.5604166666666667 0.1234375 0.12083333333333333
4 0.353125 0.5791666666666667 0.065625 0.1
4 0.5734375 0.6135416666666667 0.0875 0.13958333333333334
7 0.71796875 0.61875 0.1515625 0.2625
7 0.16640625 0.6510416666666666 0.1671875 0.21875
4 0.30390625 0.7791666666666667 0.1046875 0.13333333333333333
4 0.265625 0.9552083333333333 0.19375 0.08958333333333333