9 0.56328125 0.38333333333333336 0.0515625 0.09166666666666666
1 0.21796875 0.3875 0.1046875 0.13333333333333333
4 0.2984375 0.41875 0.04375 0.05416666666666667
4 0.3625 0.42291666666666666 0.040625 0.058333333333333334
9 0.5828125 0.428125 0.040625 0.07291666666666667
4 0.496875 0.43125 0.0375 0.05
8 0.73671875 0.46979166666666666 0.1109375 0.19375
7 0.21640625 0.4947916666666667 0.0671875 0.07291666666666667
4 0.5125 0.4947916666666667 0.05625 0.08125
11 0.67578125 0.540625 0.1515625 0.21875
3 0.3046875 0.6052083333333333 0.096875 0.14375
4 0.553125 0.6083333333333333 0.075 0.11666666666666667
4 0.16015625 0.6239583333333333 0.0890625 0.09375