8 0.59921875 0.3625 0.0609375 0.0875
4 0.2796875 0.37083333333333335 0.0375 0.04583333333333333
9 0.54921875 0.37916666666666665 0.0484375 0.1
4 0.4875 0.40520833333333334 0.0375 0.05625
9 0.5765625 0.41875 0.059375 0.10833333333333334
4 0.35859375 0.42083333333333334 0.0453125 0.05416666666666667
4 0.50625 0.45729166666666665 0.046875 0.06041666666666667
11 0.69375 0.47604166666666664 0.1125 0.10625
4 0.55234375 0.5010416666666667 0.0640625 0.07708333333333334
6 0.21484375 0.515625 0.0890625 0.13125
3 0.54765625 0.603125 0.0921875 0.18541666666666667
9 0.92578125 0.74375 0.1484375 0.2375
9 0.82734375 0.803125 0.2015625 0.3229166666666667
4 0.64609375 0.8364583333333333 0.1421875 0.22708333333333333