5 0.3765625 0.38333333333333336 0.034375 0.041666666666666664
5 0.3140625 0.3854166666666667 0.0375 0.04583333333333333
5 0.26015625 0.39479166666666665 0.0390625 0.04791666666666667
4 0.49921875 0.42916666666666664 0.0390625 0.05
4 0.64921875 0.4354166666666667 0.0484375 0.05416666666666667
4 0.5921875 0.45416666666666666 0.046875 0.058333333333333334
10 0.728125 0.48333333333333334 0.084375 0.1375
4 0.51796875 0.49375 0.0578125 0.09166666666666666
4 0.6296875 0.5041666666666667 0.0625 0.09166666666666666
9 0.690625 0.58125 0.109375 0.175
10 0.82890625 0.6135416666666667 0.1140625 0.12708333333333333
4 0.28046875 0.6614583333333334 0.0953125 0.13541666666666666
4 0.59296875 0.6989583333333333 0.1046875 0.16458333333333333