1 0.61640625 0.365625 0.0484375 0.09375
7 0.546875 0.375 0.053125 0.075
4 0.225 0.41770833333333335 0.05 0.04375
4 0.56953125 0.421875 0.0484375 0.052083333333333336
7 0.6765625 0.42291666666666666 0.075 0.10416666666666667
4 0.596875 0.4427083333333333 0.053125 0.04791666666666667
4 0.34375 0.45208333333333334 0.053125 0.0875
4 0.5109375 0.47604166666666664 0.059375 0.06041666666666667
7 0.74609375 0.478125 0.1015625 0.13541666666666666
7 0.6171875 0.4979166666666667 0.071875 0.1125
4 0.52890625 0.5010416666666667 0.0453125 0.04791666666666667
4 0.22265625 0.5375 0.0828125 0.09583333333333334
7 0.66328125 0.5458333333333333 0.1046875 0.18333333333333332
4 0.334375 0.5520833333333334 0.071875 0.0875
7 0.5265625 0.5864583333333333 0.06875 0.13958333333333334
7 0.53359375 0.5864583333333333 0.0734375 0.12708333333333333
7 0.72265625 0.6322916666666667 0.0484375 0.13958333333333334
4 0.54765625 0.678125 0.0046875 0.00625
4 0.5765625 0.70625 0.1 0.125
1 0.85546875 0.7270833333333333 0.2328125 0.36666666666666664
4 0.609375 0.834375 0.115625 0.14791666666666667
4 0.93359375 0.8489583333333334 0.1328125 0.3020833333333333
4 0.64765625 0.9489583333333333 0.1390625 0.10208333333333333