9 0.55234375 0.38333333333333336 0.0484375 0.09166666666666666
4 0.48984375 0.40520833333333334 0.0421875 0.05625
11 0.63828125 0.4166666666666667 0.0890625 0.09583333333333334
4 0.5125 0.42291666666666666 0.040625 0.05
7 0.26015625 0.44375 0.0671875 0.10416666666666667
4 0.7515625 0.46979166666666666 0.065625 0.07708333333333334
3 0.51015625 0.4708333333333333 0.0640625 0.1125
4 0.1515625 0.4895833333333333 0.059375 0.06666666666666667
4 0.834375 0.5260416666666666 0.08125 0.08958333333333333
9 0.65703125 0.5458333333333333 0.1140625 0.16666666666666666
4 0.54765625 0.5729166666666666 0.0828125 0.12083333333333333
9 0.78515625 0.58125 0.1078125 0.12916666666666668
10 0.94140625 0.71875 0.1171875 0.19583333333333333
4 0.77578125 0.7333333333333333 0.1296875 0.17916666666666667
4 0.61484375 0.8072916666666666 0.1421875 0.22291666666666668