1 0.3421875 0.34791666666666665 0.05 0.08333333333333333
4 0.62421875 0.4010416666666667 0.0453125 0.05625
4 0.69296875 0.4197916666666667 0.0484375 0.05625
4 0.35 0.4427083333333333 0.05 0.04791666666666667
10 0.59765625 0.4510416666666667 0.0671875 0.11458333333333333
4 0.50390625 0.46458333333333335 0.0515625 0.07916666666666666
4 0.67734375 0.471875 0.0546875 0.06875
9 0.7546875 0.5125 0.1 0.15833333333333333
4 0.53828125 0.53125 0.0671875 0.09166666666666666
4 0.68671875 0.6 0.0953125 0.12083333333333333
8 0.91171875 0.6666666666666666 0.1765625 0.38333333333333336
9 0.82109375 0.7875 0.1890625 0.31666666666666665
4 0.64296875 0.903125 0.1296875 0.19375