0 0.390625 0.27291666666666664 0.028125 0.0375
4 0.39921875 0.31875 0.0234375 0.03333333333333333
1 0.29765625 0.33229166666666665 0.0453125 0.06041666666666667
4 0.38125 0.34375 0.028125 0.05
1 0.33828125 0.346875 0.0453125 0.08125
1 0.6140625 0.3770833333333333 0.046875 0.0875
4 0.36875 0.39479166666666665 0.040625 0.04791666666666667
7 0.290625 0.396875 0.059375 0.08125
1 0.65234375 0.40520833333333334 0.0703125 0.11041666666666666
4 0.503125 0.421875 0.05 0.035416666666666666
4 0.584375 0.4395833333333333 0.053125 0.0625
7 0.25546875 0.44479166666666664 0.0640625 0.10208333333333333
4 0.50703125 0.44583333333333336 0.0484375 0.041666666666666664
4 0.78515625 0.46875 0.0734375 0.0625
7 0.51484375 0.478125 0.0609375 0.07708333333333334
1 0.72421875 0.48333333333333334 0.0734375 0.125
7 0.621875 0.496875 0.065625 0.13541666666666666
1 0.8421875 0.528125 0.134375 0.11875
7 0.6703125 0.5447916666666667 0.1 0.20208333333333334
4 0.328125 0.5541666666666667 0.078125 0.0875
4 0.52109375 0.5791666666666667 0.0765625 0.10833333333333334
4 0.56015625 0.63125 0.0828125 0.14583333333333334
7 0.74453125 0.6375 0.0671875 0.14583333333333334
1 0.84765625 0.6916666666666667 0.2015625 0.30833333333333335
4 0.5890625 0.796875 0.115625 0.19375
1 0.92421875 0.8 0.1515625 0.25
1 0.77578125 0.9416666666666667 0.1640625 0.11666666666666667