4 0.4015625 0.3125 0.028125 0.0375
4 0.36875 0.31875 0.03125 0.029166666666666667
7 0.3109375 0.325 0.05625 0.0875
4 0.3875 0.3416666666666667 0.040625 0.05
1 0.540625 0.37083333333333335 0.071875 0.1
4 0.36953125 0.4 0.0515625 0.06666666666666667
4 0.653125 0.425 0.046875 0.0625
7 0.6 0.44583333333333336 0.084375 0.125
4 0.69140625 0.4552083333333333 0.0578125 0.08125
4 0.528125 0.515625 0.06875 0.08958333333333333
4 0.63984375 0.5385416666666667 0.0734375 0.10625
4 0.8203125 0.55 0.0875 0.11666666666666667
4 0.55234375 0.603125 0.0859375 0.12708333333333333
4 0.28828125 0.6104166666666667 0.1140625 0.16666666666666666
1 0.9046875 0.6708333333333333 0.190625 0.3541666666666667
4 0.58828125 0.784375 0.1203125 0.19791666666666666
4 0.9 0.8791666666666667 0.2 0.24166666666666667
4 0.36328125 0.8833333333333333 0.0015625 0.0125