4 0.37265625 0.37604166666666666 0.0296875 0.035416666666666666
7 0.5546875 0.38645833333333335 0.046875 0.07291666666666667
4 0.49453125 0.39791666666666664 0.0359375 0.03333333333333333
4 0.61015625 0.403125 0.0484375 0.04375
4 0.48984375 0.4166666666666667 0.0328125 0.041666666666666664
4 0.57265625 0.421875 0.0390625 0.04791666666666667
4 0.66015625 0.4239583333333333 0.0359375 0.04791666666666667
4 0.4984375 0.42916666666666664 0.0375 0.03333333333333333
4 0.3515625 0.4395833333333333 0.05 0.058333333333333334
4 0.50390625 0.4666666666666667 0.0453125 0.07083333333333333
5 0.721875 0.46770833333333334 0.125 0.15208333333333332
4 0.80546875 0.48854166666666665 0.0453125 0.06875
4 0.25625 0.4895833333333333 0.065625 0.075
4 0.62265625 0.5041666666666667 0.0703125 0.07916666666666666
4 0.52109375 0.5229166666666667 0.0578125 0.0875
4 0.3171875 0.546875 0.0625 0.08958333333333333
5 0.04375 0.56875 0.084375 0.21666666666666667
4 0.78828125 0.5697916666666667 0.0890625 0.11041666666666666
4 0.5515625 0.5802083333333333 0.075 0.09375
4 0.1828125 0.625 0.090625 0.10833333333333334
4 0.97578125 0.6822916666666666 0.0484375 0.11041666666666666
4 0.75234375 0.6875 0.1140625 0.1375
4 0.8921875 0.6895833333333333 0.109375 0.12916666666666668
4 0.63984375 0.784375 0.1234375 0.18541666666666667
7 0.85625 0.840625 0.19375 0.31875
7 0.6296875 0.9229166666666667 0.165625 0.15416666666666667