4 0.38046875 0.37395833333333334 0.0359375 0.05625
10 0.60703125 0.38229166666666664 0.0390625 0.06875
4 0.3171875 0.396875 0.0375 0.04791666666666667
4 0.496875 0.4041666666666667 0.040625 0.058333333333333334
4 0.3609375 0.446875 0.04375 0.052083333333333336
1 0.1640625 0.44895833333333335 0.146875 0.19791666666666666
4 0.2703125 0.46979166666666666 0.05625 0.07291666666666667
4 0.6109375 0.5125 0.0625 0.0875
4 0.3375 0.528125 0.06875 0.08541666666666667
9 0.7109375 0.578125 0.128125 0.23958333333333334
10 0.8546875 0.603125 0.109375 0.13958333333333334
3 0.56015625 0.6302083333333334 0.0921875 0.15625
1 0.09609375 0.6760416666666667 0.1921875 0.30625
9 0.81640625 0.728125 0.1515625 0.23541666666666666
4 0.2484375 0.7572916666666667 0.11875 0.16875