2 0.546875 0.365625 0.0625 0.08958333333333333
4 0.4796875 0.36875 0.034375 0.0375
4 0.48046875 0.39479166666666665 0.0328125 0.04375
4 0.48828125 0.40729166666666666 0.0328125 0.03125
4 0.553125 0.41354166666666664 0.040625 0.04375
4 0.49765625 0.434375 0.0515625 0.05625
4 0.56484375 0.44375 0.0359375 0.058333333333333334
4 0.50859375 0.4791666666666667 0.0515625 0.08333333333333333
4 0.721875 0.5052083333333334 0.046875 0.07708333333333334
2 0.646875 0.5135416666666667 0.125 0.21458333333333332
4 0.53046875 0.5364583333333334 0.0765625 0.09791666666666667
4 0.56171875 0.6489583333333333 0.0890625 0.12291666666666666
4 0.2375 0.7322916666666667 0.109375 0.13958333333333334
8 0.86015625 0.7572916666666667 0.2796875 0.48541666666666666