5 0.275 0.3385416666666667 0.059375 0.06458333333333334
4 0.3890625 0.3614583333333333 0.028125 0.035416666666666666
1 0.209375 0.38958333333333334 0.071875 0.08333333333333333
5 0.28046875 0.390625 0.0828125 0.12291666666666666
4 0.5671875 0.4125 0.0375 0.05
4 0.596875 0.4552083333333333 0.05 0.06458333333333334
5 0.19375 0.49270833333333336 0.146875 0.20625
4 0.5203125 0.5072916666666667 0.05625 0.08125
7 0.0765625 0.534375 0.103125 0.11875
9 0.77109375 0.5520833333333334 0.1078125 0.15
4 0.65703125 0.5885416666666666 0.0765625 0.09375
4 0.3171875 0.590625 0.078125 0.10625
4 0.56875 0.628125 0.084375 0.13125
9 0.77890625 0.7145833333333333 0.1671875 0.21666666666666667