4 0.47890625 0.36354166666666665 0.0421875 0.04375
4 0.35546875 0.3854166666666667 0.0453125 0.05416666666666667
4 0.4890625 0.4041666666666667 0.053125 0.05
1 0.6171875 0.453125 0.1 0.14791666666666667
4 0.25703125 0.45416666666666666 0.0484375 0.058333333333333334
4 0.5078125 0.471875 0.05625 0.06458333333333334
4 0.5203125 0.5322916666666667 0.065625 0.08541666666666667
1 0.8578125 0.59375 0.153125 0.19583333333333333
1 0.73515625 0.6052083333333333 0.2046875 0.33958333333333335
4 0.559375 0.640625 0.090625 0.10625
7 0.1015625 0.690625 0.15 0.20208333333333334
4 0.584375 0.76875 0.115625 0.17916666666666667
4 0.65234375 0.90625 0.1546875 0.17916666666666667