7 0.28359375 0.3489583333333333 0.0421875 0.06041666666666667
1 0.54609375 0.378125 0.0640625 0.10208333333333333
4 0.36875 0.378125 0.034375 0.04375
4 0.59921875 0.38125 0.0390625 0.05
7 0.62890625 0.41041666666666665 0.0484375 0.0625
4 0.490625 0.4114583333333333 0.0375 0.04791666666666667
4 0.58515625 0.45625 0.0515625 0.0625
4 0.66953125 0.46041666666666664 0.0609375 0.07083333333333333
4 0.52421875 0.49166666666666664 0.0546875 0.07083333333333333
7 0.74453125 0.5083333333333333 0.0953125 0.1375
7 0.06015625 0.5604166666666667 0.1203125 0.15833333333333333
4 0.6828125 0.59375 0.1 0.125
4 0.55 0.603125 0.08125 0.10625
4 0.2796875 0.6489583333333333 0.103125 0.11041666666666666
4 0.65390625 0.8489583333333334 0.1703125 0.24375