8 0.59296875 0.34375 0.0484375 0.07916666666666666
1 0.2625 0.3489583333333333 0.06875 0.11041666666666666
11 0.53984375 0.3541666666666667 0.0578125 0.0875
7 0.32109375 0.3697916666666667 0.0390625 0.06875
9 0.19765625 0.40729166666666666 0.0921875 0.11458333333333333
5 0.29375 0.41458333333333336 0.0625 0.07083333333333333
4 0.48984375 0.428125 0.0390625 0.06458333333333334
8 0.62265625 0.4583333333333333 0.0921875 0.17083333333333334
4 0.34921875 0.46875 0.0546875 0.0625
4 0.2609375 0.47708333333333336 0.059375 0.07083333333333333
4 0.17265625 0.49375 0.0640625 0.0625
8 0.7875 0.5416666666666666 0.140625 0.1625
4 0.53984375 0.5697916666666667 0.0671875 0.09375
9 0.73125 0.5895833333333333 0.125 0.23333333333333334
9 0.12890625 0.6291666666666667 0.1453125 0.20833333333333334
4 0.20234375 0.9302083333333333 0.1734375 0.13958333333333334