0 0.60859375 0.35 0.0578125 0.075
4 0.48515625 0.3885416666666667 0.0453125 0.035416666666666666
4 0.359375 0.41458333333333336 0.05625 0.06666666666666667
1 0.58046875 0.425 0.0921875 0.13333333333333333
4 0.49453125 0.43333333333333335 0.0453125 0.06666666666666667
4 0.5125 0.48125 0.071875 0.08333333333333333
4 0.54375 0.6302083333333334 0.08125 0.13125
4 0.9640625 0.6791666666666667 0.071875 0.13333333333333333
4 0.2234375 0.8052083333333333 0.184375 0.18125
1 0.88125 0.8166666666666667 0.2375 0.36666666666666664
4 0.671875 0.9239583333333333 0.15 0.15208333333333332