4 0.39296875 0.3385416666666667 0.0390625 0.04375
7 0.3359375 0.36354166666666665 0.04375 0.052083333333333336
1 0.26875 0.3697916666666667 0.09375 0.09375
4 0.38359375 0.378125 0.0421875 0.04375
4 0.36875 0.4197916666666667 0.04375 0.06041666666666667
7 0.27265625 0.4427083333333333 0.1078125 0.13958333333333334
1 0.62109375 0.4708333333333333 0.1234375 0.19166666666666668
4 0.525 0.4739583333333333 0.059375 0.052083333333333336
1 0.77734375 0.5 0.1609375 0.25
4 0.52734375 0.5395833333333333 0.0859375 0.09583333333333334
7 0.15625 0.58125 0.11875 0.1625
4 0.9171875 0.6166666666666667 0.10625 0.10833333333333334
4 0.54921875 0.6197916666666666 0.1015625 0.15208333333333332
1 0.74765625 0.6354166666666666 0.2265625 0.32083333333333336
4 0.59375 0.7520833333333333 0.140625 0.175
1 0.9046875 0.825 0.190625 0.35
4 0.65625 0.9479166666666666 0.159375 0.10416666666666667