7 0.36875 0.303125 0.040625 0.052083333333333336
7 0.403125 0.3072916666666667 0.028125 0.04375
4 0.3796875 0.36770833333333336 0.04375 0.05625
7 0.2765625 0.41041666666666665 0.1 0.125
7 0.6125 0.4375 0.0625 0.12083333333333333
4 0.4859375 0.446875 0.053125 0.06875
1 0.7421875 0.45416666666666666 0.16875 0.17916666666666667
4 0.571875 0.4875 0.075 0.10416666666666667
4 0.50390625 0.49270833333333336 0.0609375 0.08541666666666667
7 0.67890625 0.53125 0.0578125 0.10833333333333334
7 0.0625 0.55 0.125 0.17916666666666667
4 0.5359375 0.5864583333333333 0.084375 0.11458333333333333
1 0.75546875 0.6 0.1578125 0.26666666666666666
4 0.57890625 0.6802083333333333 0.1015625 0.15208333333333332
4 0.1328125 0.6895833333333333 0.11875 0.12083333333333333
1 0.86953125 0.7770833333333333 0.2609375 0.44583333333333336
4 0.61796875 0.8375 0.1515625 0.24583333333333332