4 0.40703125 0.28541666666666665 0.0265625 0.025
7 0.33828125 0.30104166666666665 0.0296875 0.06875
4 0.37109375 0.303125 0.0265625 0.04375
4 0.40234375 0.303125 0.0203125 0.03125
4 0.3875 0.32395833333333335 0.028125 0.035416666666666666
4 0.33984375 0.3625 0.0484375 0.075
4 0.48359375 0.38333333333333336 0.0390625 0.025
4 0.48984375 0.40208333333333335 0.0390625 0.041666666666666664
4 0.67734375 0.4083333333333333 0.0859375 0.11666666666666667
1 0.58515625 0.41354166666666664 0.0765625 0.12708333333333333
4 0.490625 0.41875 0.05 0.04583333333333333
7 0.2890625 0.42083333333333334 0.08125 0.11666666666666667
4 0.51875 0.45416666666666666 0.0625 0.058333333333333334
4 0.52109375 0.5020833333333333 0.0890625 0.0875
4 0.78203125 0.503125 0.1015625 0.09791666666666667
1 0.096875 0.5260416666666666 0.19375 0.21458333333333332
1 0.6703125 0.5395833333333333 0.134375 0.21666666666666667
4 0.32109375 0.5645833333333333 0.0890625 0.10833333333333334
4 0.53984375 0.5666666666666667 0.0984375 0.12083333333333333
4 0.58125 0.6895833333333333 0.140625 0.13333333333333333
7 0.153125 0.6927083333333334 0.25 0.23958333333333334
1 0.84296875 0.7322916666666667 0.3140625 0.5354166666666667
4 0.6046875 0.8395833333333333 0.159375 0.22083333333333333
4 0.6703125 0.9375 0.15625 0.125