7 0.353125 0.2875 0.028125 0.04583333333333333
4 0.40703125 0.290625 0.0234375 0.027083333333333334
4 0.3765625 0.30416666666666664 0.025 0.041666666666666664
1 0.58046875 0.31666666666666665 0.0578125 0.06666666666666667
4 0.3953125 0.325 0.025 0.0375
5 0.528125 0.35104166666666664 0.053125 0.07291666666666667
4 0.48125 0.3572916666666667 0.034375 0.03125
4 0.48125 0.3854166666666667 0.034375 0.0375
4 0.490625 0.4197916666666667 0.040625 0.052083333333333336
1 0.6 0.43020833333333336 0.11875 0.20625
4 0.66796875 0.45 0.0484375 0.07083333333333333
4 0.33125 0.4666666666666667 0.065625 0.07916666666666666
0 0.75390625 0.49166666666666664 0.1515625 0.21666666666666667
7 0.10703125 0.5010416666666667 0.1015625 0.13541666666666666
4 0.52265625 0.5166666666666667 0.0703125 0.09166666666666666
4 0.18359375 0.5979166666666667 0.1015625 0.13333333333333333
4 0.57421875 0.6697916666666667 0.1140625 0.16875
5 0.9203125 0.6864583333333333 0.159375 0.28125
4 0.6765625 0.9270833333333334 0.175 0.14583333333333334