7 0.33828125 0.3489583333333333 0.0484375 0.07291666666666667
7 0.3859375 0.35625 0.046875 0.06666666666666667
1 0.69296875 0.409375 0.1234375 0.12708333333333333
4 0.534375 0.421875 0.059375 0.08958333333333333
7 0.58984375 0.425 0.0828125 0.125
4 0.353125 0.43125 0.053125 0.06666666666666667
4 0.81796875 0.5020833333333333 0.0921875 0.09583333333333334
4 0.51640625 0.51875 0.0828125 0.0875
7 0.70234375 0.5375 0.1359375 0.20416666666666666
4 0.31640625 0.54375 0.0921875 0.125
4 0.55546875 0.6114583333333333 0.0953125 0.12291666666666666
4 0.96796875 0.6572916666666667 0.0640625 0.16458333333333333
1 0.084375 0.7239583333333334 0.16875 0.43125
4 0.5859375 0.7291666666666666 0.13125 0.18333333333333332
1 0.83984375 0.7552083333333334 0.3109375 0.48541666666666666
4 0.6390625 0.9270833333333334 0.146875 0.14583333333333334