4 0.3890625 0.35 0.040625 0.041666666666666664
5 0.32421875 0.359375 0.0546875 0.09375
4 0.38046875 0.38229166666666664 0.0484375 0.052083333333333336
4 0.3546875 0.4125 0.046875 0.05416666666666667
4 0.64296875 0.4197916666666667 0.0390625 0.07291666666666667
1 0.71796875 0.459375 0.1359375 0.16041666666666668
4 0.609375 0.4791666666666667 0.075 0.0875
4 0.334375 0.5010416666666667 0.06875 0.09791666666666667
4 0.5171875 0.5125 0.075 0.09583333333333334
7 0.7640625 0.553125 0.090625 0.10625
4 0.875 0.5604166666666667 0.1 0.09166666666666666
4 0.5484375 0.5739583333333333 0.084375 0.10625
4 0.6828125 0.5947916666666667 0.0875 0.13541666666666666
4 0.17265625 0.6166666666666667 0.1484375 0.18333333333333332
4 0.8578125 0.64375 0.096875 0.125
1 0.96171875 0.6541666666666667 0.0765625 0.2791666666666667
4 0.26171875 0.7197916666666667 0.1203125 0.18541666666666667
4 0.621875 0.728125 0.115625 0.19375
5 0.7921875 0.7510416666666667 0.184375 0.30625
7 0.5828125 0.85625 0.171875 0.2875
5 0.94765625 0.896875 0.1046875 0.20625