1 0.24609375 0.378125 0.0828125 0.09375
4 0.38125 0.3885416666666667 0.046875 0.07291666666666667
1 0.665625 0.409375 0.071875 0.14791666666666667
1 0.5921875 0.41041666666666665 0.075 0.15416666666666667
4 0.72734375 0.446875 0.0421875 0.06041666666666667
0 0.5265625 0.46875 0.11875 0.18333333333333332
7 0.2328125 0.490625 0.103125 0.16041666666666668
4 0.34296875 0.49375 0.0734375 0.1125
4 0.84375 0.53125 0.1 0.11666666666666667
4 0.12734375 0.5395833333333333 0.1015625 0.11666666666666667
4 0.76328125 0.55625 0.0921875 0.15416666666666667
7 0.9515625 0.7125 0.096875 0.25833333333333336
4 0.2671875 0.7541666666666667 0.125 0.18333333333333332
7 0.0796875 0.765625 0.15625 0.23125