8 0.6171875 0.371875 0.05 0.08958333333333333
2 0.56171875 0.38229166666666664 0.0671875 0.10208333333333333
4 0.22890625 0.41770833333333335 0.0578125 0.06041666666666667
4 0.3640625 0.421875 0.05 0.06041666666666667
4 0.50625 0.4354166666666667 0.05 0.05416666666666667
8 0.69921875 0.45 0.0953125 0.14583333333333334
10 0.60234375 0.46875 0.0515625 0.10833333333333334
4 0.51875 0.5020833333333333 0.059375 0.075
4 0.79375 0.5104166666666666 0.0625 0.08333333333333333
9 0.6640625 0.5197916666666667 0.10625 0.18125
4 0.9390625 0.609375 0.11875 0.11875
4 0.5625 0.6197916666666666 0.078125 0.12291666666666666
9 0.7875 0.7052083333333333 0.178125 0.30625
4 0.25234375 0.7302083333333333 0.1140625 0.13125