4 0.4015625 0.30416666666666664 0.021875 0.0375
4 0.33359375 0.30520833333333336 0.0359375 0.052083333333333336
4 0.36328125 0.31354166666666666 0.0296875 0.04375
4 0.509375 0.33645833333333336 0.01875 0.035416666666666666
4 0.47109375 0.3375 0.0265625 0.03333333333333333
4 0.51328125 0.34479166666666666 0.0015625 0.0020833333333333333
7 0.5375 0.346875 0.025 0.04791666666666667
4 0.4796875 0.3489583333333333 0.009375 0.0020833333333333333
7 0.2515625 0.35520833333333335 0.01875 0.0020833333333333333
4 0.33671875 0.35520833333333335 0.0421875 0.04375
4 0.390625 0.3572916666666667 0.046875 0.04791666666666667
1 0.2375 0.37916666666666665 0.06875 0.12083333333333333
7 0.3171875 0.3958333333333333 0.053125 0.075
4 0.375 0.40208333333333335 0.046875 0.058333333333333334
1 0.65078125 0.403125 0.0765625 0.14375
7 0.2578125 0.40729166666666666 0.009375 0.00625
1 0.5875 0.4083333333333333 0.06875 0.15
4 0.70546875 0.43125 0.0484375 0.075
1 0.70234375 0.4375 0.0140625 0.004166666666666667
7 0.27421875 0.440625 0.0578125 0.09375
0 0.5140625 0.44583333333333336 0.096875 0.1625
4 0.8078125 0.5052083333333334 0.05625 0.08958333333333333
7 0.215625 0.51875 0.1 0.17083333333333334
4 0.32421875 0.5260416666666666 0.0796875 0.13541666666666666
4 0.74140625 0.534375 0.0890625 0.11875
4 0.059375 0.575 0.00625 0.016666666666666666
4 0.0859375 0.575 0.1125 0.15
4 0.928125 0.6885416666666667 0.140625 0.24791666666666667
7 0.8765625 0.715625 0.003125 0.014583333333333334
7 0.04453125 0.86875 0.0890625 0.2625
4 0.2125 0.9041666666666667 0.153125 0.19166666666666668