4 0.29765625 0.3375 0.0328125 0.04583333333333333
7 0.33984375 0.3385416666666667 0.0296875 0.052083333333333336
4 0.38828125 0.34270833333333334 0.0296875 0.035416666666666666
1 0.6125 0.3625 0.065625 0.10416666666666667
1 0.553125 0.371875 0.059375 0.10208333333333333
0 0.49140625 0.38958333333333334 0.0703125 0.12083333333333333
4 0.36328125 0.4322916666666667 0.0453125 0.06041666666666667
7 0.2765625 0.4427083333333333 0.06875 0.08125
4 0.74140625 0.4510416666666667 0.0515625 0.05625
4 0.67421875 0.45625 0.0609375 0.0875
7 0.14296875 0.48333333333333334 0.1140625 0.15416666666666667
7 0.2140625 0.5375 0.09375 0.14583333333333334
4 0.328125 0.5916666666666667 0.078125 0.0875
4 0.55859375 0.6333333333333333 0.0953125 0.11666666666666667
7 0.0703125 0.659375 0.140625 0.18958333333333333
1 0.92421875 0.6895833333333333 0.1515625 0.35833333333333334
1 0.846875 0.7572916666666667 0.30625 0.48541666666666666