8 0.59921875 0.34479166666666666 0.0515625 0.07708333333333334
11 0.54921875 0.37083333333333335 0.0671875 0.1
4 0.478125 0.371875 0.03125 0.04375
9 0.21484375 0.38645833333333335 0.0828125 0.09791666666666667
5 0.31328125 0.390625 0.0515625 0.06041666666666667
4 0.3578125 0.4375 0.040625 0.05416666666666667
4 0.27890625 0.4479166666666667 0.0515625 0.0625
4 0.49765625 0.44895833333333335 0.0484375 0.07291666666666667
4 0.19765625 0.45208333333333334 0.0546875 0.05
8 0.646875 0.4739583333333333 0.115625 0.20208333333333334
9 0.1796875 0.559375 0.109375 0.16458333333333333
8 0.8359375 0.5854166666666667 0.171875 0.1875
4 0.559375 0.6416666666666667 0.0875 0.14166666666666666
9 0.784375 0.6510416666666666 0.1625 0.28125
4 0.26015625 0.765625 0.1265625 0.15625