1 0.35859375 0.29791666666666666 0.0546875 0.0875
4 0.39765625 0.32083333333333336 0.0328125 0.04583333333333333
4 0.296875 0.3489583333333333 0.04375 0.06458333333333334
4 0.27265625 0.384375 0.0578125 0.052083333333333336
7 0.55546875 0.3875 0.0578125 0.1
1 0.6328125 0.3958333333333333 0.071875 0.11666666666666667
4 0.678125 0.396875 0.0375 0.06041666666666667
4 0.57265625 0.4239583333333333 0.0421875 0.05625
4 0.5953125 0.4552083333333333 0.05 0.07708333333333334
1 0.80234375 0.4822916666666667 0.2015625 0.23125
7 0.23984375 0.484375 0.1609375 0.14791666666666667
4 0.51875 0.4895833333333333 0.05 0.07083333333333333
7 0.6203125 0.5010416666666667 0.075 0.13958333333333334
4 0.53046875 0.5260416666666666 0.0640625 0.08125
7 0.67421875 0.553125 0.1140625 0.21041666666666667
4 0.5625 0.571875 0.071875 0.11041666666666666
7 0.53828125 0.6322916666666667 0.0921875 0.17291666666666666
7 0.74296875 0.6447916666666667 0.0484375 0.14791666666666667
4 0.58203125 0.728125 0.1078125 0.17291666666666666
1 0.8609375 0.7375 0.228125 0.4041666666666667
4 0.6125 0.875 0.153125 0.24583333333333332