4 0.38046875 0.37395833333333334 0.0359375 0.04375
4 0.26953125 0.37604166666666666 0.0390625 0.04375
8 0.6375 0.384375 0.0625 0.10208333333333333
4 0.69296875 0.403125 0.0421875 0.052083333333333336
4 0.4984375 0.4041666666666667 0.040625 0.05416666666666667
2 0.5828125 0.40729166666666666 0.08125 0.12708333333333333
4 0.3390625 0.4791666666666667 0.05625 0.06666666666666667
4 0.51796875 0.4791666666666667 0.0546875 0.07083333333333333
8 0.7515625 0.49270833333333336 0.134375 0.15208333333333332
10 0.63203125 0.521875 0.0765625 0.13541666666666666
4 0.540625 0.584375 0.06875 0.10208333333333333
9 0.7328125 0.6197916666666666 0.146875 0.26875
4 0.95859375 0.64375 0.0828125 0.12083333333333333
4 0.63203125 0.8270833333333333 0.1296875 0.20833333333333334
7 0.9140625 0.8572916666666667 0.171875 0.28541666666666665