8 0.55 0.3260416666666667 0.046875 0.07708333333333334
0 0.3234375 0.35520833333333335 0.05 0.08125
4 0.475 0.36354166666666665 0.03125 0.04375
4 0.36875 0.39791666666666664 0.046875 0.05
8 0.21484375 0.40520833333333334 0.0734375 0.10208333333333333
10 0.59296875 0.41875 0.0546875 0.1
4 0.5375 0.5333333333333333 0.065625 0.10416666666666667
8 0.0421875 0.590625 0.084375 0.23541666666666666
10 0.13984375 0.6322916666666667 0.1296875 0.16875
4 0.22421875 0.821875 0.1390625 0.18125
4 0.65859375 0.8385416666666666 0.1421875 0.20625