4 0.37109375 0.3697916666666667 0.0578125 0.06458333333333334
4 0.346875 0.46979166666666666 0.071875 0.09791666666666667
7 0.14609375 0.4708333333333333 0.1078125 0.11666666666666667
7 0.6203125 0.5104166666666666 0.0625 0.13333333333333333
7 0.85859375 0.546875 0.1546875 0.15625
7 0.66875 0.5510416666666667 0.109375 0.21458333333333332
7 0.54296875 0.6291666666666667 0.0921875 0.16666666666666666
4 0.30078125 0.653125 0.1046875 0.13958333333333334
4 0.584375 0.7177083333333333 0.121875 0.14375
1 0.85390625 0.71875 0.2234375 0.375
1 0.10703125 0.7583333333333333 0.2140625 0.48333333333333334
4 0.60625 0.8375 0.13125 0.17083333333333334
1 0.9234375 0.8375 0.153125 0.325
4 0.6375 0.9447916666666667 0.171875 0.11041666666666666