0 0.4640625 0.33645833333333336 0.04375 0.06458333333333334
0 0.52578125 0.33645833333333336 0.0515625 0.08125
4 0.46953125 0.359375 0.0265625 0.03125
9 0.6203125 0.38333333333333336 0.0625 0.1
0 0.56484375 0.38958333333333334 0.0671875 0.10833333333333334
4 0.48046875 0.39479166666666665 0.0328125 0.04375
4 0.2890625 0.43020833333333336 0.046875 0.06458333333333334
4 0.65234375 0.43645833333333334 0.0453125 0.06041666666666667
4 0.49765625 0.43854166666666666 0.0421875 0.06458333333333334
8 0.7625 0.4822916666666667 0.159375 0.19791666666666666
4 0.51484375 0.48333333333333334 0.0421875 0.07083333333333333
4 0.32890625 0.5104166666666666 0.0671875 0.075
4 0.6203125 0.5135416666666667 0.06875 0.08958333333333333
4 0.525 0.546875 0.075 0.10625
7 0.16171875 0.553125 0.1046875 0.12291666666666666
4 0.93046875 0.603125 0.1078125 0.10625
4 0.7046875 0.6489583333333333 0.1 0.13125
4 0.5578125 0.6552083333333333 0.10625 0.13958333333333334