7 0.3140625 0.371875 0.040625 0.06875
4 0.3703125 0.40520833333333334 0.034375 0.04791666666666667
7 0.67109375 0.41770833333333335 0.0765625 0.09791666666666667
4 0.575 0.42291666666666666 0.040625 0.05416666666666667
4 0.4984375 0.4270833333333333 0.040625 0.04583333333333333
4 0.5046875 0.44375 0.034375 0.029166666666666667
4 0.58671875 0.44375 0.0390625 0.06666666666666667
7 0.51015625 0.503125 0.0671875 0.10208333333333333
7 0.61328125 0.5145833333333333 0.0453125 0.14583333333333334
7 0.753125 0.5166666666666667 0.084375 0.09583333333333334
7 0.67109375 0.5583333333333333 0.1140625 0.19166666666666668
4 0.5171875 0.5875 0.08125 0.125
7 0.73359375 0.6385416666666667 0.0765625 0.15208333333333332
4 0.55390625 0.6583333333333333 0.1015625 0.1625
4 0.61015625 0.8895833333333333 0.1859375 0.22083333333333333