0 0.6203125 0.346875 0.059375 0.08125
4 0.3609375 0.40625 0.046875 0.04583333333333333
4 0.63125 0.42083333333333334 0.040625 0.0625
1 0.5765625 0.4239583333333333 0.08125 0.15208333333333332
4 0.496875 0.44166666666666665 0.040625 0.07083333333333333
4 0.5125 0.5072916666666667 0.053125 0.08958333333333333
4 0.55390625 0.65625 0.0890625 0.1375
4 0.97578125 0.703125 0.0484375 0.10625
4 0.259375 0.71875 0.10625 0.1375
7 0.89765625 0.8302083333333333 0.2046875 0.33958333333333335
4 0.66953125 0.9520833333333333 0.1546875 0.09583333333333334