0 0.36796875 0.2989583333333333 0.0328125 0.052083333333333336
1 0.3109375 0.38125 0.053125 0.08333333333333333
1 0.20234375 0.4166666666666667 0.0921875 0.10833333333333334
4 0.28828125 0.434375 0.0453125 0.06041666666666667
1 0.66484375 0.4395833333333333 0.0671875 0.0625
4 0.36015625 0.4479166666666667 0.0515625 0.0625
1 0.7546875 0.4895833333333333 0.10625 0.15416666666666667
4 0.52109375 0.496875 0.0640625 0.06458333333333334
1 0.63046875 0.5 0.0859375 0.1125
4 0.828125 0.5125 0.046875 0.0625
1 0.6671875 0.54375 0.090625 0.2
4 0.5234375 0.5625 0.08125 0.12083333333333333
1 0.92109375 0.571875 0.1578125 0.17708333333333334
4 0.559375 0.615625 0.090625 0.10208333333333333
7 0.74296875 0.628125 0.0671875 0.14375
4 0.5609375 0.7020833333333333 0.09375 0.14583333333333334
1 0.1046875 0.7135416666666666 0.209375 0.3854166666666667
1 0.875 0.771875 0.25 0.45625
4 0.2515625 0.796875 0.15 0.18958333333333333
4 0.72265625 0.8708333333333333 0.1421875 0.25833333333333336
4 0.5953125 0.928125 0.128125 0.14375