4 0.4734375 0.36354166666666665 0.028125 0.03125
2 0.54375 0.3645833333333333 0.0625 0.0875
8 0.6625 0.3875 0.1 0.1125
4 0.48125 0.3927083333333333 0.0375 0.04375
4 0.30234375 0.403125 0.0390625 0.052083333333333336
4 0.490625 0.4354166666666667 0.05 0.0625
2 0.58515625 0.4354166666666667 0.0828125 0.15833333333333333
4 0.35390625 0.4395833333333333 0.0421875 0.05416666666666667
4 0.51015625 0.46145833333333336 0.0609375 0.03958333333333333
4 0.71640625 0.490625 0.0359375 0.06458333333333334
8 0.65546875 0.5 0.1234375 0.22916666666666666
4 0.5171875 0.5125 0.065625 0.09166666666666666
4 0.7609375 0.5260416666666666 0.065625 0.07291666666666667
4 0.53203125 0.5604166666666667 0.0640625 0.0875
4 0.8 0.5770833333333333 0.08125 0.10416666666666667
4 0.30703125 0.5885416666666666 0.0796875 0.11458333333333333
4 0.56171875 0.5927083333333333 0.0890625 0.13541666666666666
4 0.9015625 0.659375 0.13125 0.15208333333333332
4 0.75078125 0.7010416666666667 0.1234375 0.16458333333333333
4 0.5828125 0.7208333333333333 0.10625 0.15416666666666667
4 0.07421875 0.728125 0.1203125 0.13541666666666666
4 0.98046875 0.81875 0.0390625 0.1625