4 0.5671875 0.4239583333333333 0.03125 0.052083333333333336
4 0.36015625 0.44166666666666665 0.0578125 0.07916666666666666
4 0.6625 0.44166666666666665 0.034375 0.05416666666666667
9 0.61484375 0.45 0.0765625 0.1375
4 0.2734375 0.46041666666666664 0.05625 0.058333333333333334
3 0.5078125 0.465625 0.053125 0.08958333333333333
10 0.7328125 0.48854166666666665 0.075 0.09375
9 0.65859375 0.51875 0.0796875 0.13333333333333333
4 0.5390625 0.5739583333333333 0.065625 0.10208333333333333
1 0.0703125 0.5739583333333333 0.140625 0.3104166666666667
4 0.32890625 0.5916666666666667 0.0765625 0.09583333333333334
8 0.8984375 0.6 0.196875 0.32083333333333336
4 0.17578125 0.625 0.0921875 0.1
4 0.5921875 0.759375 0.11875 0.19791666666666666
4 0.2453125 0.815625 0.128125 0.16458333333333333