4 0.3140625 0.32395833333333335 0.0375 0.04791666666666667
1 0.59765625 0.34375 0.0515625 0.1
1 0.540625 0.3572916666666667 0.059375 0.11041666666666666
0 0.48671875 0.365625 0.0546875 0.09791666666666667
4 0.38671875 0.36770833333333336 0.0328125 0.04791666666666667
4 0.64453125 0.37604166666666666 0.0359375 0.035416666666666666
4 0.2546875 0.38229166666666664 0.040625 0.07291666666666667
4 0.309375 0.3885416666666667 0.040625 0.08125
4 0.36484375 0.4166666666666667 0.0453125 0.04583333333333333
4 0.51484375 0.4875 0.0546875 0.09583333333333334
1 0.66171875 0.528125 0.1515625 0.23958333333333334
1 0.81953125 0.546875 0.1671875 0.23958333333333334
1 0.065625 0.7916666666666666 0.128125 0.2375
4 0.26171875 0.79375 0.1265625 0.14583333333333334