4 0.3875 0.35208333333333336 0.025 0.03333333333333333
1 0.30078125 0.38229166666666664 0.0453125 0.07291666666666667
7 0.62578125 0.384375 0.0546875 0.08958333333333333
7 0.66015625 0.4114583333333333 0.0703125 0.09791666666666667
4 0.3640625 0.43333333333333335 0.046875 0.058333333333333334
1 0.7421875 0.5010416666666667 0.084375 0.11041666666666666
7 0.6296875 0.5125 0.075 0.15
7 0.66796875 0.5520833333333334 0.0890625 0.17916666666666667
1 0.87109375 0.5729166666666666 0.1609375 0.1625
7 0.5234375 0.5791666666666667 0.06875 0.1125
7 0.55625 0.634375 0.075 0.12708333333333333
7 0.74765625 0.6416666666666667 0.0796875 0.14583333333333334
1 0.85703125 0.7333333333333333 0.2203125 0.39166666666666666
1 0.9265625 0.846875 0.146875 0.30625
7 0.61171875 0.875 0.1328125 0.25