4 0.56328125 0.4010416666666667 0.0421875 0.052083333333333336
10 0.6296875 0.4010416666666667 0.05 0.07291666666666667
1 0.271875 0.4114583333333333 0.084375 0.14375
4 0.69609375 0.425 0.0453125 0.058333333333333334
4 0.49296875 0.44895833333333335 0.0484375 0.07291666666666667
4 0.66640625 0.45416666666666666 0.0578125 0.07083333333333333
4 0.58203125 0.459375 0.0546875 0.07291666666666667
9 0.0796875 0.49375 0.159375 0.2
9 0.77109375 0.5166666666666667 0.1140625 0.15833333333333333
4 0.5453125 0.5552083333333333 0.075 0.10625
9 0.7015625 0.5958333333333333 0.121875 0.21666666666666667
9 0.8625 0.7864583333333334 0.225 0.39791666666666664