4 0.3921875 0.33958333333333335 0.028125 0.041666666666666664
1 0.27890625 0.35 0.0640625 0.06666666666666667
7 0.596875 0.36666666666666664 0.053125 0.10833333333333334
4 0.37109375 0.3802083333333333 0.0421875 0.05625
1 0.3078125 0.38645833333333335 0.059375 0.08541666666666667
7 0.63828125 0.396875 0.0734375 0.11041666666666666
4 0.70703125 0.42083333333333334 0.0640625 0.075
4 0.5703125 0.425 0.040625 0.07083333333333333
4 0.58984375 0.446875 0.0421875 0.08541666666666667
7 0.6953125 0.478125 0.084375 0.08541666666666667
7 0.20703125 0.4895833333333333 0.1046875 0.17083333333333334
7 0.50546875 0.4895833333333333 0.0578125 0.0875
4 0.3375 0.49270833333333336 0.065625 0.09375
7 0.61328125 0.49895833333333334 0.1015625 0.12291666666666666
4 0.80703125 0.5333333333333333 0.1296875 0.1625
7 0.66875 0.5520833333333334 0.09375 0.18333333333333332
4 0.5171875 0.56875 0.06875 0.125
7 0.11171875 0.59375 0.1578125 0.20416666666666666
7 0.9515625 0.609375 0.096875 0.21041666666666667
4 0.5578125 0.615625 0.090625 0.11041666666666666
7 0.746875 0.640625 0.090625 0.16041666666666668
1 0.84140625 0.69375 0.1921875 0.32916666666666666
4 0.56796875 0.7458333333333333 0.1046875 0.17916666666666667
1 0.925 0.8427083333333333 0.15 0.3145833333333333
4 0.734375 0.896875 0.1625 0.20625