0 0.33984375 0.3375 0.0359375 0.0625
4 0.38046875 0.37083333333333335 0.0359375 0.04583333333333333
4 0.365625 0.4197916666666667 0.046875 0.06041666666666667
1 0.709375 0.46145833333333336 0.08125 0.12708333333333333
1 0.259375 0.49375 0.090625 0.2
4 0.34296875 0.5 0.0890625 0.15833333333333333
1 0.6203125 0.503125 0.065625 0.12291666666666666
4 0.5140625 0.5302083333333333 0.0875 0.07291666666666667
1 0.103125 0.534375 0.1375 0.23541666666666666
1 0.6640625 0.54375 0.096875 0.16666666666666666
1 0.89140625 0.55625 0.2171875 0.2125
4 0.553125 0.60625 0.1 0.125
4 0.17421875 0.65 0.1390625 0.18333333333333332
4 0.56875 0.6875 0.1 0.1625
1 0.8703125 0.70625 0.240625 0.32916666666666666
4 0.71328125 0.834375 0.1359375 0.25625
1 0.91328125 0.834375 0.1734375 0.33125
4 0.24296875 0.8364583333333333 0.1640625 0.18958333333333333
4 0.59140625 0.9197916666666667 0.1234375 0.16041666666666668