5 0.33828125 0.35 0.0359375 0.041666666666666664
9 0.26796875 0.35104166666666664 0.0640625 0.07708333333333334
4 0.38515625 0.36666666666666664 0.0296875 0.0375
4 0.32578125 0.38229166666666664 0.0328125 0.04791666666666667
4 0.48828125 0.39791666666666664 0.0359375 0.05
8 0.6515625 0.39895833333333336 0.071875 0.13958333333333334
9 0.2859375 0.41770833333333335 0.05625 0.09375
11 0.59375 0.42291666666666666 0.09375 0.15
4 0.5046875 0.4552083333333333 0.05 0.07291666666666667
4 0.3546875 0.46458333333333335 0.05625 0.07083333333333333
1 0.1046875 0.490625 0.1875 0.23958333333333334
4 0.23046875 0.5291666666666667 0.0765625 0.07083333333333333
4 0.31640625 0.5645833333333333 0.0765625 0.1
4 0.55546875 0.6416666666666667 0.0859375 0.12916666666666668
8 0.8140625 0.68125 0.240625 0.4
7 0.05546875 0.7291666666666666 0.1109375 0.1625