4 0.38125 0.28958333333333336 0.03125 0.029166666666666667
7 0.3296875 0.3020833333333333 0.046875 0.06666666666666667
4 0.40234375 0.30520833333333336 0.0421875 0.03125
4 0.39296875 0.334375 0.0421875 0.03958333333333333
7 0.59296875 0.3541666666666667 0.0453125 0.08333333333333333
4 0.3734375 0.378125 0.046875 0.052083333333333336
1 0.5515625 0.378125 0.065625 0.10208333333333333
4 0.496875 0.421875 0.053125 0.05625
4 0.71328125 0.475 0.0609375 0.08333333333333333
4 0.5078125 0.4822916666666667 0.05 0.07708333333333334
7 0.64140625 0.5114583333333333 0.0984375 0.18125
4 0.7890625 0.540625 0.075 0.10208333333333333
4 0.5546875 0.6052083333333333 0.090625 0.11041666666666666
4 0.7421875 0.68125 0.115625 0.15
4 0.60859375 0.7666666666666667 0.1140625 0.16666666666666666