1 0.3328125 0.30625 0.03125 0.04583333333333333
7 0.3609375 0.321875 0.03125 0.052083333333333336
7 0.57890625 0.32395833333333335 0.0546875 0.06041666666666667
7 0.396875 0.33229166666666665 0.021875 0.03125
1 0.52890625 0.3572916666666667 0.0546875 0.09375
7 0.596875 0.36354166666666665 0.059375 0.07708333333333334
7 0.27578125 0.37604166666666666 0.0484375 0.07291666666666667
1 0.55546875 0.390625 0.0484375 0.09375
7 0.640625 0.403125 0.059375 0.08958333333333333
4 0.4921875 0.4041666666666667 0.034375 0.016666666666666666
4 0.57109375 0.425 0.0390625 0.04583333333333333
4 0.50234375 0.42604166666666665 0.0359375 0.027083333333333334
7 0.690625 0.4354166666666667 0.08125 0.12083333333333333
4 0.59375 0.43645833333333334 0.040625 0.04791666666666667
4 0.50546875 0.4479166666666667 0.0359375 0.025
4 0.5109375 0.459375 0.034375 0.022916666666666665
1 0.33828125 0.46041666666666664 0.0703125 0.10416666666666667
7 0.24453125 0.4708333333333333 0.0578125 0.08333333333333333
7 0.515625 0.5072916666666667 0.0625 0.09375
7 0.62265625 0.515625 0.0640625 0.13541666666666666
7 0.7953125 0.5447916666666667 0.121875 0.08958333333333333
7 0.6703125 0.5458333333333333 0.109375 0.2
4 0.53984375 0.609375 0.0765625 0.11458333333333333
1 0.94140625 0.615625 0.1171875 0.12708333333333333
7 0.75 0.6333333333333333 0.084375 0.1375
1 0.8515625 0.703125 0.228125 0.34375
4 0.5828125 0.7427083333333333 0.103125 0.17291666666666666
1 0.91953125 0.8458333333333333 0.1609375 0.30833333333333335
4 0.6421875 0.9354166666666667 0.1375 0.12916666666666668