1 0.2875 0.3385416666666667 0.053125 0.09791666666666667
4 0.35078125 0.346875 0.0234375 0.035416666666666666
4 0.3875 0.3572916666666667 0.025 0.03125
1 0.309375 0.37604166666666666 0.0625 0.09375
4 0.48984375 0.39166666666666666 0.0328125 0.04583333333333333
4 0.37109375 0.396875 0.0359375 0.04791666666666667
4 0.35859375 0.44583333333333336 0.0484375 0.05416666666666667
4 0.259375 0.46979166666666666 0.053125 0.06458333333333334
10 0.69609375 0.471875 0.0609375 0.10625
11 0.63671875 0.47291666666666665 0.1140625 0.2125
7 0.13203125 0.49166666666666664 0.0921875 0.125
2 0.546875 0.525 0.121875 0.22916666666666666
10 0.78984375 0.5447916666666667 0.1046875 0.16041666666666668
7 0.05 0.5729166666666666 0.1 0.2
4 0.315625 0.5770833333333333 0.071875 0.1
7 0.15390625 0.6322916666666667 0.0859375 0.11875
4 0.26875 0.759375 0.11875 0.14791666666666667
4 0.6359375 0.7833333333333333 0.13125 0.22083333333333333