7 0.328125 0.3104166666666667 0.034375 0.0625
4 0.3703125 0.3177083333333333 0.0375 0.035416666666666666
4 0.3796875 0.3458333333333333 0.03125 0.0375
4 0.3234375 0.3854166666666667 0.05625 0.075
7 0.66640625 0.3854166666666667 0.1140625 0.09166666666666666
7 0.575 0.3927083333333333 0.096875 0.11875
4 0.515625 0.45 0.053125 0.058333333333333334
7 0.265625 0.4635416666666667 0.0875 0.12291666666666666
4 0.77734375 0.4666666666666667 0.0671875 0.09166666666666666
1 0.6421875 0.49166666666666664 0.1625 0.17916666666666667
4 0.515625 0.49270833333333336 0.078125 0.08125
4 0.5390625 0.5677083333333334 0.10625 0.11458333333333333
7 0.03203125 0.603125 0.0640625 0.24375
4 0.57265625 0.68125 0.1515625 0.13333333333333333
1 0.803125 0.703125 0.340625 0.48125
1 0.940625 0.7104166666666667 0.11875 0.32916666666666666
4 0.25390625 0.7604166666666666 0.1328125 0.19166666666666668
4 0.60234375 0.83125 0.1734375 0.2125
1 0.03828125 0.9072916666666667 0.0765625 0.18541666666666667
4 0.66328125 0.9270833333333334 0.1484375 0.14583333333333334