2 0.63671875 0.3927083333333333 0.0796875 0.11875
4 0.4859375 0.4041666666666667 0.0375 0.04583333333333333
9 0.57578125 0.421875 0.0546875 0.09791666666666667
7 0.22265625 0.42291666666666666 0.0578125 0.07083333333333333
4 0.50625 0.44166666666666665 0.046875 0.06666666666666667
7 0.26953125 0.46041666666666664 0.0578125 0.07083333333333333
10 0.7375 0.50625 0.078125 0.12083333333333333
4 0.63359375 0.5145833333333333 0.0609375 0.0875
4 0.28359375 0.5177083333333333 0.0671875 0.07291666666666667
4 0.3015625 0.6010416666666667 0.08125 0.10625
4 0.5515625 0.609375 0.084375 0.11875
4 0.846875 0.6395833333333333 0.1125 0.15416666666666667
4 0.71875 0.6927083333333334 0.109375 0.13958333333333334