4 0.58671875 0.3645833333333333 0.0390625 0.05
4 0.5421875 0.384375 0.0375 0.03958333333333333
4 0.6078125 0.39791666666666664 0.034375 0.041666666666666664
4 0.4875 0.4 0.034375 0.041666666666666664
7 0.65859375 0.41875 0.0515625 0.06666666666666667
4 0.58046875 0.43854166666666666 0.0515625 0.052083333333333336
5 0.165625 0.4479166666666667 0.084375 0.09583333333333334
4 0.50078125 0.4479166666666667 0.0453125 0.05416666666666667
1 0.76328125 0.4895833333333333 0.1640625 0.25
4 0.53203125 0.5239583333333333 0.0703125 0.09791666666666667
1 0.6625 0.5395833333333333 0.13125 0.1875
4 0.5859375 0.6895833333333333 0.103125 0.15
4 0.64609375 0.9083333333333333 0.1578125 0.18333333333333332