4 0.29140625 0.3572916666666667 0.0296875 0.035416666666666666
8 0.60703125 0.3645833333333333 0.0609375 0.0875
9 0.55625 0.3854166666666667 0.053125 0.10833333333333334
4 0.36953125 0.39166666666666666 0.0328125 0.04583333333333333
4 0.49140625 0.40625 0.0390625 0.058333333333333334
9 0.5859375 0.43125 0.059375 0.11666666666666667
6 0.259375 0.45625 0.06875 0.1
4 0.51328125 0.47291666666666665 0.0515625 0.06666666666666667
11 0.70546875 0.48333333333333334 0.1359375 0.12083333333333333
4 0.575 0.5291666666666667 0.06875 0.08333333333333333
10 0.56953125 0.64375 0.1015625 0.19166666666666668
4 0.1828125 0.9260416666666667 0.159375 0.14791666666666667