6 0.3078125 0.38229166666666664 0.05 0.06458333333333334
4 0.5359375 0.384375 0.025 0.06875
4 0.48828125 0.39791666666666664 0.0390625 0.04583333333333333
9 0.57109375 0.4041666666666667 0.0609375 0.11666666666666667
4 0.49609375 0.43333333333333335 0.0484375 0.058333333333333334
9 0.61484375 0.4635416666666667 0.0703125 0.13125
4 0.34296875 0.47708333333333336 0.0546875 0.07083333333333333
11 0.75390625 0.528125 0.1703125 0.16041666666666668
4 0.534375 0.5364583333333334 0.065625 0.09375
4 0.65390625 0.6416666666666667 0.1015625 0.14166666666666666
3 0.63828125 0.8333333333333334 0.1546875 0.30416666666666664