1 0.284375 0.34479166666666666 0.0625 0.10208333333333333
4 0.34765625 0.353125 0.0234375 0.035416666666666666
4 0.3859375 0.3614583333333333 0.025 0.03125
1 0.30078125 0.38229166666666664 0.0671875 0.09791666666666667
4 0.48671875 0.3875 0.0359375 0.05
4 0.36484375 0.4010416666666667 0.0359375 0.04791666666666667
11 0.62109375 0.45416666666666666 0.1015625 0.17916666666666667
10 0.68203125 0.459375 0.0609375 0.10625
4 0.3515625 0.4625 0.05625 0.0625
4 0.2453125 0.48854166666666665 0.0625 0.07291666666666667
2 0.53515625 0.49583333333333335 0.1046875 0.18333333333333332
10 0.76328125 0.5229166666666667 0.0953125 0.14583333333333334
7 0.096875 0.5229166666666667 0.109375 0.15
4 0.303125 0.6239583333333333 0.0875 0.11875
7 0.1171875 0.6927083333333334 0.103125 0.14791666666666667
4 0.609375 0.70625 0.11875 0.1875
4 0.23515625 0.8791666666666667 0.1515625 0.1875