4 0.37890625 0.3802083333333333 0.0328125 0.03958333333333333
10 0.6046875 0.38229166666666664 0.04375 0.06875
4 0.54140625 0.38333333333333336 0.0359375 0.05
4 0.48671875 0.39895833333333336 0.0390625 0.052083333333333336
10 0.2390625 0.4010416666666667 0.0625 0.07708333333333334
4 0.30625 0.40208333333333335 0.0375 0.05
4 0.5703125 0.415625 0.0375 0.06458333333333334
10 0.1828125 0.428125 0.075 0.11041666666666666
4 0.3609375 0.4395833333333333 0.05 0.05
4 0.665625 0.44583333333333336 0.053125 0.06666666666666667
4 0.51015625 0.47291666666666665 0.0484375 0.0875
10 0.6203125 0.47604166666666664 0.0625 0.10208333333333333
10 0.25625 0.48125 0.05 0.075
4 0.34140625 0.503125 0.0609375 0.07708333333333334
10 0.190625 0.53125 0.103125 0.15833333333333333
4 0.5296875 0.546875 0.0625 0.10208333333333333
10 0.82109375 0.5635416666666667 0.0390625 0.12708333333333333
11 0.7671875 0.6520833333333333 0.2375 0.37916666666666665
4 0.27578125 0.6958333333333333 0.0859375 0.1125
2 0.6484375 0.7697916666666667 0.253125 0.46041666666666664