9 0.54609375 0.3729166666666667 0.0421875 0.07916666666666666
4 0.4828125 0.390625 0.034375 0.04375
4 0.50625 0.4041666666666667 0.034375 0.03333333333333333
11 0.6234375 0.4083333333333333 0.075 0.07916666666666666
4 0.71171875 0.43645833333333334 0.0515625 0.05625
3 0.49921875 0.4479166666666667 0.0546875 0.10416666666666667
4 0.76875 0.478125 0.0625 0.06875
9 0.625 0.5052083333333334 0.0875 0.13541666666666666
7 0.203125 0.528125 0.103125 0.15625
4 0.53125 0.5302083333333333 0.071875 0.10625
9 0.7515625 0.5427083333333333 0.1 0.12708333333333333
4 0.06875 0.5729166666666666 0.090625 0.0875
4 0.71875 0.6520833333333333 0.1 0.13333333333333333
10 0.88984375 0.65625 0.1234375 0.16666666666666666
4 0.58125 0.7072916666666667 0.103125 0.16458333333333333