2 0.62109375 0.38125 0.0734375 0.09583333333333334
4 0.5546875 0.4 0.040625 0.04583333333333333
4 0.309375 0.403125 0.0375 0.04375
4 0.4890625 0.403125 0.0375 0.03958333333333333
4 0.5703125 0.43020833333333336 0.03125 0.052083333333333336
4 0.5015625 0.43854166666666666 0.04375 0.06458333333333334
10 0.60625 0.44375 0.059375 0.1
4 0.53359375 0.48020833333333335 0.0578125 0.07708333333333334
4 0.62734375 0.5260416666666666 0.0671875 0.08958333333333333
4 0.84375 0.5645833333333333 0.09375 0.1
10 0.71796875 0.6239583333333333 0.0984375 0.15208333333333332
4 0.85859375 0.6583333333333333 0.0828125 0.1125
4 0.5859375 0.728125 0.10625 0.16458333333333333
10 0.8046875 0.7364583333333333 0.171875 0.27708333333333335