7 0.33125 0.3458333333333333 0.05 0.075
0 0.4796875 0.3489583333333333 0.05625 0.08125
4 0.38125 0.3770833333333333 0.034375 0.04583333333333333
7 0.2734375 0.38333333333333336 0.05 0.07083333333333333
4 0.48671875 0.4010416666666667 0.0421875 0.052083333333333336
1 0.584375 0.4166666666666667 0.090625 0.15
4 0.3609375 0.42291666666666666 0.04375 0.04583333333333333
1 0.69296875 0.4479166666666667 0.1078125 0.15416666666666667
4 0.2375 0.49375 0.0625 0.07916666666666666
4 0.53125 0.5427083333333333 0.065625 0.08958333333333333
7 0.1734375 0.5708333333333333 0.09375 0.15833333333333333
4 0.32265625 0.5802083333333333 0.0703125 0.09375
7 0.865625 0.58125 0.153125 0.16666666666666666
4 0.70625 0.609375 0.0875 0.12708333333333333
0 0.86796875 0.7833333333333333 0.2640625 0.43333333333333335
4 0.7125 0.8989583333333333 0.16875 0.20208333333333334