2 0.6109375 0.37604166666666666 0.06875 0.10208333333333333
10 0.58046875 0.41458333333333336 0.0515625 0.09583333333333334
4 0.525 0.45416666666666666 0.046875 0.07083333333333333
4 0.27421875 0.4583333333333333 0.0515625 0.06666666666666667
4 0.59921875 0.478125 0.0609375 0.08125
4 0.7484375 0.4947916666666667 0.078125 0.08958333333333333
10 0.66328125 0.5416666666666666 0.0734375 0.1125
4 0.79375 0.5885416666666666 0.075 0.08958333333333333
4 0.54765625 0.6104166666666667 0.0828125 0.125
10 0.71328125 0.615625 0.1203125 0.20208333333333334
9 0.928125 0.6791666666666667 0.14375 0.2833333333333333
4 0.646875 0.8510416666666667 0.15 0.24375