5 0.39765625 0.3177083333333333 0.0265625 0.03125
4 0.375 0.371875 0.040625 0.03958333333333333
7 0.25 0.4 0.053125 0.0625
10 0.62890625 0.4 0.0390625 0.05416666666666667
4 0.48359375 0.4041666666666667 0.0359375 0.04583333333333333
11 0.5796875 0.41458333333333336 0.08125 0.12916666666666668
9 0.67265625 0.44375 0.0640625 0.07916666666666666
4 0.50390625 0.459375 0.0453125 0.05625
4 0.74453125 0.53125 0.0734375 0.08333333333333333
4 0.6453125 0.5427083333333333 0.071875 0.08541666666666667
4 0.5734375 0.6260416666666667 0.08125 0.11458333333333333
10 0.88125 0.6260416666666667 0.146875 0.20625
4 0.62578125 0.86875 0.1359375 0.19583333333333333