4 0.58515625 0.3625 0.0390625 0.05
4 0.53671875 0.3802083333333333 0.0296875 0.03958333333333333
4 0.6046875 0.3958333333333333 0.034375 0.041666666666666664
4 0.4859375 0.39791666666666664 0.034375 0.041666666666666664
7 0.64609375 0.4041666666666667 0.0515625 0.06666666666666667
4 0.5671875 0.42604166666666665 0.0375 0.052083333333333336
4 0.496875 0.4375 0.0375 0.05416666666666667
1 0.7453125 0.475 0.146875 0.22916666666666666
5 0.12734375 0.48020833333333335 0.0921875 0.11458333333333333
4 0.52421875 0.5020833333333333 0.0609375 0.0875
1 0.64140625 0.51875 0.1203125 0.17083333333333334
4 0.56484375 0.6385416666666667 0.0890625 0.12708333333333333
4 0.9375 0.746875 0.125 0.13125
4 0.62265625 0.853125 0.1328125 0.22291666666666668
4 0.91328125 0.9458333333333333 0.1734375 0.10833333333333334