1 0.31328125 0.36354166666666665 0.0609375 0.10208333333333333
9 0.2046875 0.39791666666666664 0.090625 0.12916666666666668
10 0.6625 0.4322916666666667 0.059375 0.08958333333333333
4 0.5859375 0.43854166666666666 0.05 0.06041666666666667
4 0.50859375 0.49166666666666664 0.0609375 0.09166666666666666
4 0.71796875 0.5104166666666666 0.0703125 0.09166666666666666
4 0.8125 0.51875 0.075 0.09166666666666666
4 0.6203125 0.5197916666666667 0.071875 0.09375
10 0.0453125 0.6125 0.090625 0.14583333333333334
9 0.88125 0.6291666666666667 0.15625 0.24166666666666667
4 0.59375 0.68125 0.109375 0.15416666666666667
7 0.11484375 0.7135416666666666 0.1296875 0.16041666666666668
9 0.840625 0.7875 0.203125 0.35