9 0.54140625 0.36666666666666664 0.0421875 0.07916666666666666
4 0.4828125 0.390625 0.034375 0.04375
11 0.6203125 0.39791666666666664 0.075 0.07916666666666666
4 0.5078125 0.4010416666666667 0.03125 0.03958333333333333
4 0.70390625 0.428125 0.0515625 0.05625
3 0.49921875 0.44583333333333336 0.0546875 0.10416666666666667
9 0.7546875 0.465625 0.0625 0.06041666666666667
9 0.6203125 0.4947916666666667 0.08125 0.12708333333333333
4 0.53125 0.5302083333333333 0.071875 0.10625
9 0.746875 0.540625 0.1 0.12708333333333333
7 0.1859375 0.546875 0.115625 0.18125
4 0.0453125 0.6041666666666666 0.090625 0.10416666666666667
4 0.7078125 0.6416666666666667 0.1 0.13333333333333333
10 0.87421875 0.6458333333333334 0.1234375 0.16666666666666666
4 0.5734375 0.6864583333333333 0.103125 0.16458333333333333