1 0.60234375 0.34479166666666666 0.0828125 0.11458333333333333
4 0.35 0.43020833333333336 0.059375 0.07291666666666667
7 0.559375 0.43854166666666666 0.0625 0.07708333333333334
4 0.5875 0.45 0.05625 0.058333333333333334
4 0.51015625 0.465625 0.0515625 0.06041666666666667
7 0.7328125 0.4822916666666667 0.0875 0.12708333333333333
7 0.615625 0.496875 0.078125 0.13125
4 0.53515625 0.5239583333333333 0.0453125 0.06458333333333334
1 0.8296875 0.5322916666666667 0.153125 0.14791666666666667
7 0.6671875 0.5364583333333334 0.1125 0.18125
7 0.06640625 0.55625 0.1328125 0.1625
7 0.5375 0.6114583333333333 0.10625 0.13958333333333334
4 0.5765625 0.7072916666666667 0.11875 0.13541666666666666
1 0.8578125 0.7145833333333333 0.215625 0.30833333333333335
4 0.26171875 0.7427083333333333 0.1203125 0.15208333333333332
4 0.61015625 0.8291666666666667 0.1578125 0.15416666666666667
1 0.92421875 0.8447916666666667 0.1515625 0.3104166666666667
4 0.64765625 0.9447916666666667 0.1484375 0.11041666666666666