8 0.50859375 0.321875 0.0421875 0.06458333333333334
4 0.38125 0.34270833333333334 0.034375 0.03958333333333333
2 0.3328125 0.3541666666666667 0.053125 0.07916666666666666
10 0.2640625 0.36666666666666664 0.040625 0.07083333333333333
10 0.553125 0.378125 0.053125 0.10208333333333333
10 0.3765625 0.3854166666666667 0.040625 0.05416666666666667
4 0.48359375 0.3875 0.0328125 0.04583333333333333
10 0.63359375 0.41458333333333336 0.0609375 0.1
4 0.25703125 0.465625 0.0609375 0.06875
4 0.34453125 0.478125 0.0546875 0.06458333333333334
4 0.15625 0.6635416666666667 0.10625 0.12291666666666666
4 0.6390625 0.7520833333333333 0.1125 0.18333333333333332
4 0.84375 0.8114583333333333 0.153125 0.21041666666666667
4 0.2234375 0.884375 0.146875 0.19375