5 0.3359375 0.37604166666666666 0.0375 0.03958333333333333
9 0.559375 0.3958333333333333 0.05625 0.1
4 0.49609375 0.40729166666666666 0.0421875 0.05625
9 0.59453125 0.42604166666666665 0.0671875 0.13125
2 0.6890625 0.4395833333333333 0.109375 0.14583333333333334
4 0.76796875 0.4875 0.0453125 0.07083333333333333
4 0.52109375 0.49270833333333336 0.0546875 0.07291666666666667
9 0.66015625 0.5197916666666667 0.1015625 0.18541666666666667
2 0.88671875 0.625 0.2265625 0.32083333333333336
4 0.5703125 0.6520833333333333 0.0875 0.13333333333333333
4 0.81015625 0.7604166666666666 0.1390625 0.175