9 0.53515625 0.35833333333333334 0.0390625 0.06666666666666667
4 0.47890625 0.37916666666666665 0.0328125 0.04583333333333333
11 0.6125 0.3854166666666667 0.071875 0.07916666666666666
4 0.503125 0.390625 0.034375 0.035416666666666666
4 0.67265625 0.4 0.0484375 0.058333333333333334
3 0.49453125 0.4270833333333333 0.0453125 0.09166666666666666
4 0.7140625 0.4322916666666667 0.053125 0.05625
9 0.603125 0.471875 0.078125 0.11875
4 0.5171875 0.496875 0.0625 0.08541666666666667
9 0.71875 0.5020833333333333 0.0875 0.10833333333333334
10 0.82265625 0.5739583333333333 0.1109375 0.10208333333333333
4 0.6703125 0.5854166666666667 0.084375 0.1125
4 0.5484375 0.6177083333333333 0.090625 0.13125
7 0.07421875 0.7552083333333334 0.1484375 0.3020833333333333