4 0.29921875 0.353125 0.0265625 0.03125
7 0.5515625 0.3875 0.05 0.0875
1 0.63359375 0.39479166666666665 0.0765625 0.10208333333333333
7 0.2953125 0.403125 0.0625 0.08958333333333333
4 0.49453125 0.4041666666666667 0.0390625 0.05416666666666667
4 0.5703125 0.425 0.040625 0.0625
4 0.5 0.428125 0.0375 0.03958333333333333
4 0.59375 0.44895833333333335 0.046875 0.06458333333333334
4 0.50390625 0.4625 0.0421875 0.058333333333333334
4 0.515625 0.490625 0.05625 0.07291666666666667
4 0.51875 0.49270833333333336 0.059375 0.09375
1 0.80859375 0.49583333333333335 0.2015625 0.24166666666666667
7 0.625 0.5083333333333333 0.075 0.12916666666666668
4 0.52890625 0.5229166666666667 0.0515625 0.07083333333333333
7 0.66875 0.5479166666666667 0.1125 0.20833333333333334
4 0.5578125 0.5760416666666667 0.071875 0.11041666666666666
7 0.534375 0.634375 0.078125 0.16458333333333333
7 0.74453125 0.6541666666666667 0.0546875 0.15
1 0.94453125 0.690625 0.1109375 0.3229166666666667
4 0.58359375 0.7416666666666667 0.1078125 0.17083333333333334
1 0.87890625 0.7614583333333333 0.2265625 0.41041666666666665
4 0.61640625 0.8802083333333334 0.1453125 0.23958333333333334