2 0.2890625 0.3385416666666667 0.053125 0.07291666666666667
2 0.54375 0.36354166666666665 0.05625 0.08958333333333333
4 0.4796875 0.38333333333333336 0.03125 0.0375
8 0.66015625 0.4010416666666667 0.0953125 0.11875
4 0.55703125 0.4322916666666667 0.0390625 0.05625
4 0.50625 0.45625 0.05 0.05416666666666667
2 0.6328125 0.484375 0.125 0.20208333333333334
4 0.52578125 0.521875 0.0671875 0.09791666666666667
4 0.55 0.6052083333333333 0.0875 0.10208333333333333
8 0.83359375 0.7083333333333334 0.2640625 0.4375
4 0.6015625 0.7822916666666667 0.125 0.19375