7 0.334375 0.3416666666666667 0.05 0.075
0 0.4796875 0.3489583333333333 0.05625 0.08125
4 0.3828125 0.37083333333333335 0.034375 0.04583333333333333
7 0.278125 0.375 0.05 0.07083333333333333
4 0.48671875 0.4010416666666667 0.0421875 0.052083333333333336
4 0.365625 0.41041666666666665 0.04375 0.04583333333333333
1 0.5890625 0.4197916666666667 0.096875 0.15625
1 0.70234375 0.44479166666666664 0.1109375 0.15625
4 0.24375 0.48020833333333335 0.0625 0.06875
7 0.19375 0.5489583333333333 0.09375 0.14375
4 0.33125 0.5520833333333334 0.065625 0.09166666666666666
4 0.5359375 0.5604166666666667 0.06875 0.10833333333333334
7 0.88203125 0.5947916666666667 0.1640625 0.19791666666666666
7 0.04453125 0.6125 0.0890625 0.1875
4 0.71953125 0.625 0.0984375 0.14166666666666666
0 0.87890625 0.8020833333333334 0.2421875 0.3958333333333333
4 0.7265625 0.915625 0.184375 0.16875