8 0.60703125 0.36770833333333336 0.0640625 0.08541666666666667
4 0.37421875 0.3729166666666667 0.0328125 0.041666666666666664
4 0.48203125 0.3854166666666667 0.0390625 0.041666666666666664
9 0.56171875 0.390625 0.0546875 0.11041666666666666
4 0.490625 0.4166666666666667 0.04375 0.0625
6 0.2765625 0.43020833333333336 0.0625 0.08541666666666667
9 0.59453125 0.4375 0.0671875 0.12083333333333333
4 0.51953125 0.4895833333333333 0.0515625 0.075
11 0.7171875 0.49583333333333335 0.140625 0.13333333333333333
4 0.5921875 0.55625 0.078125 0.1
3 0.58515625 0.68125 0.1171875 0.225
4 0.26796875 0.7 0.1078125 0.12916666666666668