4 0.36015625 0.33125 0.0234375 0.0375
4 0.31875 0.38333333333333336 0.034375 0.05
4 0.48203125 0.38645833333333335 0.0328125 0.04375
1 0.65703125 0.39895833333333336 0.0953125 0.16458333333333333
4 0.36953125 0.40625 0.0390625 0.041666666666666664
4 0.50234375 0.421875 0.0453125 0.06041666666666667
1 0.578125 0.4270833333333333 0.075 0.09583333333333334
4 0.50859375 0.484375 0.0578125 0.06875
4 0.265625 0.509375 0.06875 0.07291666666666667
4 0.77265625 0.56875 0.0765625 0.0875
4 0.67421875 0.5864583333333333 0.0828125 0.10625
4 0.54140625 0.5895833333333333 0.0765625 0.1125