7 0.27109375 0.36354166666666665 0.0390625 0.06041666666666667
10 0.55390625 0.390625 0.0515625 0.07708333333333334
4 0.37265625 0.39166666666666666 0.0390625 0.041666666666666664
1 0.28046875 0.42604166666666665 0.0828125 0.13125
9 0.6640625 0.43333333333333335 0.06875 0.10833333333333334
4 0.50625 0.43645833333333334 0.04375 0.06458333333333334
4 0.5984375 0.475 0.05 0.06666666666666667
8 0.78046875 0.5041666666666667 0.1703125 0.23333333333333334
9 0.64921875 0.5354166666666667 0.0859375 0.15
4 0.53203125 0.5708333333333333 0.0671875 0.09166666666666666
9 0.8125 0.7447916666666666 0.184375 0.29791666666666666
4 0.62109375 0.7979166666666667 0.1359375 0.20833333333333334