9 0.54375 0.35833333333333334 0.0375 0.07083333333333333
4 0.4828125 0.3854166666666667 0.034375 0.041666666666666664
9 0.3 0.39895833333333336 0.053125 0.09375
4 0.3671875 0.421875 0.04375 0.04375
8 0.6828125 0.4239583333333333 0.078125 0.14375
4 0.49296875 0.425 0.0390625 0.058333333333333334
11 0.603125 0.43645833333333334 0.11875 0.17708333333333334
1 0.140625 0.44479166666666664 0.1625 0.20208333333333334
4 0.5125 0.48020833333333335 0.05 0.07291666666666667
4 0.25078125 0.48541666666666666 0.0578125 0.058333333333333334
4 0.3359375 0.496875 0.053125 0.06875
7 0.11484375 0.6333333333333333 0.1078125 0.11666666666666667
4 0.5859375 0.7447916666666666 0.109375 0.16875
4 0.0359375 0.9104166666666667 0.071875 0.1625
6 0.1875 0.9145833333333333 0.21875 0.17083333333333334