7 0.40234375 0.25416666666666665 0.0171875 0.03333333333333333
4 0.36328125 0.27291666666666664 0.0171875 0.029166666666666667
7 0.38046875 0.28125 0.0171875 0.041666666666666664
7 0.40078125 0.28541666666666665 0.0234375 0.04583333333333333
7 0.33359375 0.29791666666666666 0.0265625 0.05
1 0.50078125 0.3020833333333333 0.0328125 0.075
7 0.54140625 0.30625 0.0328125 0.03333333333333333
4 0.46640625 0.31875 0.0203125 0.025
4 0.39765625 0.31979166666666664 0.0265625 0.035416666666666666
7 0.3625 0.321875 0.034375 0.05625
1 0.57578125 0.32708333333333334 0.0515625 0.075
4 0.47109375 0.3375 0.0265625 0.03333333333333333
7 0.53046875 0.365625 0.0453125 0.08958333333333333
4 0.4734375 0.3770833333333333 0.025 0.03333333333333333
7 0.60078125 0.38125 0.0359375 0.058333333333333334
7 0.265625 0.3875 0.059375 0.10416666666666667
4 0.4828125 0.38958333333333334 0.025 0.029166666666666667
7 0.55390625 0.396875 0.0421875 0.08958333333333333
7 0.63515625 0.40729166666666666 0.0453125 0.08958333333333333
4 0.49453125 0.4125 0.0296875 0.03333333333333333
4 0.503125 0.4270833333333333 0.0375 0.0375
7 0.6921875 0.434375 0.078125 0.09375
4 0.57265625 0.43645833333333334 0.0296875 0.06041666666666667
4 0.59296875 0.45416666666666666 0.0265625 0.0625
7 0.33515625 0.46458333333333335 0.0921875 0.15833333333333333
4 0.4921875 0.478125 0.040625 0.04375
7 0.23984375 0.5 0.0734375 0.10833333333333334
7 0.6234375 0.5125 0.046875 0.1375
4 0.5203125 0.5333333333333333 0.059375 0.09583333333333334
7 0.7921875 0.540625 0.1 0.08958333333333333
7 0.68984375 0.575 0.0953125 0.1875
4 0.53203125 0.6052083333333333 0.0765625 0.10208333333333333
7 0.73515625 0.6354166666666666 0.0390625 0.14583333333333334
1 0.9421875 0.64375 0.115625 0.17916666666666667
1 0.84609375 0.7229166666666667 0.1921875 0.29583333333333334
4 0.58359375 0.7322916666666667 0.0953125 0.13541666666666666
1 0.92578125 0.84375 0.1484375 0.3125
4 0.63125 0.9395833333333333 0.134375 0.12083333333333333