4 0.4796875 0.38229166666666664 0.01875 0.035416666666666666
4 0.41953125 0.38958333333333334 0.0203125 0.05
4 0.49765625 0.40625 0.0265625 0.029166666666666667
4 0.3484375 0.41458333333333336 0.034375 0.041666666666666664
4 0.49921875 0.446875 0.0453125 0.05625
4 0.39375 0.459375 0.0375 0.04791666666666667
4 0.60234375 0.5072916666666667 0.0828125 0.08125
8 0.19375 0.5208333333333334 0.06875 0.0875
9 0.2796875 0.5364583333333334 0.071875 0.13125
4 0.36875 0.5447916666666667 0.053125 0.07291666666666667
4 0.853125 0.734375 0.1375 0.12708333333333333
4 0.86875 0.8916666666666667 0.16875 0.17083333333333334
4 0.65390625 0.9083333333333333 0.1421875 0.14166666666666666