4 0.3875 0.36041666666666666 0.03125 0.025
4 0.475 0.3625 0.01875 0.0375
4 0.47734375 0.3875 0.0265625 0.025
4 0.4015625 0.41354166666666664 0.071875 0.06458333333333334
4 0.36484375 0.41458333333333336 0.0515625 0.0625
4 0.53828125 0.421875 0.0296875 0.03958333333333333
4 0.315625 0.4666666666666667 0.090625 0.07083333333333333
4 0.57109375 0.475 0.0328125 0.03333333333333333
4 0.63125 0.51875 0.040625 0.05
4 0.36796875 0.5354166666666667 0.1015625 0.1
8 0.0890625 0.6114583333333333 0.08125 0.13125
4 0.559375 0.6125 0.071875 0.1
4 0.67890625 0.621875 0.0796875 0.08541666666666667
9 0.184375 0.6770833333333334 0.1375 0.20416666666666666
4 0.2953125 0.740625 0.096875 0.13125
4 0.64375 0.7635416666666667 0.003125 0.0020833333333333333
4 0.7109375 0.9145833333333333 0.140625 0.14583333333333334
4 0.1046875 0.9270833333333334 0.078125 0.12916666666666668
4 0.95859375 0.9541666666666667 0.0828125 0.09166666666666666