4 0.3859375 0.34791666666666665 0.028125 0.0375
4 0.5015625 0.3625 0.021875 0.0375
4 0.47890625 0.3770833333333333 0.0234375 0.029166666666666667
10 0.521875 0.384375 0.025 0.03958333333333333
4 0.48671875 0.39895833333333336 0.0234375 0.027083333333333334
4 0.5671875 0.40729166666666666 0.03125 0.03958333333333333
4 0.534375 0.4166666666666667 0.028125 0.03333333333333333
4 0.4875 0.42083333333333334 0.03125 0.029166666666666667
10 0.63125 0.44895833333333335 0.0625 0.09375
4 0.5109375 0.459375 0.040625 0.05625
4 0.5671875 0.46041666666666664 0.046875 0.05416666666666667
4 0.62734375 0.5479166666666667 0.0734375 0.12083333333333333
4 0.54765625 0.5927083333333333 0.0703125 0.10208333333333333
4 0.68046875 0.6322916666666667 0.0859375 0.12708333333333333
9 0.8828125 0.8083333333333333 0.234375 0.35833333333333334