4 0.38046875 0.3572916666666667 0.0296875 0.035416666666666666
4 0.50625 0.37604166666666666 0.025 0.03125
4 0.55078125 0.38645833333333335 0.0265625 0.04375
4 0.48671875 0.3958333333333333 0.0203125 0.025
4 0.528125 0.40520833333333334 0.021875 0.035416666666666666
4 0.55234375 0.4395833333333333 0.0296875 0.05
4 0.49375 0.446875 0.040625 0.06041666666666667
4 0.56875 0.4708333333333333 0.0375 0.05416666666666667
4 0.65 0.478125 0.028125 0.052083333333333336
9 0.61953125 0.4947916666666667 0.0765625 0.13958333333333334
4 0.53828125 0.5708333333333333 0.0734375 0.1
4 0.73125 0.6979166666666666 0.1125 0.15416666666666667
4 0.9390625 0.7979166666666667 0.121875 0.15416666666666667