4 0.5546875 0.39375 0.028125 0.025
4 0.48984375 0.4010416666666667 0.0265625 0.022916666666666665
4 0.5328125 0.4083333333333333 0.03125 0.029166666666666667
4 0.49921875 0.4427083333333333 0.0359375 0.05625
4 0.5546875 0.4427083333333333 0.040625 0.05625
4 0.57421875 0.4739583333333333 0.0421875 0.052083333333333336
4 0.659375 0.48541666666666666 0.03125 0.058333333333333334
9 0.625 0.5072916666666667 0.075 0.13958333333333334
4 0.55859375 0.6333333333333333 0.0953125 0.11666666666666667
4 0.75625 0.7302083333333333 0.11875 0.17291666666666666
4 0.9671875 0.8479166666666667 0.065625 0.175