4 0.3875 0.36041666666666666 0.03125 0.025
4 0.475 0.3625 0.01875 0.0375
4 0.47734375 0.3875 0.0265625 0.025
4 0.53828125 0.421875 0.0296875 0.03958333333333333
4 0.36484375 0.4270833333333333 0.0515625 0.0625
4 0.3984375 0.4552083333333333 0.071875 0.06458333333333334
4 0.57109375 0.475 0.0328125 0.03333333333333333
4 0.3015625 0.49375 0.090625 0.07083333333333333
4 0.53203125 0.5458333333333333 0.0484375 0.04583333333333333
4 0.61015625 0.5458333333333333 0.0359375 0.04583333333333333
4 0.33828125 0.6354166666666666 0.1015625 0.1
8 0.04765625 0.7114583333333333 0.0953125 0.16875
4 0.64375 0.7635416666666667 0.003125 0.0020833333333333333
4 0.6640625 0.809375 0.046875 0.06458333333333334
4 0.95859375 0.9541666666666667 0.0828125 0.09166666666666666