8 0.26875 0.45 0.065625 0.09166666666666666
4 0.32890625 0.478125 0.0359375 0.04791666666666667
8 0.196875 0.5020833333333333 0.115625 0.12083333333333333
4 0.37421875 0.5125 0.0453125 0.0625
4 0.3 0.5135416666666667 0.04375 0.052083333333333336
4 0.37265625 0.5583333333333333 0.0515625 0.07083333333333333
4 0.27421875 0.5708333333333333 0.0609375 0.08333333333333333
4 0.3421875 0.6166666666666667 0.0625 0.08333333333333333
8 0.703125 0.61875 0.18125 0.30416666666666664
4 0.8578125 0.6875 0.103125 0.12916666666666668
9 0.1140625 0.71875 0.228125 0.3541666666666667
4 0.30703125 0.7333333333333333 0.1046875 0.15416666666666667
4 0.24375 0.9104166666666667 0.14375 0.17916666666666667