7 0.29609375 0.42916666666666664 0.0453125 0.06666666666666667
0 0.3453125 0.43333333333333335 0.059375 0.0875
9 0.25859375 0.4510416666666667 0.0484375 0.04375
4 0.38828125 0.471875 0.0390625 0.04375
4 0.50859375 0.475 0.0453125 0.0625
8 0.290625 0.49270833333333336 0.096875 0.12708333333333333
9 0.21875 0.5 0.071875 0.10833333333333334
4 0.38359375 0.5020833333333333 0.0421875 0.041666666666666664
4 0.61484375 0.5239583333333333 0.0578125 0.08958333333333333
4 0.3734375 0.540625 0.05 0.06041666666666667
4 0.54375 0.584375 0.065625 0.09375
4 0.35234375 0.5864583333333333 0.0640625 0.06458333333333334
9 0.21328125 0.6145833333333334 0.1234375 0.16666666666666666
4 0.33125 0.6479166666666667 0.075 0.1
8 0.07265625 0.6604166666666667 0.1453125 0.325
6 0.3296875 0.7260416666666667 0.09375 0.13125
4 0.29375 0.8479166666666667 0.115625 0.16666666666666666