4 0.38046875 0.4010416666666667 0.0296875 0.035416666666666666
7 0.340625 0.40208333333333335 0.03125 0.0375
6 0.41640625 0.4125 0.0296875 0.03333333333333333
4 0.36484375 0.42083333333333334 0.0265625 0.03333333333333333
4 0.48828125 0.42083333333333334 0.0265625 0.041666666666666664
4 0.40703125 0.4354166666666667 0.0234375 0.029166666666666667
9 0.27578125 0.446875 0.0484375 0.07291666666666667
9 0.33828125 0.4625 0.0453125 0.075
4 0.3984375 0.475 0.034375 0.041666666666666664
7 0.2296875 0.48541666666666666 0.05625 0.075
7 0.278125 0.525 0.065625 0.10416666666666667
9 0.18203125 0.5291666666666667 0.0796875 0.11666666666666667
4 0.35625 0.6104166666666667 0.065625 0.08333333333333333
4 0.57890625 0.6572916666666667 0.0828125 0.12291666666666666
9 0.1890625 0.6583333333333333 0.115625 0.17083333333333334
7 0.85859375 0.6875 0.1390625 0.1375
4 0.31875 0.771875 0.10625 0.13958333333333334
7 0.8078125 0.7916666666666666 0.16875 0.24166666666666667