8 0.31640625 0.41458333333333336 0.0421875 0.06666666666666667
9 0.54453125 0.41875 0.0484375 0.07916666666666666
8 0.2734375 0.4427083333333333 0.08125 0.08958333333333333
4 0.39765625 0.45416666666666666 0.0328125 0.041666666666666664
4 0.340625 0.4583333333333333 0.034375 0.04583333333333333
4 0.3203125 0.490625 0.040625 0.04375
4 0.378125 0.5052083333333334 0.046875 0.05625
4 0.52890625 0.5229166666666667 0.0515625 0.0875
9 0.16171875 0.5239583333333333 0.0953125 0.12708333333333333
4 0.371875 0.553125 0.05 0.06458333333333334
7 0.2234375 0.5572916666666666 0.1375 0.19375
4 0.346875 0.60625 0.06875 0.075
4 0.3296875 0.6635416666666667 0.08125 0.11875
4 0.290625 0.7583333333333333 0.103125 0.14583333333333334
9 0.0984375 0.7791666666666667 0.196875 0.44166666666666665
4 0.2609375 0.9125 0.146875 0.175