4 0.325 0.38645833333333335 0.025 0.03125
4 0.41484375 0.409375 0.0171875 0.027083333333333334
4 0.36953125 0.41458333333333336 0.0234375 0.041666666666666664
4 0.4890625 0.41458333333333336 0.015625 0.025
4 0.4046875 0.43854166666666666 0.01875 0.035416666666666666
4 0.3484375 0.446875 0.025 0.05625
4 0.39765625 0.4552083333333333 0.0234375 0.04375
9 0.23046875 0.46145833333333336 0.0703125 0.11041666666666666
7 0.31484375 0.47291666666666665 0.0578125 0.09583333333333334
4 0.5140625 0.47604166666666664 0.0375 0.052083333333333336
4 0.59609375 0.4791666666666667 0.0359375 0.04583333333333333
4 0.4015625 0.48125 0.03125 0.058333333333333334
7 0.27734375 0.5197916666666667 0.0703125 0.12291666666666666
4 0.35234375 0.5677083333333334 0.0640625 0.08958333333333333
9 0.11953125 0.5760416666666667 0.1578125 0.19375
4 0.68046875 0.6229166666666667 0.0890625 0.1375
4 0.3484375 0.625 0.0625 0.08333333333333333
4 0.7828125 0.6322916666666667 0.090625 0.11458333333333333
9 0.1109375 0.7802083333333333 0.221875 0.31875
4 0.26953125 0.8364583333333333 0.1203125 0.16458333333333333