9 0.3546875 0.371875 0.03125 0.04791666666666667
8 0.5109375 0.37395833333333334 0.028125 0.052083333333333336
4 0.47421875 0.3770833333333333 0.0140625 0.025
4 0.4796875 0.39791666666666664 0.01875 0.025
7 0.32890625 0.4010416666666667 0.0328125 0.04375
7 0.36484375 0.40520833333333334 0.0296875 0.04375
4 0.4 0.40729166666666666 0.025 0.01875
4 0.49296875 0.425 0.0234375 0.029166666666666667
4 0.3984375 0.42916666666666664 0.028125 0.029166666666666667
4 0.30859375 0.43125 0.0265625 0.03333333333333333
4 0.27421875 0.43333333333333335 0.0328125 0.03333333333333333
9 0.34921875 0.4354166666666667 0.0359375 0.0625
4 0.403125 0.45 0.03125 0.03333333333333333
4 0.275 0.46458333333333335 0.03125 0.0375
4 0.334375 0.465625 0.0375 0.052083333333333336
4 0.3921875 0.46875 0.034375 0.041666666666666664
4 0.378125 0.4947916666666667 0.0375 0.052083333333333336
8 0.19765625 0.5052083333333334 0.1046875 0.13125
4 0.303125 0.5114583333333333 0.046875 0.05625
4 0.371875 0.5208333333333334 0.046875 0.0625
4 0.2671875 0.5802083333333333 0.059375 0.06458333333333334
8 0.07890625 0.634375 0.1578125 0.22291666666666668
4 0.34296875 0.665625 0.0734375 0.09791666666666667
4 0.18671875 0.7229166666666667 0.0984375 0.13333333333333333
4 0.2578125 0.86875 0.11875 0.14583333333333334