9 0.328125 0.4 0.034375 0.058333333333333334
9 0.36875 0.4041666666666667 0.0375 0.05416666666666667
11 0.28203125 0.4270833333333333 0.0703125 0.1
4 0.40625 0.43854166666666666 0.028125 0.03958333333333333
4 0.4015625 0.47291666666666665 0.0375 0.041666666666666664
11 0.22578125 0.4791666666666667 0.1109375 0.1625
8 0.2953125 0.496875 0.09375 0.15208333333333332
4 0.16953125 0.5083333333333333 0.0421875 0.05
4 0.37421875 0.525 0.0515625 0.05416666666666667
4 0.35234375 0.5927083333333333 0.0640625 0.08125
7 0.10078125 0.6479166666666667 0.1234375 0.15416666666666667
4 0.20625 0.6822916666666666 0.096875 0.10208333333333333
6 0.3359375 0.6916666666666667 0.0875 0.125
4 0.29609375 0.8333333333333334 0.1140625 0.14583333333333334