9 0.31484375 0.4083333333333333 0.0453125 0.07916666666666666
7 0.35390625 0.42083333333333334 0.0390625 0.05416666666666667
4 0.26796875 0.43333333333333335 0.0296875 0.0375
4 0.3953125 0.43333333333333335 0.046875 0.058333333333333334
4 0.4015625 0.4552083333333333 0.040625 0.04791666666666667
9 0.33203125 0.46458333333333335 0.0578125 0.08333333333333333
4 0.21328125 0.475 0.0515625 0.058333333333333334
4 0.3921875 0.4791666666666667 0.05625 0.075
4 0.2453125 0.4875 0.0375 0.0625
4 0.5296875 0.5125 0.040625 0.0625
4 0.3734375 0.521875 0.053125 0.06458333333333334
4 0.284375 0.53125 0.05625 0.075
7 0.18984375 0.540625 0.0796875 0.11041666666666666
4 0.1125 0.5604166666666667 0.065625 0.06666666666666667
4 0.20703125 0.671875 0.0859375 0.10208333333333333
4 0.321875 0.70625 0.090625 0.11666666666666667
4 0.04375 0.7729166666666667 0.0875 0.13333333333333333
4 0.70546875 0.925 0.1796875 0.15