4 0.471875 0.36041666666666666 0.015625 0.020833333333333332
4 0.4953125 0.3614583333333333 0.015625 0.022916666666666665
9 0.3328125 0.3875 0.05 0.06666666666666667
4 0.4234375 0.40520833333333334 0.025 0.027083333333333334
7 0.36875 0.40625 0.03125 0.05
4 0.49140625 0.41041666666666665 0.0265625 0.0375
9 0.30390625 0.41458333333333336 0.0578125 0.07916666666666666
4 0.4046875 0.41458333333333336 0.028125 0.03333333333333333
7 0.35390625 0.4270833333333333 0.0359375 0.05
4 0.3953125 0.43333333333333335 0.028125 0.041666666666666664
4 0.26484375 0.43645833333333334 0.0328125 0.03958333333333333
4 0.3484375 0.4479166666666667 0.03125 0.0375
4 0.39765625 0.46458333333333335 0.0359375 0.041666666666666664
4 0.22265625 0.46770833333333334 0.0453125 0.04375
9 0.32265625 0.478125 0.0578125 0.09791666666666667
4 0.5296875 0.5052083333333334 0.05 0.06458333333333334
4 0.38203125 0.50625 0.0515625 0.06666666666666667
4 0.2046875 0.5239583333333333 0.053125 0.07291666666666667
4 0.26171875 0.5697916666666667 0.0671875 0.09375
4 0.34140625 0.5916666666666667 0.0734375 0.09583333333333334
7 0.12109375 0.5927083333333333 0.1234375 0.15208333333333332
4 0.578125 0.6583333333333333 0.084375 0.11666666666666667
4 0.1234375 0.809375 0.134375 0.17291666666666666
4 0.94140625 0.81875 0.1171875 0.15
4 0.24375 0.9229166666666667 0.153125 0.15416666666666667