0 0.540625 0.4166666666666667 0.053125 0.08333333333333333
9 0.29765625 0.41875 0.0546875 0.08333333333333333
4 0.58359375 0.42916666666666664 0.0296875 0.0375
7 0.33515625 0.44583333333333336 0.0453125 0.07083333333333333
4 0.3984375 0.46458333333333335 0.034375 0.04583333333333333
4 0.63515625 0.465625 0.0421875 0.06041666666666667
9 0.2421875 0.46979166666666666 0.078125 0.11875
4 0.58671875 0.49583333333333335 0.0515625 0.06666666666666667
4 0.51953125 0.4979166666666667 0.0453125 0.0625
4 0.315625 0.49895833333333334 0.046875 0.05625
4 0.184375 0.503125 0.04375 0.052083333333333336
4 0.37578125 0.503125 0.0390625 0.05625
4 0.69609375 0.5291666666666667 0.0640625 0.07916666666666666
9 0.25 0.5729166666666666 0.109375 0.15833333333333333
4 0.646875 0.6104166666666667 0.075 0.10833333333333334
4 0.35078125 0.6260416666666667 0.0703125 0.08958333333333333
4 0.13359375 0.6260416666666667 0.0765625 0.08541666666666667
4 0.03984375 0.6375 0.0796875 0.1
7 0.953125 0.8135416666666667 0.09375 0.22708333333333333
4 0.6140625 0.81875 0.103125 0.15833333333333333
4 0.8125 0.8322916666666667 0.134375 0.19375
4 0.0640625 0.8885416666666667 0.125 0.22291666666666668
4 0.2515625 0.9 0.140625 0.2