8 0.359375 0.409375 0.053125 0.08541666666666667
4 0.4984375 0.43645833333333334 0.028125 0.035416666666666666
1 0.56015625 0.43645833333333334 0.0546875 0.07708333333333334
9 0.32109375 0.4552083333333333 0.0640625 0.07708333333333334
4 0.3890625 0.475 0.034375 0.0375
4 0.5140625 0.5010416666666667 0.04375 0.05625
4 0.38359375 0.5083333333333333 0.0421875 0.041666666666666664
7 0.203125 0.5229166666666667 0.078125 0.1125
0 0.253125 0.5510416666666667 0.121875 0.17291666666666666
4 0.36796875 0.553125 0.0546875 0.06458333333333334
9 0.1015625 0.590625 0.109375 0.11458333333333333
4 0.55625 0.603125 0.059375 0.09375
4 0.33359375 0.6416666666666667 0.0703125 0.08333333333333333
9 0.8875 0.7104166666666667 0.15 0.1875
4 0.296875 0.7666666666666667 0.103125 0.14166666666666666
9 0.09921875 0.8239583333333333 0.1921875 0.35208333333333336