9 0.353125 0.3645833333333333 0.03125 0.04583333333333333
9 0.33125 0.396875 0.04375 0.06875
4 0.4234375 0.40520833333333334 0.021875 0.027083333333333334
4 0.30234375 0.40625 0.0328125 0.0375
4 0.40390625 0.41041666666666665 0.0234375 0.029166666666666667
7 0.3625 0.4125 0.0375 0.05
4 0.396875 0.4322916666666667 0.03125 0.035416666666666666
9 0.34140625 0.45 0.0484375 0.07916666666666666
4 0.39921875 0.45208333333333334 0.0359375 0.04583333333333333
7 0.27578125 0.4583333333333333 0.0609375 0.0875
4 0.390625 0.475 0.040625 0.04583333333333333
7 0.61015625 0.4895833333333333 0.0734375 0.12083333333333333
4 0.3125 0.49166666666666664 0.046875 0.06666666666666667
4 0.3703125 0.5177083333333333 0.053125 0.06875
4 0.221875 0.5270833333333333 0.059375 0.07083333333333333
4 0.27421875 0.5666666666666667 0.0609375 0.07916666666666666
4 0.1125 0.5697916666666667 0.071875 0.06458333333333334
4 0.71328125 0.6770833333333334 0.0953125 0.11666666666666667
4 0.203125 0.68125 0.10625 0.12916666666666668
4 0.26640625 0.83125 0.1390625 0.20416666666666666