4 0.50625 0.4197916666666667 0.028125 0.03958333333333333
7 0.30078125 0.42083333333333334 0.0453125 0.06666666666666667
0 0.34765625 0.42604166666666665 0.0578125 0.07708333333333334
9 0.26796875 0.44375 0.0484375 0.05416666666666667
4 0.38828125 0.471875 0.0390625 0.04375
9 0.221875 0.49583333333333335 0.071875 0.10833333333333334
8 0.2953125 0.4979166666666667 0.090625 0.12083333333333333
4 0.38359375 0.5020833333333333 0.0421875 0.041666666666666664
4 0.5234375 0.5135416666666667 0.053125 0.06875
4 0.3734375 0.540625 0.05 0.06041666666666667
4 0.6484375 0.5697916666666667 0.071875 0.10625
4 0.35234375 0.5864583333333333 0.0640625 0.06458333333333334
9 0.2328125 0.60625 0.1125 0.15
8 0.08125 0.61875 0.1625 0.2875
4 0.33125 0.6479166666666667 0.075 0.1
4 0.57890625 0.6885416666666667 0.0828125 0.13125
6 0.32890625 0.7177083333333333 0.0859375 0.12708333333333333
4 0.290625 0.8395833333333333 0.1125 0.15