4 0.5515625 0.4239583333333333 0.03125 0.035416666666666666
4 0.31328125 0.434375 0.0296875 0.03958333333333333
4 0.35 0.4395833333333333 0.03125 0.041666666666666664
4 0.4984375 0.440625 0.028125 0.03958333333333333
4 0.396875 0.44895833333333335 0.034375 0.04375
7 0.284375 0.45729166666666665 0.046875 0.052083333333333336
7 0.5671875 0.4625 0.04375 0.06666666666666667
4 0.3296875 0.46979166666666666 0.0375 0.03958333333333333
4 0.3984375 0.484375 0.040625 0.03958333333333333
4 0.3171875 0.5010416666666667 0.04375 0.04375
4 0.2203125 0.5145833333333333 0.040625 0.04583333333333333
4 0.37890625 0.5239583333333333 0.0484375 0.052083333333333336
4 0.3046875 0.53125 0.040625 0.06666666666666667
4 0.37265625 0.5645833333333333 0.0453125 0.05
7 0.24453125 0.56875 0.0921875 0.125
9 0.10625 0.56875 0.153125 0.17083333333333334
4 0.38359375 0.6135416666666667 0.0640625 0.08541666666666667
4 0.5671875 0.6166666666666667 0.065625 0.0875
7 0.19609375 0.640625 0.1171875 0.16041666666666668
9 0.03515625 0.6833333333333333 0.0703125 0.1875
4 0.3125 0.6916666666666667 0.090625 0.10416666666666667
4 0.29375 0.8083333333333333 0.1 0.125
4 0.62265625 0.8229166666666666 0.1140625 0.20416666666666666
9 0.09140625 0.8291666666666667 0.1828125 0.3416666666666667
7 0.8875 0.8541666666666666 0.203125 0.2916666666666667
4 0.228125 0.9416666666666667 0.15 0.11666666666666667