7 0.33515625 0.40208333333333335 0.0265625 0.0375
7 0.30234375 0.4354166666666667 0.0359375 0.04583333333333333
4 0.35234375 0.43645833333333334 0.0296875 0.035416666666666666
6 0.40234375 0.4510416666666667 0.0296875 0.03958333333333333
4 0.325 0.46458333333333335 0.025 0.020833333333333332
9 0.659375 0.47708333333333336 0.071875 0.1125
4 0.390625 0.4864583333333333 0.0375 0.04791666666666667
4 0.32578125 0.4895833333333333 0.0359375 0.041666666666666664
9 0.21171875 0.509375 0.0703125 0.10208333333333333
9 0.26328125 0.55 0.0828125 0.11666666666666667
4 0.3734375 0.559375 0.05 0.06041666666666667
7 0.13984375 0.5739583333333333 0.0859375 0.12291666666666666
7 0.09296875 0.7833333333333333 0.1828125 0.23333333333333334
4 0.2921875 0.85625 0.1125 0.15