8 0.34921875 0.4197916666666667 0.0546875 0.08541666666666667
4 0.39609375 0.43854166666666666 0.0296875 0.03125
7 0.2765625 0.45729166666666665 0.046875 0.06041666666666667
4 0.3921875 0.46979166666666666 0.034375 0.04791666666666667
4 0.5109375 0.46979166666666666 0.040625 0.05625
9 0.31171875 0.47291666666666665 0.0640625 0.08333333333333333
7 0.2375 0.48541666666666666 0.046875 0.058333333333333334
4 0.38046875 0.5177083333333333 0.0359375 0.04791666666666667
9 0.690625 0.5229166666666667 0.075 0.09166666666666666
7 0.1734375 0.5458333333333333 0.08125 0.10833333333333334
4 0.36953125 0.56875 0.0609375 0.075
0 0.22890625 0.5854166666666667 0.1390625 0.19166666666666668
9 0.06015625 0.6520833333333333 0.1203125 0.15416666666666667
4 0.32578125 0.6677083333333333 0.0828125 0.08958333333333333
4 0.61484375 0.753125 0.1109375 0.16875
4 0.27734375 0.83125 0.1203125 0.15416666666666667