4 0.296875 0.42083333333333334 0.028125 0.03333333333333333
4 0.578125 0.421875 0.028125 0.04375
4 0.54140625 0.42291666666666666 0.0328125 0.05
4 0.35546875 0.43854166666666666 0.0296875 0.035416666666666666
4 0.40234375 0.4479166666666667 0.0296875 0.0375
4 0.4984375 0.45208333333333334 0.0375 0.05
4 0.56328125 0.46875 0.0359375 0.041666666666666664
4 0.3328125 0.47604166666666664 0.0375 0.05625
4 0.3890625 0.4895833333333333 0.034375 0.04583333333333333
9 0.20625 0.49166666666666664 0.096875 0.125
7 0.296875 0.503125 0.071875 0.10208333333333333
4 0.39609375 0.5239583333333333 0.0453125 0.06458333333333334
4 0.74921875 0.6041666666666666 0.0796875 0.10416666666666667
7 0.21953125 0.609375 0.1046875 0.15208333333333332
4 0.5703125 0.6104166666666667 0.075 0.09583333333333334
4 0.33046875 0.621875 0.0734375 0.09375
9 0.071875 0.6375 0.14375 0.24166666666666667
4 0.31171875 0.7385416666666667 0.0921875 0.11458333333333333
9 0.09375 0.828125 0.1875 0.34375
4 0.2375 0.9270833333333334 0.146875 0.14583333333333334