8 0.265625 0.459375 0.071875 0.09375
4 0.32890625 0.478125 0.0359375 0.04791666666666667
8 0.6046875 0.49270833333333336 0.09375 0.16458333333333333
4 0.37890625 0.5104166666666666 0.0453125 0.0625
8 0.17265625 0.5239583333333333 0.1296875 0.14791666666666667
4 0.2984375 0.5239583333333333 0.04375 0.052083333333333336
7 0.7421875 0.5604166666666667 0.103125 0.15833333333333333
4 0.37265625 0.5625 0.0515625 0.07083333333333333
4 0.26640625 0.5791666666666667 0.0609375 0.08333333333333333
4 0.55625 0.6 0.059375 0.08333333333333333
4 0.3359375 0.6395833333333333 0.06875 0.07916666666666666
9 0.11015625 0.7625 0.2203125 0.37916666666666665
4 0.29609375 0.7833333333333333 0.1171875 0.1625
4 0.709375 0.8020833333333334 0.125 0.1875