7 0.33828125 0.39791666666666664 0.0265625 0.0375
7 0.30546875 0.43125 0.0359375 0.04583333333333333
4 0.35234375 0.43645833333333334 0.0296875 0.035416666666666666
4 0.3296875 0.4510416666666667 0.028125 0.027083333333333334
6 0.40234375 0.4510416666666667 0.0296875 0.03958333333333333
4 0.390625 0.4864583333333333 0.0375 0.04791666666666667
4 0.32578125 0.4895833333333333 0.0359375 0.041666666666666664
9 0.2171875 0.5 0.065625 0.09583333333333334
9 0.69921875 0.5041666666666667 0.0921875 0.14166666666666666
9 0.275 0.5416666666666666 0.071875 0.10833333333333334
4 0.3765625 0.5510416666666667 0.05 0.06041666666666667
7 0.15234375 0.5520833333333334 0.0921875 0.10416666666666667
7 0.12265625 0.7416666666666667 0.1609375 0.2125
4 0.303125 0.8229166666666666 0.109375 0.14166666666666666