4 0.31015625 0.43645833333333334 0.0296875 0.03958333333333333
10 0.55390625 0.4427083333333333 0.0359375 0.052083333333333336
4 0.34765625 0.44583333333333336 0.0328125 0.04583333333333333
4 0.39375 0.4552083333333333 0.0375 0.04375
10 0.2765625 0.46145833333333336 0.046875 0.052083333333333336
4 0.32734375 0.47291666666666665 0.0421875 0.04583333333333333
4 0.3953125 0.49166666666666664 0.040625 0.05
4 0.315625 0.503125 0.0375 0.04375
4 0.209375 0.5270833333333333 0.04375 0.05416666666666667
4 0.3046875 0.53125 0.040625 0.06666666666666667
4 0.37734375 0.534375 0.0484375 0.06458333333333334
4 0.5375 0.546875 0.053125 0.06458333333333334
10 0.24609375 0.5625 0.0921875 0.125
4 0.3734375 0.5697916666666667 0.046875 0.05625
9 0.096875 0.5770833333333333 0.153125 0.17083333333333334
4 0.38359375 0.6135416666666667 0.0640625 0.08541666666666667
10 0.19609375 0.640625 0.1171875 0.16041666666666668
10 0.71640625 0.6510416666666666 0.1078125 0.20208333333333334
4 0.57109375 0.6541666666666667 0.0796875 0.12083333333333333
9 0.03515625 0.6833333333333333 0.0703125 0.1875
4 0.309375 0.6927083333333334 0.096875 0.10625
4 0.29375 0.8083333333333333 0.1 0.125
9 0.09140625 0.8291666666666667 0.1828125 0.3416666666666667
4 0.228125 0.9416666666666667 0.15 0.11666666666666667