4 0.2875 0.4375 0.028125 0.041666666666666664
8 0.57109375 0.44479166666666664 0.0671875 0.12291666666666666
4 0.3390625 0.45625 0.03125 0.041666666666666664
7 0.634375 0.46458333333333335 0.05625 0.09583333333333334
8 0.24375 0.48125 0.078125 0.12083333333333333
4 0.5109375 0.48125 0.0375 0.05416666666666667
4 0.32265625 0.4864583333333333 0.0421875 0.05625
4 0.37421875 0.5135416666666667 0.0453125 0.06458333333333334
4 0.2921875 0.5364583333333334 0.05 0.06041666666666667
8 0.16171875 0.5395833333333333 0.1515625 0.17083333333333334
4 0.55546875 0.55 0.0453125 0.07916666666666666
4 0.3671875 0.5770833333333333 0.05625 0.07916666666666666
4 0.25859375 0.5916666666666667 0.0671875 0.09166666666666666
4 0.3296875 0.659375 0.078125 0.09375
4 0.62421875 0.8104166666666667 0.1015625 0.1875
4 0.27265625 0.853125 0.1390625 0.20208333333333334