8 0.3390625 0.3927083333333333 0.0375 0.052083333333333336
8 0.3171875 0.4114583333333333 0.05 0.05625
9 0.27265625 0.434375 0.0546875 0.07291666666666667
4 0.353125 0.446875 0.028125 0.03958333333333333
9 0.22421875 0.47604166666666664 0.0921875 0.09375
4 0.375 0.5364583333333334 0.05625 0.07291666666666667
9 0.25078125 0.5385416666666667 0.1265625 0.18125
4 0.34921875 0.6 0.0640625 0.075
4 0.33203125 0.6541666666666667 0.1046875 0.1
8 0.15703125 0.659375 0.2265625 0.31875
4 0.2984375 0.7510416666666667 0.11875 0.16041666666666668
9 0.06328125 0.871875 0.1265625 0.25625
4 0.2734375 0.903125 0.121875 0.19375