9 0.35625 0.40625 0.05 0.075
4 0.40078125 0.4427083333333333 0.0296875 0.03125
8 0.31953125 0.453125 0.0671875 0.11875
4 0.38828125 0.490625 0.0421875 0.05625
8 0.69375 0.5041666666666667 0.096875 0.125
7 0.21875 0.5072916666666667 0.071875 0.09791666666666667
4 0.5234375 0.5072916666666667 0.04375 0.06875
4 0.3796875 0.5114583333333333 0.046875 0.05625
9 0.259375 0.5375 0.09375 0.12083333333333333
7 0.140625 0.58125 0.096875 0.1125
4 0.346875 0.621875 0.065625 0.08541666666666667
4 0.3203125 0.7520833333333333 0.096875 0.12916666666666668
4 0.675 0.871875 0.134375 0.21875