9 0.353125 0.3645833333333333 0.03125 0.04583333333333333
9 0.33125 0.396875 0.04375 0.06875
4 0.31171875 0.4 0.0234375 0.03333333333333333
4 0.4234375 0.40520833333333334 0.021875 0.027083333333333334
7 0.365625 0.40625 0.0375 0.05
4 0.40390625 0.41041666666666665 0.0234375 0.029166666666666667
4 0.396875 0.4322916666666667 0.03125 0.035416666666666666
7 0.28671875 0.4375 0.0609375 0.0875
9 0.34140625 0.45 0.0484375 0.07916666666666666
4 0.39921875 0.45208333333333334 0.0359375 0.04583333333333333
4 0.390625 0.475 0.040625 0.04583333333333333
4 0.3140625 0.4895833333333333 0.046875 0.06666666666666667
4 0.3734375 0.509375 0.053125 0.06875
4 0.2359375 0.5114583333333333 0.05 0.06458333333333334
4 0.16328125 0.521875 0.0578125 0.06458333333333334
4 0.27890625 0.5520833333333334 0.0609375 0.07916666666666666
7 0.6609375 0.5604166666666667 0.1 0.16666666666666666
4 0.2171875 0.64375 0.10625 0.12916666666666668
8 0.04453125 0.7052083333333333 0.0890625 0.27708333333333335
4 0.28984375 0.7635416666666667 0.1203125 0.16875
4 0.859375 0.89375 0.1875 0.20833333333333334
4 0.06015625 0.9322916666666666 0.1203125 0.13541666666666666