8 0.30703125 0.425 0.0609375 0.0625
4 0.3609375 0.440625 0.034375 0.05625
4 0.5 0.44895833333333335 0.03125 0.052083333333333336
4 0.340625 0.4635416666666667 0.034375 0.052083333333333336
4 0.38359375 0.49166666666666664 0.0484375 0.06666666666666667
9 0.2453125 0.540625 0.14375 0.18541666666666667
4 0.3734375 0.5572916666666666 0.05625 0.12291666666666666
4 0.55234375 0.5864583333333333 0.0515625 0.08958333333333333
4 0.3515625 0.6135416666666667 0.090625 0.12708333333333333
4 0.32734375 0.6770833333333334 0.1140625 0.12916666666666668
8 0.13984375 0.6833333333333333 0.2421875 0.3375
4 0.29921875 0.7510416666666667 0.1140625 0.16875
4 0.26328125 0.9083333333333333 0.1359375 0.18333333333333332