9 0.3546875 0.371875 0.03125 0.04791666666666667
8 0.515625 0.37916666666666665 0.03125 0.05416666666666667
4 0.47421875 0.38125 0.0140625 0.025
7 0.32890625 0.4010416666666667 0.0328125 0.04375
7 0.36484375 0.40520833333333334 0.0296875 0.04375
4 0.4 0.40729166666666666 0.025 0.01875
4 0.48125 0.4114583333333333 0.021875 0.03125
4 0.27890625 0.421875 0.0296875 0.027083333333333334
4 0.3984375 0.42916666666666664 0.028125 0.029166666666666667
4 0.30859375 0.43125 0.0265625 0.03333333333333333
9 0.34921875 0.4354166666666667 0.0359375 0.0625
4 0.5 0.440625 0.028125 0.03958333333333333
4 0.403125 0.45 0.03125 0.03333333333333333
4 0.2765625 0.4625 0.03125 0.0375
4 0.334375 0.4635416666666667 0.0375 0.052083333333333336
4 0.3921875 0.46875 0.034375 0.041666666666666664
4 0.378125 0.4947916666666667 0.0375 0.052083333333333336
8 0.20703125 0.5 0.0984375 0.12916666666666668
4 0.30625 0.509375 0.046875 0.05625
4 0.371875 0.5208333333333334 0.046875 0.0625
4 0.26875 0.5739583333333333 0.059375 0.06458333333333334
8 0.0828125 0.6208333333333333 0.165625 0.225
4 0.34765625 0.65 0.0703125 0.09166666666666666
4 0.19765625 0.6989583333333333 0.0921875 0.12291666666666666
4 0.2703125 0.8270833333333333 0.109375 0.12916666666666668