4 0.37890625 0.39791666666666664 0.0265625 0.03333333333333333
4 0.41484375 0.4083333333333333 0.0234375 0.029166666666666667
4 0.4875 0.4197916666666667 0.025 0.03958333333333333
9 0.35859375 0.421875 0.0390625 0.05625
9 0.31015625 0.4239583333333333 0.0390625 0.06041666666666667
8 0.54609375 0.4239583333333333 0.0515625 0.08541666666666667
4 0.40703125 0.440625 0.0328125 0.035416666666666666
7 0.2671875 0.453125 0.04375 0.06458333333333334
4 0.62890625 0.4666666666666667 0.0390625 0.05
7 0.3203125 0.4708333333333333 0.053125 0.08333333333333333
9 0.2359375 0.48020833333333335 0.059375 0.09791666666666667
4 0.5171875 0.4822916666666667 0.0375 0.052083333333333336
4 0.37578125 0.5385416666666667 0.0484375 0.06458333333333334
9 0.27578125 0.54375 0.0703125 0.1125
4 0.34765625 0.6427083333333333 0.0765625 0.09791666666666667
8 0.071875 0.6447916666666667 0.14375 0.24375
4 0.57109375 0.6541666666666667 0.0828125 0.125
4 0.20859375 0.709375 0.1015625 0.10208333333333333
4 0.265625 0.9177083333333333 0.15 0.16458333333333333