9 0.29765625 0.41875 0.0546875 0.08333333333333333
0 0.55234375 0.4395833333333333 0.0546875 0.09166666666666666
7 0.33515625 0.44583333333333336 0.0453125 0.07083333333333333
4 0.6 0.45208333333333334 0.03125 0.04583333333333333
4 0.4015625 0.45416666666666666 0.034375 0.04583333333333333
9 0.2421875 0.46979166666666666 0.078125 0.11875
4 0.209375 0.47604166666666664 0.0375 0.052083333333333336
4 0.38046875 0.490625 0.0390625 0.05625
4 0.3203125 0.49270833333333336 0.046875 0.05625
4 0.665625 0.496875 0.05625 0.06875
4 0.6203125 0.5510416666666667 0.059375 0.09375
4 0.5375 0.5520833333333334 0.05625 0.08333333333333333
9 0.265625 0.559375 0.103125 0.15208333333333332
4 0.7546875 0.584375 0.090625 0.09375
4 0.07890625 0.5916666666666667 0.0859375 0.09166666666666666
4 0.15390625 0.6 0.0703125 0.07916666666666666
4 0.35390625 0.6114583333333333 0.0671875 0.08125
4 0.74375 0.7666666666666667 0.121875 0.18333333333333332
4 0.2796875 0.8177083333333334 0.11875 0.16041666666666668
4 0.090625 0.8447916666666667 0.140625 0.19375