7 0.3375 0.4041666666666667 0.03125 0.0375
4 0.37265625 0.40520833333333334 0.0296875 0.035416666666666666
6 0.41171875 0.42083333333333334 0.0296875 0.03333333333333333
4 0.35703125 0.43125 0.0265625 0.03333333333333333
4 0.40625 0.44479166666666664 0.03125 0.03958333333333333
9 0.2625 0.46041666666666664 0.05 0.08333333333333333
9 0.3265625 0.4791666666666667 0.05625 0.06666666666666667
4 0.39375 0.4864583333333333 0.040625 0.04791666666666667
7 0.2109375 0.5010416666666667 0.065625 0.08541666666666667
4 0.5234375 0.503125 0.04375 0.06041666666666667
7 0.69296875 0.5375 0.0734375 0.075
7 0.25703125 0.5479166666666667 0.0765625 0.11666666666666667
9 0.1609375 0.5510416666666667 0.096875 0.13541666666666666
7 0.659375 0.5833333333333334 0.084375 0.12916666666666668
4 0.34921875 0.6458333333333334 0.0734375 0.09166666666666666
7 0.1359375 0.746875 0.1625 0.21875
4 0.2984375 0.8447916666666667 0.134375 0.16875