8 0.3234375 0.39791666666666664 0.046875 0.058333333333333334
4 0.49296875 0.4114583333333333 0.0359375 0.05625
8 0.29765625 0.421875 0.0578125 0.07708333333333334
4 0.4078125 0.4239583333333333 0.03125 0.03958333333333333
4 0.36171875 0.440625 0.0359375 0.04791666666666667
9 0.23515625 0.4427083333333333 0.0640625 0.07291666666666667
4 0.33828125 0.46770833333333334 0.0484375 0.03958333333333333
4 0.515625 0.46875 0.040625 0.05
4 0.38828125 0.49583333333333335 0.0515625 0.0625
9 0.25078125 0.5395833333333333 0.1328125 0.16666666666666666
9 0.14765625 0.5458333333333333 0.1453125 0.15416666666666667
4 0.3734375 0.5604166666666667 0.065625 0.07916666666666666
4 0.34453125 0.5989583333333334 0.0484375 0.09791666666666667
4 0.321875 0.65625 0.084375 0.14583333333333334
8 0.13046875 0.69375 0.2515625 0.35
9 0.74765625 0.696875 0.1453125 0.26458333333333334
7 0.890625 0.703125 0.171875 0.22708333333333333
4 0.275 0.740625 0.1 0.16875
4 0.27265625 0.90625 0.1609375 0.1875