8 0.33203125 0.4395833333333333 0.0671875 0.12083333333333333
7 0.2296875 0.4895833333333333 0.04375 0.08333333333333333
4 0.384375 0.49270833333333336 0.04375 0.06458333333333334
4 0.51953125 0.5 0.0671875 0.075
9 0.278125 0.5135416666666667 0.096875 0.11875
7 0.16953125 0.55625 0.0828125 0.09166666666666666
4 0.359375 0.58125 0.06875 0.0875
8 0.81328125 0.6083333333333333 0.1796875 0.25
7 0.0578125 0.6145833333333334 0.115625 0.0875
4 0.58984375 0.70625 0.1078125 0.1625
4 0.33203125 0.7135416666666666 0.0953125 0.13125
0 0.11015625 0.803125 0.2203125 0.38958333333333334
4 0.24765625 0.9208333333333333 0.1484375 0.14166666666666666