4 0.28125 0.45 0.03125 0.041666666666666664
4 0.3375 0.45625 0.03125 0.041666666666666664
8 0.234375 0.48333333333333334 0.078125 0.12083333333333333
4 0.509375 0.48333333333333334 0.0375 0.05416666666666667
4 0.31640625 0.490625 0.0421875 0.05625
4 0.37421875 0.5135416666666667 0.0453125 0.06458333333333334
4 0.28359375 0.5520833333333334 0.0546875 0.06666666666666667
4 0.54765625 0.5572916666666666 0.0546875 0.07708333333333334
8 0.12265625 0.578125 0.1734375 0.18541666666666667
4 0.36015625 0.6041666666666666 0.0609375 0.08333333333333333
4 0.23671875 0.6302083333333334 0.0703125 0.09375
4 0.3078125 0.7177083333333333 0.090625 0.10625