8 0.32265625 0.409375 0.0328125 0.06041666666666667
8 0.284375 0.4375 0.05625 0.075
7 0.60234375 0.4375 0.0421875 0.0625
4 0.40234375 0.4552083333333333 0.0390625 0.05625
9 0.5671875 0.4583333333333333 0.04375 0.07916666666666666
4 0.37734375 0.503125 0.0578125 0.05625
9 0.18671875 0.5104166666666666 0.0765625 0.11666666666666667
4 0.36875 0.5510416666666667 0.053125 0.06041666666666667
9 0.23515625 0.553125 0.1328125 0.18541666666666667
4 0.34921875 0.6010416666666667 0.0578125 0.07708333333333334
4 0.33671875 0.65625 0.0859375 0.09583333333333334
4 0.28984375 0.75625 0.1078125 0.1375
8 0.11328125 0.7760416666666666 0.2265625 0.4479166666666667
4 0.66640625 0.896875 0.1421875 0.20625
4 0.26875 0.9145833333333333 0.1375 0.1625