0 0.334375 0.44479166666666664 0.0625 0.09791666666666667
7 0.28046875 0.446875 0.0515625 0.07291666666666667
4 0.5609375 0.4510416666666667 0.034375 0.05625
4 0.503125 0.4583333333333333 0.03125 0.05416666666666667
9 0.2484375 0.471875 0.059375 0.07291666666666667
4 0.38828125 0.471875 0.0390625 0.04375
4 0.38359375 0.5020833333333333 0.0421875 0.041666666666666664
9 0.18203125 0.528125 0.0828125 0.11458333333333333
8 0.26796875 0.528125 0.1078125 0.13541666666666666
4 0.3734375 0.540625 0.05 0.06041666666666667
7 0.75078125 0.5697916666666667 0.1046875 0.13125
4 0.35234375 0.5864583333333333 0.0640625 0.06458333333333334
4 0.33125 0.6479166666666667 0.075 0.1
4 0.58203125 0.66875 0.0953125 0.14166666666666666
11 0.7484375 0.6854166666666667 0.221875 0.3333333333333333
9 0.1609375 0.6927083333333334 0.146875 0.20208333333333334
6 0.3234375 0.7260416666666667 0.09375 0.13125
4 0.27890625 0.8895833333333333 0.1328125 0.17083333333333334