4 0.5078125 0.384375 0.021875 0.03125
4 0.48125 0.38645833333333335 0.01875 0.027083333333333334
4 0.5484375 0.3885416666666667 0.025 0.035416666666666666
4 0.515625 0.40208333333333335 0.021875 0.029166666666666667
4 0.56875 0.403125 0.028125 0.035416666666666666
4 0.540625 0.42291666666666666 0.025 0.0375
4 0.41640625 0.42604166666666665 0.0171875 0.035416666666666666
4 0.48828125 0.42604166666666665 0.0265625 0.035416666666666666
9 0.27578125 0.43645833333333334 0.0515625 0.09375
7 0.3453125 0.43645833333333334 0.040625 0.06458333333333334
7 0.615625 0.44166666666666665 0.0375 0.05416666666666667
4 0.38984375 0.4625 0.0328125 0.0375
7 0.3234375 0.4635416666666667 0.04375 0.08125
4 0.59453125 0.4708333333333333 0.0453125 0.05416666666666667
4 0.5109375 0.47291666666666665 0.03125 0.05
9 0.20390625 0.503125 0.1140625 0.14791666666666667
4 0.59296875 0.50625 0.0421875 0.05416666666666667
4 0.3828125 0.5125 0.034375 0.04583333333333333
4 0.346875 0.5875 0.05 0.08333333333333333
4 0.69453125 0.6052083333333333 0.0734375 0.11041666666666666
4 0.05234375 0.6322916666666667 0.0859375 0.10625
9 0.196875 0.6479166666666667 0.1625 0.20416666666666666
4 0.59375 0.70625 0.0875 0.14583333333333334
4 0.97890625 0.8114583333333333 0.0421875 0.16041666666666668
4 0.04609375 0.81875 0.0890625 0.12916666666666668
4 0.29140625 0.8458333333333333 0.0765625 0.15833333333333333
4 0.928125 0.9375 0.121875 0.125