4 0.48046875 0.3802083333333333 0.0203125 0.022916666666666665
8 0.32109375 0.4083333333333333 0.0328125 0.05416666666666667
7 0.596875 0.43333333333333335 0.04375 0.075
8 0.2765625 0.44166666666666665 0.059375 0.075
9 0.56015625 0.44895833333333335 0.0421875 0.08541666666666667
4 0.39765625 0.4510416666666667 0.0390625 0.052083333333333336
4 0.346875 0.45208333333333334 0.04375 0.041666666666666664
4 0.3203125 0.4875 0.0375 0.05416666666666667
9 0.17890625 0.4947916666666667 0.0828125 0.11458333333333333
4 0.375 0.5020833333333333 0.046875 0.058333333333333334
9 0.246875 0.55 0.146875 0.17916666666666667
4 0.3734375 0.5510416666666667 0.0625 0.05625
4 0.34375 0.5916666666666667 0.059375 0.05416666666666667
4 0.33359375 0.6520833333333333 0.0984375 0.10416666666666667
4 0.28828125 0.7479166666666667 0.1203125 0.12916666666666668
8 0.11484375 0.7760416666666666 0.2265625 0.4479166666666667
4 0.615625 0.79375 0.1125 0.19583333333333333
4 0.26484375 0.909375 0.1359375 0.17291666666666666