4 0.490625 0.41458333333333336 0.053125 0.058333333333333334
4 0.40625 0.42083333333333334 0.025 0.041666666666666664
8 0.3 0.42604166666666665 0.05 0.07291666666666667
4 0.359375 0.43333333333333335 0.034375 0.03333333333333333
9 0.23515625 0.440625 0.0671875 0.07708333333333334
4 0.33984375 0.4739583333333333 0.0390625 0.05625
4 0.52109375 0.48333333333333334 0.0453125 0.08333333333333333
4 0.38515625 0.496875 0.0609375 0.07291666666666667
9 0.14140625 0.5 0.1328125 0.0875
9 0.2515625 0.5395833333333333 0.140625 0.18333333333333332
4 0.37890625 0.5510416666666667 0.0640625 0.07291666666666667
4 0.3453125 0.6 0.08125 0.0625
8 0.13125 0.6729166666666667 0.2625 0.3541666666666667
4 0.3421875 0.6791666666666667 0.109375 0.14166666666666666
7 0.92109375 0.7427083333333333 0.1578125 0.35625
9 0.78046875 0.7458333333333333 0.1828125 0.3375
4 0.2953125 0.7489583333333333 0.121875 0.14375
4 0.2671875 0.9072916666666667 0.14375 0.18541666666666667