8 0.3046875 0.4083333333333333 0.0625 0.08333333333333333
4 0.4109375 0.4197916666666667 0.028125 0.03958333333333333
9 0.55546875 0.425 0.0515625 0.09166666666666666
4 0.40390625 0.45208333333333334 0.0328125 0.03333333333333333
11 0.25390625 0.4552083333333333 0.0765625 0.11458333333333333
8 0.31875 0.46041666666666664 0.0625 0.10833333333333334
4 0.5140625 0.49166666666666664 0.040625 0.05416666666666667
4 0.38515625 0.49375 0.0390625 0.04583333333333333
4 0.2796875 0.5510416666666667 0.0625 0.06458333333333334
4 0.36328125 0.5583333333333333 0.0546875 0.07083333333333333
7 0.70703125 0.5614583333333333 0.0859375 0.09375
7 0.17265625 0.5697916666666667 0.0859375 0.11458333333333333
6 0.34609375 0.6447916666666667 0.0765625 0.10625
7 0.05 0.7239583333333334 0.1 0.18125
4 0.309375 0.7854166666666667 0.103125 0.13333333333333333
4 0.071875 0.9020833333333333 0.14375 0.17083333333333334