8 0.36953125 0.396875 0.0390625 0.05625
9 0.31015625 0.41354166666666664 0.0390625 0.06458333333333334
9 0.34921875 0.43333333333333335 0.0453125 0.06666666666666667
8 0.25078125 0.44583333333333336 0.0734375 0.1125
9 0.56640625 0.45208333333333334 0.0546875 0.07916666666666666
4 0.3984375 0.46145833333333336 0.028125 0.03958333333333333
4 0.38828125 0.49895833333333334 0.0421875 0.052083333333333336
4 0.35859375 0.5625 0.0515625 0.05416666666666667
11 0.146875 0.5625 0.16875 0.2125
8 0.2125 0.6083333333333333 0.134375 0.22083333333333333
4 0.3359375 0.6239583333333333 0.0625 0.07708333333333334
6 0.325 0.7166666666666667 0.090625 0.12083333333333333
4 0.29296875 0.8354166666666667 0.1140625 0.14583333333333334