9 0.3484375 0.3729166666666667 0.034375 0.05
7 0.53125 0.38958333333333334 0.03125 0.05416666666666667
9 0.3203125 0.4041666666666667 0.053125 0.07916666666666666
4 0.4234375 0.40520833333333334 0.021875 0.027083333333333334
4 0.40546875 0.41041666666666665 0.0234375 0.029166666666666667
4 0.29453125 0.41354166666666664 0.0265625 0.035416666666666666
7 0.35703125 0.41875 0.0421875 0.058333333333333334
4 0.396875 0.428125 0.03125 0.035416666666666666
4 0.55078125 0.44166666666666665 0.0390625 0.05416666666666667
4 0.2578125 0.4427083333333333 0.034375 0.03958333333333333
4 0.40078125 0.44375 0.0328125 0.029166666666666667
9 0.33671875 0.4552083333333333 0.0578125 0.08541666666666667
4 0.27578125 0.459375 0.0390625 0.052083333333333336
4 0.39765625 0.459375 0.0390625 0.04791666666666667
4 0.5140625 0.47291666666666665 0.046875 0.0625
4 0.20078125 0.47708333333333336 0.0421875 0.058333333333333334
4 0.3828125 0.49270833333333336 0.05 0.06041666666666667
7 0.24140625 0.49375 0.0796875 0.09583333333333334
4 0.3015625 0.5104166666666666 0.053125 0.07083333333333333
4 0.3515625 0.58125 0.071875 0.0875
4 0.25234375 0.6 0.0859375 0.1
4 0.15546875 0.6010416666666667 0.0921875 0.10208333333333333
4 0.0578125 0.934375 0.115625 0.13125