9 0.34921875 0.41875 0.0578125 0.08333333333333333
4 0.39609375 0.44895833333333335 0.0296875 0.03125
7 0.56953125 0.46770833333333334 0.0421875 0.06458333333333334
8 0.29375 0.490625 0.09375 0.15625
4 0.528125 0.5114583333333333 0.046875 0.06875
4 0.378125 0.521875 0.053125 0.07708333333333334
8 0.74375 0.54375 0.128125 0.18333333333333332
7 0.16640625 0.5447916666666667 0.0953125 0.09791666666666667
7 0.63828125 0.559375 0.0828125 0.14791666666666667
4 0.35703125 0.56875 0.0546875 0.07083333333333333
9 0.1875 0.6260416666666667 0.146875 0.18541666666666667
7 0.05546875 0.678125 0.1109375 0.15208333333333332
4 0.31484375 0.7458333333333333 0.0921875 0.125
4 0.64375 0.7916666666666666 0.1125 0.19583333333333333