4 0.50625 0.453125 0.03125 0.05625
9 0.328125 0.45416666666666666 0.05625 0.07916666666666666
8 0.58046875 0.4635416666666667 0.0609375 0.09375
4 0.3890625 0.475 0.034375 0.0375
4 0.38359375 0.5083333333333333 0.0421875 0.041666666666666664
7 0.203125 0.5229166666666667 0.078125 0.1125
0 0.2609375 0.5479166666666667 0.121875 0.1625
4 0.36796875 0.553125 0.0546875 0.06458333333333334
4 0.528125 0.5572916666666666 0.05625 0.07708333333333334
9 0.11875 0.584375 0.109375 0.11458333333333333
4 0.33515625 0.6333333333333333 0.0703125 0.08333333333333333
4 0.60625 0.7375 0.1 0.15416666666666667
4 0.30546875 0.7395833333333334 0.1015625 0.12916666666666668
8 0.1078125 0.8197916666666667 0.209375 0.36041666666666666