7 0.29609375 0.4322916666666667 0.0515625 0.07291666666666667
0 0.3421875 0.43333333333333335 0.0625 0.09166666666666666
9 0.25859375 0.4510416666666667 0.0484375 0.04375
4 0.50390625 0.46041666666666664 0.0421875 0.05
4 0.38828125 0.471875 0.0390625 0.04375
8 0.29140625 0.5 0.0921875 0.13333333333333333
9 0.209375 0.5020833333333333 0.071875 0.10833333333333334
4 0.38359375 0.5020833333333333 0.0421875 0.041666666666666664
4 0.60546875 0.509375 0.0515625 0.07708333333333334
4 0.3734375 0.540625 0.05 0.06041666666666667
4 0.53515625 0.5583333333333333 0.0578125 0.07916666666666666
4 0.35234375 0.5864583333333333 0.0640625 0.06458333333333334
9 0.21171875 0.628125 0.1171875 0.16041666666666668
4 0.33125 0.6479166666666667 0.075 0.1
8 0.06953125 0.6625 0.1390625 0.325
6 0.3296875 0.7260416666666667 0.09375 0.13125
4 0.29375 0.8479166666666667 0.115625 0.16666666666666666