9 0.29296875 0.415625 0.0546875 0.08125
4 0.60234375 0.4322916666666667 0.0390625 0.04375
4 0.5484375 0.44166666666666665 0.034375 0.05
4 0.50234375 0.4479166666666667 0.0359375 0.04583333333333333
7 0.33359375 0.45 0.0453125 0.07083333333333333
4 0.6375 0.46979166666666666 0.05 0.06041666666666667
4 0.3953125 0.47291666666666665 0.034375 0.04583333333333333
9 0.23203125 0.478125 0.0828125 0.12708333333333333
4 0.5765625 0.4947916666666667 0.046875 0.06875
4 0.36875 0.5239583333333333 0.046875 0.06875
4 0.159375 0.528125 0.059375 0.06458333333333334
4 0.6375 0.5666666666666667 0.0625 0.08333333333333333
4 0.53671875 0.5739583333333333 0.0546875 0.08125
9 0.2375 0.5927083333333333 0.11875 0.16458333333333333
7 0.771875 0.5947916666666667 0.084375 0.12708333333333333
4 0.33359375 0.66875 0.0734375 0.0875
4 0.10234375 0.671875 0.0734375 0.08958333333333333
4 0.6515625 0.8739583333333333 0.14375 0.20625