4 0.4921875 0.421875 0.03125 0.035416666666666666
4 0.359375 0.43854166666666666 0.03125 0.052083333333333336
9 0.23203125 0.45 0.0546875 0.058333333333333334
4 0.33828125 0.4625 0.0328125 0.041666666666666664
4 0.38125 0.49375 0.05 0.05416666666666667
4 0.52734375 0.496875 0.0609375 0.07708333333333334
9 0.246875 0.5302083333333333 0.125 0.17291666666666666
4 0.36640625 0.5572916666666666 0.0515625 0.09791666666666667
4 0.3515625 0.603125 0.053125 0.08958333333333333
4 0.3265625 0.659375 0.10625 0.09791666666666667
8 0.1234375 0.68125 0.24375 0.3458333333333333
4 0.290625 0.75625 0.11875 0.14166666666666666
9 0.8265625 0.7979166666666667 0.190625 0.35
4 0.26328125 0.9166666666666666 0.1609375 0.16666666666666666