8 0.35078125 0.41875 0.0515625 0.08333333333333333
11 0.29609375 0.42604166666666665 0.0671875 0.09375
7 0.59765625 0.43854166666666666 0.0390625 0.06458333333333334
4 0.3984375 0.45416666666666666 0.034375 0.0375
4 0.325 0.48333333333333334 0.04375 0.04583333333333333
4 0.1953125 0.496875 0.046875 0.052083333333333336
7 0.2421875 0.496875 0.0625 0.08541666666666667
4 0.38359375 0.50625 0.0421875 0.058333333333333334
4 0.52421875 0.5229166666666667 0.0515625 0.06666666666666667
6 0.365625 0.5770833333333333 0.059375 0.08333333333333333
7 0.15625 0.5885416666666666 0.090625 0.11875
4 0.2171875 0.6489583333333333 0.084375 0.08958333333333333
4 0.5734375 0.653125 0.071875 0.11458333333333333
9 0.75234375 0.6802083333333333 0.1703125 0.3020833333333333
4 0.3390625 0.6895833333333333 0.084375 0.10416666666666667
4 0.06953125 0.871875 0.1296875 0.13958333333333334
4 0.67890625 0.8989583333333333 0.1515625 0.20208333333333334
4 0.25078125 0.9333333333333333 0.1421875 0.13333333333333333