0 0.3578125 0.409375 0.046875 0.06875
9 0.30078125 0.425 0.0453125 0.06666666666666667
4 0.40234375 0.428125 0.0328125 0.04375
9 0.27265625 0.44166666666666665 0.0484375 0.075
8 0.3359375 0.4427083333333333 0.065625 0.08541666666666667
4 0.38828125 0.49166666666666664 0.0421875 0.05
9 0.30078125 0.5041666666666667 0.0640625 0.09166666666666666
8 0.178125 0.5145833333333333 0.125 0.17083333333333334
4 0.378125 0.521875 0.05 0.06041666666666667
4 0.34921875 0.5875 0.0578125 0.06666666666666667
4 0.5734375 0.6333333333333333 0.071875 0.10833333333333334
4 0.33125 0.6458333333333334 0.075 0.1
11 0.071875 0.6833333333333333 0.14375 0.29583333333333334
6 0.32421875 0.7177083333333333 0.0859375 0.12708333333333333
4 0.29375 0.8375 0.1125 0.15