9 0.328125 0.4 0.034375 0.058333333333333334
9 0.36875 0.4041666666666667 0.0375 0.05416666666666667
4 0.409375 0.42604166666666665 0.028125 0.03958333333333333
8 0.28203125 0.4270833333333333 0.0703125 0.1
7 0.59453125 0.4354166666666667 0.0421875 0.04583333333333333
4 0.403125 0.4666666666666667 0.0375 0.041666666666666664
11 0.22578125 0.4791666666666667 0.1109375 0.1625
8 0.2953125 0.496875 0.09375 0.15208333333333332
4 0.17890625 0.5041666666666667 0.0421875 0.05
4 0.37421875 0.525 0.0515625 0.05416666666666667
4 0.35234375 0.5927083333333333 0.0640625 0.08125
7 0.1140625 0.6302083333333334 0.121875 0.14375
4 0.21484375 0.665625 0.0921875 0.09791666666666667
6 0.3359375 0.6916666666666667 0.0875 0.125
4 0.29609375 0.8333333333333334 0.1140625 0.14583333333333334