4 0.48046875 0.3802083333333333 0.0421875 0.035416666666666666
8 0.32421875 0.4041666666666667 0.0390625 0.06666666666666667
4 0.49375 0.40729166666666666 0.03125 0.035416666666666666
8 0.2859375 0.42916666666666664 0.065625 0.07916666666666666
4 0.40390625 0.440625 0.0421875 0.052083333333333336
4 0.35703125 0.44166666666666665 0.0328125 0.04583333333333333
4 0.328125 0.47291666666666665 0.05 0.05416666666666667
9 0.21015625 0.4895833333333333 0.0671875 0.10416666666666667
4 0.37578125 0.49583333333333335 0.0578125 0.05416666666666667
7 0.659375 0.503125 0.053125 0.08958333333333333
9 0.60703125 0.5083333333333333 0.0703125 0.125
4 0.3765625 0.5447916666666667 0.075 0.06875
9 0.24453125 0.553125 0.1390625 0.17708333333333334
9 0.0890625 0.58125 0.165625 0.15
4 0.35703125 0.6052083333333333 0.0796875 0.08958333333333333
4 0.33203125 0.6614583333333334 0.0953125 0.11458333333333333
8 0.11640625 0.7354166666666667 0.2328125 0.4166666666666667
4 0.29921875 0.75 0.1203125 0.14583333333333334
4 0.2640625 0.9072916666666667 0.159375 0.18541666666666667