8 0.5796875 0.40625 0.04375 0.06666666666666667
4 0.4890625 0.40729166666666666 0.021875 0.03958333333333333
9 0.33671875 0.43020833333333336 0.0640625 0.09375
4 0.40625 0.440625 0.025 0.03125
4 0.5375 0.4635416666666667 0.034375 0.052083333333333336
4 0.39375 0.4739583333333333 0.034375 0.03958333333333333
4 0.51796875 0.5010416666666667 0.0390625 0.06875
8 0.24296875 0.5510416666666667 0.1421875 0.20625
4 0.35703125 0.575 0.0671875 0.0875
7 0.09453125 0.628125 0.1359375 0.15625
4 0.32578125 0.6604166666666667 0.0796875 0.1
4 0.6015625 0.6833333333333333 0.0875 0.13333333333333333
9 0.08984375 0.8135416666666667 0.1796875 0.3145833333333333
4 0.26953125 0.8989583333333333 0.1328125 0.16875