8 0.36640625 0.4010416666666667 0.0421875 0.06875
11 0.31328125 0.40625 0.0453125 0.075
4 0.4046875 0.43125 0.034375 0.0375
4 0.34921875 0.44895833333333335 0.0328125 0.04375
9 0.5859375 0.4625 0.05625 0.09166666666666666
7 0.27734375 0.46458333333333335 0.0484375 0.06666666666666667
4 0.39453125 0.46770833333333334 0.0328125 0.04375
7 0.21875 0.5270833333333333 0.065625 0.07916666666666666
6 0.378125 0.5354166666666667 0.046875 0.07083333333333333
4 0.27734375 0.55 0.0578125 0.07083333333333333
4 0.3546875 0.6114583333333333 0.065625 0.08958333333333333
4 0.2125 0.6447916666666667 0.071875 0.07708333333333334
9 0.0625 0.6666666666666666 0.125 0.18333333333333332
4 0.18046875 0.7510416666666667 0.1078125 0.11875
7 0.9234375 0.765625 0.153125 0.22291666666666668
4 0.29609375 0.796875 0.1109375 0.12291666666666666