7 0.27734375 0.44479166666666664 0.0515625 0.07291666666666667
0 0.3234375 0.46145833333333336 0.06875 0.09791666666666667
9 0.2328125 0.46875 0.059375 0.0625
4 0.38828125 0.471875 0.0390625 0.04375
4 0.52421875 0.4979166666666667 0.0453125 0.05416666666666667
4 0.38359375 0.5020833333333333 0.0421875 0.041666666666666664
11 0.63046875 0.5270833333333333 0.1203125 0.16666666666666666
4 0.3734375 0.540625 0.05 0.06041666666666667
8 0.2515625 0.5489583333333333 0.115625 0.16458333333333333
9 0.14609375 0.5604166666666667 0.0921875 0.1375
4 0.53515625 0.5708333333333333 0.0640625 0.08333333333333333
4 0.35234375 0.5864583333333333 0.0640625 0.06458333333333334
4 0.06328125 0.6010416666666667 0.0765625 0.07708333333333334
4 0.33125 0.6479166666666667 0.075 0.1
6 0.31875 0.7302083333333333 0.09375 0.13125
9 0.09921875 0.778125 0.1984375 0.28125
4 0.26328125 0.9239583333333333 0.1453125 0.14791666666666667