4 0.33125 0.3854166666666667 0.03125 0.03333333333333333
4 0.56015625 0.403125 0.0296875 0.03958333333333333
4 0.37265625 0.4114583333333333 0.0296875 0.03958333333333333
4 0.53359375 0.42291666666666666 0.0296875 0.04583333333333333
4 0.4109375 0.425 0.028125 0.03333333333333333
4 0.40078125 0.4375 0.0328125 0.041666666666666664
4 0.496875 0.43854166666666666 0.0375 0.04791666666666667
4 0.353125 0.44583333333333336 0.025 0.05
7 0.33125 0.4625 0.059375 0.0875
9 0.2328125 0.46979166666666666 0.10625 0.11875
4 0.40625 0.4708333333333333 0.046875 0.0625
4 0.628125 0.509375 0.059375 0.07708333333333334
4 0.53203125 0.521875 0.0609375 0.07708333333333334
7 0.2859375 0.5229166666666667 0.08125 0.12083333333333333
4 0.359375 0.54375 0.071875 0.0875
9 0.12890625 0.5729166666666666 0.1703125 0.20416666666666666
4 0.34921875 0.615625 0.0765625 0.09375
4 0.03515625 0.6416666666666667 0.0703125 0.0875
4 0.0328125 0.7427083333333333 0.065625 0.12291666666666666
4 0.7703125 0.7510416666666667 0.140625 0.21041666666666667
9 0.1125 0.7739583333333333 0.225 0.30625
4 0.9234375 0.784375 0.153125 0.18541666666666667
4 0.28359375 0.7895833333333333 0.1203125 0.18333333333333332