9 0.353125 0.3645833333333333 0.03125 0.04583333333333333
9 0.33125 0.396875 0.04375 0.06875
4 0.30703125 0.39791666666666664 0.0328125 0.0375
4 0.4234375 0.40520833333333334 0.021875 0.027083333333333334
4 0.40390625 0.41041666666666665 0.0234375 0.029166666666666667
7 0.3625 0.4125 0.0375 0.05
4 0.396875 0.4322916666666667 0.03125 0.035416666666666666
9 0.34140625 0.45 0.0484375 0.07916666666666666
4 0.39921875 0.45208333333333334 0.0359375 0.04583333333333333
7 0.27578125 0.4583333333333333 0.0609375 0.0875
4 0.390625 0.475 0.040625 0.04583333333333333
4 0.309375 0.49375 0.046875 0.06666666666666667
4 0.3734375 0.509375 0.053125 0.06875
4 0.228125 0.5177083333333333 0.05 0.06458333333333334
7 0.63828125 0.51875 0.0828125 0.14166666666666666
4 0.15 0.5427083333333333 0.071875 0.06458333333333334
4 0.27421875 0.5583333333333333 0.0609375 0.07916666666666666
4 0.2171875 0.6666666666666666 0.10625 0.12916666666666668
8 0.04453125 0.7052083333333333 0.0890625 0.27708333333333335
4 0.28828125 0.7802083333333333 0.1203125 0.16875
4 0.80078125 0.796875 0.1515625 0.17708333333333334