7 0.29609375 0.4270833333333333 0.0359375 0.05416666666666667
7 0.340625 0.4395833333333333 0.046875 0.058333333333333334
9 0.25703125 0.46770833333333334 0.0515625 0.08541666666666667
7 0.6578125 0.475 0.05625 0.09583333333333334
8 0.5828125 0.4791666666666667 0.08125 0.10416666666666667
9 0.30859375 0.49583333333333335 0.0546875 0.08333333333333333
4 0.38828125 0.5041666666666667 0.0390625 0.05
4 0.5140625 0.5041666666666667 0.046875 0.07083333333333333
4 0.72421875 0.5729166666666666 0.0671875 0.07916666666666666
4 0.36640625 0.5739583333333333 0.0609375 0.07708333333333334
8 0.1171875 0.5739583333333333 0.153125 0.18541666666666667
4 0.2640625 0.6145833333333334 0.065625 0.06666666666666667
4 0.61328125 0.7260416666666667 0.1140625 0.14791666666666667
4 0.3125 0.7729166666666667 0.1125 0.1375
11 0.065625 0.875 0.128125 0.25