8 0.58046875 0.40520833333333334 0.0453125 0.08125
4 0.4890625 0.4114583333333333 0.021875 0.035416666666666666
9 0.3375 0.434375 0.059375 0.09375
4 0.39375 0.471875 0.0375 0.04375
4 0.53984375 0.47604166666666664 0.0390625 0.052083333333333336
4 0.52421875 0.5208333333333334 0.0484375 0.075
8 0.24765625 0.5447916666666667 0.1421875 0.20208333333333334
4 0.35625 0.575 0.065625 0.0875
7 0.09765625 0.6166666666666667 0.1296875 0.13333333333333333
4 0.32890625 0.6520833333333333 0.0765625 0.1
4 0.62421875 0.7541666666666667 0.0984375 0.15416666666666667
9 0.09453125 0.7989583333333333 0.1890625 0.3104166666666667
4 0.2671875 0.8947916666666667 0.128125 0.16875