9 0.35703125 0.41770833333333335 0.0421875 0.05625
8 0.3 0.42291666666666666 0.05625 0.07083333333333333
4 0.5015625 0.44479166666666664 0.034375 0.04791666666666667
4 0.6 0.45208333333333334 0.028125 0.04583333333333333
8 0.25625 0.45625 0.075 0.09583333333333334
4 0.378125 0.5104166666666666 0.04375 0.05416666666666667
4 0.371875 0.5541666666666667 0.046875 0.0625
9 0.20625 0.5802083333333333 0.1625 0.20208333333333334
4 0.565625 0.5854166666666667 0.059375 0.09166666666666666
9 0.1015625 0.5885416666666666 0.153125 0.17291666666666666
4 0.3484375 0.6083333333333333 0.05625 0.06666666666666667
4 0.3296875 0.6583333333333333 0.090625 0.1125
4 0.290625 0.7625 0.103125 0.14166666666666666