9 0.359375 0.40520833333333334 0.04375 0.06458333333333334
8 0.33203125 0.43333333333333335 0.0671875 0.10416666666666667
4 0.40078125 0.43854166666666666 0.0296875 0.03125
4 0.39453125 0.46979166666666666 0.0359375 0.035416666666666666
7 0.24453125 0.48854166666666665 0.0609375 0.08125
4 0.38203125 0.49583333333333335 0.0390625 0.05
9 0.2890625 0.5072916666666667 0.078125 0.11041666666666666
7 0.18203125 0.5385416666666667 0.0796875 0.08541666666666667
4 0.36796875 0.559375 0.0515625 0.07291666666666667
7 0.0859375 0.6083333333333333 0.13125 0.12083333333333333
4 0.340625 0.6666666666666666 0.08125 0.09583333333333334
4 0.59453125 0.7145833333333333 0.1015625 0.15416666666666667
0 0.12421875 0.7458333333333333 0.2484375 0.3541666666666667
4 0.2734375 0.8510416666666667 0.121875 0.15208333333333332