8 0.490625 0.3458333333333333 0.01875 0.0375
4 0.46953125 0.3614583333333333 0.0109375 0.014583333333333334
9 0.34375 0.384375 0.034375 0.05625
7 0.36640625 0.40520833333333334 0.0296875 0.04375
4 0.4 0.40729166666666666 0.025 0.01875
7 0.31328125 0.41770833333333335 0.0421875 0.06041666666666667
4 0.3984375 0.42916666666666664 0.028125 0.029166666666666667
4 0.275 0.43020833333333336 0.034375 0.03125
4 0.54765625 0.4322916666666667 0.0265625 0.035416666666666666
9 0.34375 0.44375 0.04375 0.07083333333333333
4 0.4 0.45416666666666666 0.03125 0.03333333333333333
4 0.278125 0.46770833333333334 0.034375 0.03958333333333333
4 0.3921875 0.4708333333333333 0.034375 0.041666666666666664
4 0.3265625 0.478125 0.0375 0.052083333333333336
4 0.378125 0.4947916666666667 0.0375 0.052083333333333336
4 0.28125 0.5177083333333333 0.04375 0.05625
4 0.2671875 0.5697916666666667 0.059375 0.07291666666666667
4 0.353125 0.5760416666666667 0.059375 0.08541666666666667
8 0.10078125 0.5833333333333334 0.1734375 0.19583333333333333
4 0.02734375 0.6395833333333333 0.0546875 0.0875
4 0.21015625 0.6760416666666667 0.0859375 0.09791666666666667
4 0.2390625 0.9666666666666667 0.146875 0.06666666666666667