8 0.31796875 0.41458333333333336 0.0453125 0.0625
7 0.59453125 0.4322916666666667 0.0390625 0.07291666666666667
8 0.27578125 0.440625 0.0640625 0.07291666666666667
4 0.403125 0.44375 0.03125 0.05
9 0.5546875 0.44479166666666664 0.04375 0.09791666666666667
4 0.34765625 0.45 0.0421875 0.0375
4 0.32109375 0.4864583333333333 0.0421875 0.05625
4 0.3734375 0.5020833333333333 0.04375 0.06666666666666667
9 0.17890625 0.5041666666666667 0.0828125 0.10833333333333334
9 0.2390625 0.55 0.140625 0.17916666666666667
4 0.375 0.55 0.059375 0.07083333333333333
4 0.34921875 0.603125 0.0671875 0.08125
4 0.3234375 0.659375 0.0875 0.11041666666666666
4 0.58984375 0.7145833333333333 0.1015625 0.15833333333333333
4 0.29375 0.7510416666666667 0.109375 0.13541666666666666
8 0.11171875 0.78125 0.2234375 0.4375
4 0.2640625 0.9104166666666667 0.1375 0.175