4 0.40234375 0.428125 0.0328125 0.04375
8 0.3421875 0.434375 0.05625 0.08125
9 0.27421875 0.44166666666666665 0.0484375 0.075
9 0.30390625 0.490625 0.0703125 0.08541666666666667
4 0.38828125 0.49166666666666664 0.0421875 0.05
8 0.1890625 0.5041666666666667 0.128125 0.15416666666666667
4 0.378125 0.521875 0.05 0.06041666666666667
4 0.34921875 0.5875 0.0578125 0.06666666666666667
11 0.078125 0.634375 0.15625 0.21875
4 0.33125 0.6458333333333334 0.075 0.1
6 0.32578125 0.7177083333333333 0.0859375 0.12708333333333333
4 0.63125 0.79375 0.1125 0.1875
4 0.29375 0.8375 0.1125 0.15