9 0.26484375 0.45729166666666665 0.0546875 0.08958333333333333
9 0.3125 0.484375 0.053125 0.08125
7 0.68125 0.4947916666666667 0.065625 0.09791666666666667
4 0.39140625 0.49583333333333335 0.0453125 0.05416666666666667
8 0.596875 0.496875 0.0875 0.11875
4 0.5296875 0.5447916666666667 0.05625 0.07708333333333334
8 0.13671875 0.559375 0.1515625 0.18541666666666667
4 0.37265625 0.5625 0.0640625 0.07916666666666666
4 0.27265625 0.590625 0.0640625 0.07291666666666667
4 0.7734375 0.6177083333333333 0.071875 0.11041666666666666
4 0.31875 0.7458333333333333 0.1 0.14166666666666666
11 0.08203125 0.8447916666666667 0.1578125 0.3104166666666667
4 0.6875 0.8958333333333334 0.165625 0.20833333333333334