7 0.29375 0.42604166666666665 0.04375 0.052083333333333336
7 0.3375 0.44583333333333336 0.040625 0.0625
7 0.64921875 0.46458333333333335 0.0484375 0.07916666666666666
9 0.25625 0.46979166666666666 0.05625 0.10208333333333333
8 0.5796875 0.4739583333333333 0.075 0.09791666666666667
4 0.51171875 0.49270833333333336 0.0421875 0.06458333333333334
9 0.303125 0.49895833333333334 0.059375 0.08958333333333333
4 0.3859375 0.50625 0.040625 0.058333333333333334
4 0.70859375 0.5552083333333333 0.0640625 0.08125
4 0.365625 0.5802083333333333 0.065625 0.07708333333333334
8 0.1140625 0.5822916666666667 0.153125 0.18958333333333333
4 0.26015625 0.6291666666666667 0.0703125 0.07916666666666666
4 0.58984375 0.6635416666666667 0.0890625 0.11041666666666666
4 0.30703125 0.790625 0.1109375 0.14375