8 0.31640625 0.4 0.0578125 0.0875
4 0.41328125 0.41458333333333336 0.0265625 0.0375
4 0.4921875 0.42083333333333334 0.028125 0.0375
8 0.33125 0.44166666666666665 0.06875 0.09583333333333334
4 0.40859375 0.44375 0.0296875 0.03333333333333333
11 0.271875 0.44583333333333336 0.071875 0.10833333333333334
4 0.51328125 0.46041666666666664 0.0328125 0.05
4 0.3921875 0.475 0.034375 0.04583333333333333
9 0.59921875 0.4791666666666667 0.0734375 0.13333333333333333
4 0.52109375 0.5020833333333333 0.0390625 0.06666666666666667
4 0.30390625 0.521875 0.0546875 0.06458333333333334
4 0.3734375 0.5333333333333333 0.05 0.058333333333333334
7 0.2046875 0.5354166666666667 0.071875 0.09583333333333334
4 0.11875 0.5625 0.071875 0.07083333333333333
6 0.35546875 0.615625 0.0671875 0.09791666666666667
7 0.08984375 0.659375 0.1203125 0.13958333333333334
4 0.5703125 0.6635416666666667 0.075 0.10625
4 0.321875 0.74375 0.090625 0.125
4 0.1453125 0.771875 0.115625 0.12291666666666666
7 0.909375 0.8 0.18125 0.20416666666666666