4 0.5390625 0.4197916666666667 0.028125 0.04791666666666667
4 0.296875 0.42291666666666666 0.028125 0.0375
4 0.35546875 0.4427083333333333 0.0296875 0.035416666666666666
4 0.49609375 0.44375 0.0328125 0.05
4 0.40234375 0.4510416666666667 0.0296875 0.03958333333333333
4 0.56015625 0.4625 0.0359375 0.041666666666666664
4 0.3328125 0.48020833333333335 0.0375 0.05625
4 0.38828125 0.49375 0.0390625 0.05
9 0.20546875 0.4979166666666667 0.1015625 0.13333333333333333
7 0.2859375 0.5166666666666667 0.065625 0.09583333333333334
4 0.396875 0.528125 0.05 0.06875
4 0.7265625 0.5760416666666667 0.071875 0.08958333333333333
4 0.55703125 0.578125 0.0671875 0.09375
7 0.2171875 0.6083333333333333 0.109375 0.14583333333333334
4 0.33046875 0.6270833333333333 0.0765625 0.09166666666666666
9 0.071875 0.6375 0.14375 0.225
4 0.31015625 0.7458333333333333 0.0921875 0.1125
9 0.09296875 0.8291666666666667 0.1859375 0.3416666666666667
4 0.23359375 0.93125 0.1484375 0.1375