8 0.26875 0.45 0.065625 0.09166666666666666
4 0.32890625 0.478125 0.0359375 0.04791666666666667
8 0.196875 0.5020833333333333 0.115625 0.12083333333333333
4 0.37421875 0.5125 0.0453125 0.0625
4 0.3 0.5135416666666667 0.04375 0.052083333333333336
4 0.37265625 0.5583333333333333 0.0515625 0.07083333333333333
4 0.27421875 0.5625 0.0609375 0.08333333333333333
4 0.3421875 0.6166666666666667 0.0625 0.08333333333333333
9 0.1484375 0.6625 0.221875 0.2875
4 0.31796875 0.7104166666666667 0.0984375 0.13333333333333333
8 0.84765625 0.7770833333333333 0.3046875 0.44583333333333336
4 0.26875 0.8583333333333333 0.14375 0.17916666666666667