9 0.6015625 0.425 0.05625 0.09583333333333334
9 0.28125 0.44166666666666665 0.04375 0.075
9 0.33046875 0.4625 0.0421875 0.075
4 0.3953125 0.478125 0.034375 0.04375
8 0.17421875 0.5302083333333333 0.1234375 0.16458333333333333
4 0.37734375 0.534375 0.0515625 0.06875
4 0.2953125 0.553125 0.05625 0.06458333333333334
8 0.64765625 0.5666666666666667 0.1390625 0.19166666666666668
7 0.784375 0.5791666666666667 0.109375 0.1625
4 0.33671875 0.6916666666666667 0.0859375 0.12083333333333333
4 0.61640625 0.8 0.1171875 0.2
11 0.10859375 0.8104166666666667 0.2171875 0.37916666666666665
4 0.95859375 0.85 0.0828125 0.20833333333333334
4 0.25625 0.915625 0.134375 0.16875