7 0.5453125 0.421875 0.034375 0.05625
9 0.34296875 0.42291666666666666 0.0546875 0.09166666666666666
4 0.4046875 0.434375 0.021875 0.03125
8 0.61171875 0.4375 0.0640625 0.09166666666666666
4 0.50703125 0.453125 0.0328125 0.04791666666666667
4 0.39375 0.4635416666666667 0.028125 0.035416666666666666
8 0.2671875 0.5208333333333334 0.11875 0.1875
4 0.365625 0.5520833333333334 0.0625 0.08333333333333333
7 0.12265625 0.5875 0.1203125 0.11666666666666667
4 0.59296875 0.6104166666666667 0.0765625 0.10833333333333334
4 0.33671875 0.61875 0.0703125 0.08333333333333333
9 0.11640625 0.728125 0.1953125 0.2520833333333333
4 0.609375 0.7791666666666667 0.1 0.17916666666666667
4 0.28046875 0.8583333333333333 0.1203125 0.15833333333333333