7 0.26640625 0.4552083333333333 0.0515625 0.07291666666666667
0 0.32109375 0.46770833333333334 0.0671875 0.10208333333333333
4 0.38828125 0.471875 0.0390625 0.04375
9 0.21796875 0.48541666666666666 0.0671875 0.06666666666666667
11 0.6015625 0.48541666666666666 0.09375 0.14583333333333334
4 0.38359375 0.5020833333333333 0.0421875 0.041666666666666664
4 0.51484375 0.5072916666666667 0.0515625 0.06458333333333334
4 0.3703125 0.5447916666666667 0.05 0.06041666666666667
8 0.240625 0.575 0.134375 0.16666666666666666
9 0.13203125 0.5791666666666667 0.0953125 0.15416666666666667
4 0.35078125 0.596875 0.0640625 0.06458333333333334
4 0.33125 0.6479166666666667 0.075 0.1
6 0.315625 0.7427083333333333 0.09375 0.13125
0 0.77421875 0.78125 0.3203125 0.4375
9 0.08984375 0.8395833333333333 0.1796875 0.32083333333333336
4 0.25078125 0.9416666666666667 0.1546875 0.11666666666666667