7 0.29296875 0.4322916666666667 0.0515625 0.07291666666666667
0 0.334375 0.44479166666666664 0.0625 0.09791666666666667
9 0.2546875 0.46041666666666664 0.059375 0.0625
4 0.38828125 0.471875 0.0390625 0.04375
4 0.58203125 0.4864583333333333 0.0421875 0.07291666666666667
4 0.51953125 0.5010416666666667 0.0453125 0.06041666666666667
4 0.38359375 0.5020833333333333 0.0421875 0.041666666666666664
9 0.1984375 0.5145833333333333 0.071875 0.10833333333333334
8 0.27578125 0.5166666666666667 0.0921875 0.13333333333333333
4 0.3734375 0.540625 0.05 0.06041666666666667
4 0.35234375 0.5864583333333333 0.0640625 0.06458333333333334
4 0.33125 0.6479166666666667 0.075 0.1
9 0.1921875 0.6552083333333333 0.140625 0.19791666666666666
7 0.903125 0.68125 0.178125 0.19166666666666668
8 0.05859375 0.6895833333333333 0.1171875 0.32916666666666666
6 0.3296875 0.7260416666666667 0.09375 0.13125
11 0.8546875 0.8166666666666667 0.290625 0.36666666666666664
4 0.29140625 0.8614583333333333 0.1265625 0.15625