8 0.31015625 0.4125 0.0578125 0.0875
4 0.41328125 0.41458333333333336 0.0265625 0.0375
4 0.4890625 0.415625 0.025 0.03125
8 0.33125 0.44166666666666665 0.06875 0.09583333333333334
4 0.40859375 0.44375 0.0296875 0.03333333333333333
4 0.5078125 0.446875 0.025 0.03958333333333333
11 0.26640625 0.4510416666666667 0.0796875 0.11875
9 0.58984375 0.4666666666666667 0.0703125 0.125
4 0.51640625 0.4864583333333333 0.0390625 0.06041666666666667
4 0.3875 0.4875 0.034375 0.04583333333333333
4 0.29765625 0.5260416666666666 0.0546875 0.06458333333333334
7 0.2046875 0.5354166666666667 0.071875 0.09583333333333334
4 0.3671875 0.5416666666666666 0.05 0.058333333333333334
4 0.1046875 0.5770833333333333 0.071875 0.07083333333333333
4 0.55546875 0.6177083333333333 0.0609375 0.09375
6 0.35390625 0.621875 0.0671875 0.08958333333333333
7 0.07578125 0.671875 0.1203125 0.13958333333333334
7 0.8546875 0.7364583333333333 0.153125 0.17708333333333334
4 0.3171875 0.7541666666666667 0.096875 0.12916666666666668
4 0.13671875 0.7875 0.1265625 0.12916666666666668