9 0.346875 0.37083333333333335 0.03125 0.04583333333333333
9 0.3265625 0.39895833333333336 0.04375 0.06875
4 0.4234375 0.40520833333333334 0.021875 0.027083333333333334
4 0.40390625 0.41041666666666665 0.0234375 0.029166666666666667
7 0.5484375 0.41354166666666664 0.0375 0.06875
7 0.359375 0.41458333333333336 0.0375 0.05
4 0.27734375 0.4270833333333333 0.0328125 0.0375
4 0.396875 0.4322916666666667 0.03125 0.035416666666666666
4 0.39921875 0.45208333333333334 0.0359375 0.04583333333333333
4 0.278125 0.45416666666666666 0.034375 0.05
9 0.33671875 0.45416666666666666 0.0484375 0.07916666666666666
4 0.22421875 0.4625 0.0171875 0.041666666666666664
7 0.25859375 0.475 0.0609375 0.0875
4 0.57734375 0.47604166666666664 0.0421875 0.06041666666666667
4 0.3875 0.4791666666666667 0.040625 0.04583333333333333
4 0.3046875 0.5 0.046875 0.06666666666666667
4 0.56328125 0.5083333333333333 0.0546875 0.06666666666666667
4 0.5484375 0.55 0.05625 0.08333333333333333
4 0.36328125 0.5520833333333334 0.0578125 0.075
4 0.17734375 0.5802083333333333 0.0703125 0.08125
4 0.26171875 0.5864583333333333 0.0671875 0.08958333333333333
4 0.103125 0.834375 0.140625 0.17291666666666666