8 0.52578125 0.36666666666666664 0.0265625 0.0375
4 0.48828125 0.4125 0.0296875 0.03333333333333333
4 0.4078125 0.4166666666666667 0.0375 0.041666666666666664
4 0.3640625 0.421875 0.028125 0.035416666666666666
9 0.27265625 0.4322916666666667 0.0578125 0.07708333333333334
7 0.559375 0.4427083333333333 0.04375 0.06041666666666667
4 0.3578125 0.4552083333333333 0.01875 0.04375
9 0.31484375 0.46458333333333335 0.0765625 0.1125
4 0.39375 0.47291666666666665 0.040625 0.05
7 0.2421875 0.48333333333333334 0.05 0.075
9 0.603125 0.496875 0.06875 0.12291666666666666
4 0.378125 0.5114583333333333 0.040625 0.07291666666666667
4 0.53203125 0.5354166666666667 0.0578125 0.08333333333333333
8 0.1640625 0.6375 0.21875 0.30833333333333335
4 0.334375 0.6489583333333333 0.0875 0.11458333333333333
4 0.29140625 0.759375 0.1203125 0.14375
9 0.0625 0.8604166666666667 0.125 0.2791666666666667
4 0.2640625 0.9114583333333334 0.140625 0.16458333333333333