9 0.3671875 0.396875 0.040625 0.05625
8 0.3375 0.43020833333333336 0.065625 0.10208333333333333
4 0.40078125 0.43854166666666666 0.0296875 0.03125
4 0.39609375 0.46145833333333336 0.0359375 0.035416666666666666
4 0.3859375 0.484375 0.034375 0.04791666666666667
7 0.24453125 0.48854166666666665 0.0609375 0.08125
9 0.290625 0.4979166666666667 0.075 0.09166666666666666
7 0.18984375 0.534375 0.0796875 0.08541666666666667
4 0.371875 0.55 0.046875 0.07083333333333333
7 0.084375 0.6 0.13125 0.12083333333333333
4 0.34375 0.65 0.071875 0.09583333333333334
0 0.14609375 0.703125 0.2328125 0.3020833333333333
4 0.2859375 0.8083333333333333 0.109375 0.125
4 0.68828125 0.9385416666666667 0.1515625 0.12291666666666666