9 0.5328125 0.4010416666666667 0.034375 0.06875
8 0.2984375 0.4125 0.0625 0.08333333333333333
4 0.409375 0.42604166666666665 0.028125 0.03958333333333333
4 0.4921875 0.4322916666666667 0.025 0.035416666666666666
4 0.40625 0.4583333333333333 0.0375 0.041666666666666664
7 0.6265625 0.4666666666666667 0.05625 0.058333333333333334
8 0.30703125 0.47604166666666664 0.0765625 0.12708333333333333
11 0.23359375 0.4822916666666667 0.0921875 0.13958333333333334
4 0.38125 0.5083333333333333 0.046875 0.05416666666666667
4 0.36328125 0.5739583333333333 0.0640625 0.08125
7 0.14609375 0.6 0.1046875 0.12916666666666668
4 0.25 0.60625 0.078125 0.08333333333333333
6 0.33984375 0.6677083333333333 0.0796875 0.11041666666666666
4 0.303125 0.8104166666666667 0.10625 0.14583333333333334