8 0.50625 0.36875 0.025 0.04583333333333333
9 0.35 0.37395833333333334 0.03125 0.04791666666666667
7 0.36640625 0.40520833333333334 0.0296875 0.04375
4 0.4 0.40729166666666666 0.025 0.01875
4 0.48671875 0.40729166666666666 0.0203125 0.022916666666666665
7 0.32109375 0.41354166666666664 0.0328125 0.04375
4 0.3984375 0.42916666666666664 0.028125 0.029166666666666667
4 0.30859375 0.43125 0.0265625 0.03333333333333333
9 0.34921875 0.4354166666666667 0.0359375 0.0625
4 0.2515625 0.45 0.034375 0.03333333333333333
4 0.403125 0.45 0.03125 0.03333333333333333
4 0.3296875 0.46770833333333334 0.0375 0.052083333333333336
4 0.3921875 0.46875 0.034375 0.041666666666666664
4 0.271875 0.4791666666666667 0.034375 0.041666666666666664
4 0.378125 0.4947916666666667 0.0375 0.052083333333333336
4 0.29921875 0.5177083333333333 0.0484375 0.05625
8 0.17578125 0.5208333333333334 0.1203125 0.14166666666666666
4 0.36875 0.534375 0.053125 0.07291666666666667
4 0.259375 0.5947916666666667 0.0625 0.07708333333333334
8 0.06875 0.6645833333333333 0.1375 0.2375
4 0.33515625 0.6979166666666666 0.0828125 0.10833333333333334
4 0.16015625 0.759375 0.1078125 0.14375
4 0.23125 0.93125 0.1375 0.1375
4 0.92109375 0.9416666666666667 0.1578125 0.11666666666666667