4 0.3578125 0.4239583333333333 0.03125 0.03958333333333333
4 0.4046875 0.43125 0.03125 0.0375
4 0.49375 0.4354166666666667 0.034375 0.0375
7 0.596875 0.4354166666666667 0.040625 0.06666666666666667
7 0.3 0.43854166666666666 0.040625 0.04791666666666667
4 0.55390625 0.44895833333333335 0.0328125 0.03958333333333333
4 0.340625 0.45729166666666665 0.034375 0.03958333333333333
4 0.40234375 0.46770833333333334 0.0359375 0.03958333333333333
4 0.246875 0.4875 0.04375 0.04583333333333333
4 0.32421875 0.490625 0.0390625 0.04791666666666667
4 0.51171875 0.5041666666666667 0.0390625 0.05416666666666667
4 0.38203125 0.5114583333333333 0.0421875 0.04791666666666667
4 0.303125 0.5229166666666667 0.053125 0.06666666666666667
4 0.67890625 0.528125 0.0640625 0.07291666666666667
4 0.375 0.5572916666666666 0.04375 0.06041666666666667
8 0.125 0.5645833333333333 0.14375 0.19166666666666668
9 0.25078125 0.5697916666666667 0.1015625 0.13125
4 0.55703125 0.5989583333333334 0.0671875 0.10208333333333333
4 0.3828125 0.6041666666666666 0.0625 0.08333333333333333
7 0.6703125 0.6083333333333333 0.090625 0.14166666666666666
9 0.1953125 0.640625 0.11875 0.15625
8 0.03984375 0.671875 0.0796875 0.18958333333333333
4 0.3078125 0.6854166666666667 0.096875 0.10416666666666667
4 0.28984375 0.809375 0.1046875 0.13125
8 0.096875 0.8260416666666667 0.19375 0.34791666666666665
4 0.22890625 0.9395833333333333 0.1546875 0.12083333333333333