9 0.346875 0.42604166666666665 0.05 0.09791666666666667
4 0.50234375 0.440625 0.0328125 0.04791666666666667
4 0.3953125 0.45625 0.0375 0.041666666666666664
7 0.5703125 0.46041666666666664 0.05 0.07916666666666666
8 0.65390625 0.478125 0.0859375 0.13125
8 0.28125 0.5 0.109375 0.1625
4 0.37578125 0.5270833333333333 0.0578125 0.075
4 0.540625 0.5302083333333333 0.053125 0.09791666666666667
7 0.146875 0.5760416666666667 0.11875 0.12291666666666666
4 0.35546875 0.5854166666666667 0.0671875 0.09583333333333334
9 0.1546875 0.6770833333333334 0.171875 0.225
7 0.0359375 0.7104166666666667 0.071875 0.19166666666666668
4 0.3015625 0.803125 0.10625 0.14375