4 0.50625 0.4197916666666667 0.028125 0.03958333333333333
7 0.29609375 0.42916666666666664 0.0453125 0.06666666666666667
0 0.3453125 0.43333333333333335 0.059375 0.0875
9 0.25859375 0.4510416666666667 0.0484375 0.04375
4 0.38828125 0.471875 0.0390625 0.04375
8 0.29296875 0.49270833333333336 0.0953125 0.12708333333333333
4 0.51640625 0.49583333333333335 0.0453125 0.0625
9 0.21875 0.5 0.071875 0.10833333333333334
4 0.38359375 0.5020833333333333 0.0421875 0.041666666666666664
4 0.3734375 0.540625 0.05 0.06041666666666667
4 0.63828125 0.5552083333333333 0.0578125 0.08958333333333333
4 0.35234375 0.5864583333333333 0.0640625 0.06458333333333334
9 0.2203125 0.6166666666666667 0.1125 0.15
8 0.078125 0.6375 0.15625 0.2791666666666667
4 0.56484375 0.646875 0.0703125 0.11041666666666666
4 0.33125 0.6479166666666667 0.075 0.1
6 0.32890625 0.7177083333333333 0.0859375 0.12708333333333333
4 0.290625 0.8395833333333333 0.1125 0.15