8 0.36953125 0.396875 0.0390625 0.05625
9 0.3234375 0.4083333333333333 0.034375 0.058333333333333334
9 0.3625 0.41770833333333335 0.04375 0.06041666666666667
8 0.27421875 0.43333333333333335 0.0765625 0.1
4 0.4015625 0.4510416666666667 0.028125 0.03958333333333333
4 0.39765625 0.4822916666666667 0.0421875 0.052083333333333336
11 0.1875 0.521875 0.121875 0.18125
8 0.259375 0.5395833333333333 0.10625 0.175
4 0.36171875 0.5479166666666667 0.0515625 0.05416666666666667
4 0.346875 0.60625 0.06875 0.08333333333333333
9 0.7140625 0.6479166666666667 0.159375 0.23333333333333334
6 0.325 0.7166666666666667 0.090625 0.12083333333333333
4 0.29453125 0.8354166666666667 0.1140625 0.14583333333333334