8 0.4953125 0.3541666666666667 0.025 0.04583333333333333
4 0.475 0.37916666666666665 0.0125 0.016666666666666666
9 0.3453125 0.3802083333333333 0.034375 0.05625
7 0.36640625 0.40520833333333334 0.0296875 0.04375
4 0.4 0.40729166666666666 0.025 0.01875
7 0.31328125 0.41770833333333335 0.0421875 0.06041666666666667
4 0.3984375 0.42916666666666664 0.028125 0.029166666666666667
9 0.34765625 0.4375 0.0359375 0.0625
4 0.2984375 0.4427083333333333 0.034375 0.03958333333333333
4 0.403125 0.45 0.03125 0.03333333333333333
4 0.3921875 0.46875 0.034375 0.041666666666666664
4 0.328125 0.4739583333333333 0.0375 0.052083333333333336
4 0.2734375 0.49375 0.0375 0.041666666666666664
4 0.378125 0.4947916666666667 0.0375 0.052083333333333336
4 0.6171875 0.5322916666666667 0.05625 0.06458333333333334
4 0.36796875 0.5395833333333333 0.0546875 0.07916666666666666
4 0.2796875 0.5458333333333333 0.05 0.06666666666666667
8 0.1375 0.553125 0.15 0.16875
4 0.2359375 0.6333333333333333 0.075 0.0875
8 0.03828125 0.6916666666666667 0.0765625 0.25416666666666665
4 0.30078125 0.81875 0.1109375 0.14583333333333334
4 0.0671875 0.9114583333333334 0.134375 0.17708333333333334