4 0.36953125 0.415625 0.0296875 0.03125
7 0.309375 0.4322916666666667 0.034375 0.052083333333333336
4 0.40234375 0.43854166666666666 0.0328125 0.03958333333333333
7 0.2578125 0.48020833333333335 0.046875 0.07291666666666667
4 0.57734375 0.48020833333333335 0.0390625 0.05625
4 0.31640625 0.4864583333333333 0.0421875 0.052083333333333336
6 0.3890625 0.49270833333333336 0.040625 0.052083333333333336
4 0.28203125 0.5239583333333333 0.0390625 0.03958333333333333
4 0.3734375 0.55 0.05 0.06666666666666667
9 0.15234375 0.5614583333333333 0.0984375 0.11458333333333333
4 0.28359375 0.5697916666666667 0.0609375 0.06875
4 0.34140625 0.65 0.0765625 0.0875
7 0.046875 0.675 0.09375 0.16666666666666666
9 0.14140625 0.7208333333333333 0.1515625 0.20416666666666666
4 0.5953125 0.7333333333333333 0.096875 0.12916666666666668