8 0.59140625 0.41875 0.0515625 0.08333333333333333
4 0.49453125 0.4197916666666667 0.0265625 0.04375
9 0.3390625 0.43125 0.059375 0.09166666666666666
4 0.39375 0.46770833333333334 0.03125 0.035416666666666666
4 0.55234375 0.5072916666666667 0.0421875 0.05625
8 0.25234375 0.5375 0.1359375 0.19166666666666668
4 0.359375 0.56875 0.0625 0.0875
4 0.54140625 0.571875 0.0546875 0.09791666666666667
7 0.10703125 0.6135416666666667 0.1359375 0.14375
4 0.334375 0.6395833333333333 0.075 0.09583333333333334
9 0.1 0.7697916666666667 0.2 0.28541666666666665
4 0.271875 0.8822916666666667 0.125 0.16458333333333333