0 0.52109375 0.3885416666666667 0.0296875 0.03958333333333333
4 0.55859375 0.40208333333333335 0.0171875 0.025
7 0.35546875 0.421875 0.0328125 0.052083333333333336
4 0.590625 0.425 0.028125 0.03333333333333333
4 0.5375 0.428125 0.025 0.03125
9 0.28984375 0.43020833333333336 0.0484375 0.08125
4 0.496875 0.4322916666666667 0.028125 0.03958333333333333
4 0.39765625 0.43854166666666666 0.0265625 0.03125
4 0.621875 0.4510416666666667 0.0375 0.04791666666666667
7 0.33515625 0.45416666666666666 0.0421875 0.07083333333333333
4 0.559375 0.4708333333333333 0.034375 0.05416666666666667
4 0.39140625 0.47604166666666664 0.0328125 0.035416666666666666
9 0.23046875 0.4822916666666667 0.0921875 0.13125
4 0.61171875 0.5208333333333334 0.0515625 0.05416666666666667
4 0.28515625 0.525 0.0453125 0.0625
4 0.36796875 0.5364583333333334 0.0453125 0.08125
4 0.52890625 0.5375 0.0328125 0.07083333333333333
4 0.13984375 0.5427083333333333 0.0515625 0.06875
7 0.72890625 0.5552083333333333 0.0765625 0.09375
9 0.23125 0.6104166666666667 0.134375 0.17916666666666667
4 0.084375 0.684375 0.071875 0.10208333333333333
4 0.33046875 0.6989583333333333 0.0578125 0.08958333333333333
4 0.59765625 0.7104166666666667 0.0828125 0.12083333333333333
4 0.9296875 0.78125 0.10625 0.17083333333333334
4 0.81171875 0.8364583333333333 0.1203125 0.19375