9 0.5359375 0.4041666666666667 0.040625 0.075
8 0.2984375 0.4125 0.0625 0.08333333333333333
4 0.409375 0.4239583333333333 0.028125 0.03958333333333333
4 0.49453125 0.4427083333333333 0.0234375 0.035416666666666666
4 0.403125 0.4583333333333333 0.0375 0.041666666666666664
11 0.24140625 0.46770833333333334 0.0796875 0.13541666666666666
8 0.30703125 0.47604166666666664 0.0765625 0.12708333333333333
7 0.6359375 0.484375 0.0625 0.06875
4 0.3828125 0.5 0.046875 0.05416666666666667
4 0.36328125 0.5739583333333333 0.0640625 0.08125
7 0.14765625 0.5916666666666667 0.1015625 0.12916666666666668
4 0.2546875 0.5958333333333333 0.078125 0.08333333333333333
6 0.33984375 0.6677083333333333 0.0796875 0.11041666666666666
4 0.303125 0.8104166666666667 0.10625 0.14583333333333334