9 0.28828125 0.43125 0.0640625 0.09583333333333334
4 0.39140625 0.44166666666666665 0.0265625 0.0375
4 0.246875 0.446875 0.0375 0.03958333333333333
4 0.34140625 0.46041666666666664 0.0328125 0.041666666666666664
4 0.5078125 0.46145833333333336 0.03125 0.052083333333333336
4 0.228125 0.48125 0.0375 0.04583333333333333
9 0.31015625 0.490625 0.0765625 0.11041666666666666
4 0.3890625 0.4947916666666667 0.040625 0.04791666666666667
4 0.65859375 0.49895833333333334 0.0453125 0.052083333333333336
4 0.1703125 0.521875 0.0625 0.052083333333333336
4 0.359375 0.5625 0.053125 0.07916666666666666
4 0.62578125 0.5635416666666667 0.0640625 0.08541666666666667
4 0.54765625 0.5770833333333333 0.0546875 0.0875
4 0.15234375 0.5770833333333333 0.0671875 0.08333333333333333
4 0.22265625 0.6208333333333333 0.0765625 0.09583333333333334
7 0.0546875 0.6927083333333334 0.109375 0.18958333333333333
4 0.2484375 0.715625 0.125 0.12291666666666666
4 0.61875 0.8239583333333333 0.11875 0.21875
7 0.87890625 0.8572916666666667 0.2296875 0.28541666666666665