4 0.47890625 0.38125 0.0265625 0.0375
8 0.3265625 0.403125 0.040625 0.06458333333333334
4 0.4953125 0.41458333333333336 0.034375 0.05416666666666667
4 0.40546875 0.43125 0.0328125 0.04583333333333333
8 0.29296875 0.43854166666666666 0.0640625 0.07291666666666667
4 0.35546875 0.4427083333333333 0.0390625 0.04791666666666667
4 0.3296875 0.47604166666666664 0.034375 0.05625
9 0.22109375 0.48125 0.0796875 0.09166666666666666
4 0.3765625 0.4979166666666667 0.040625 0.058333333333333334
7 0.68671875 0.5197916666666667 0.0609375 0.12708333333333333
9 0.6265625 0.53125 0.08125 0.14583333333333334
4 0.36875 0.5458333333333333 0.05625 0.058333333333333334
9 0.10546875 0.5833333333333334 0.1671875 0.17916666666666667
4 0.34296875 0.5875 0.0515625 0.0875
4 0.325 0.6479166666666667 0.08125 0.11666666666666667
8 0.12109375 0.7260416666666667 0.2421875 0.3729166666666667
4 0.28828125 0.746875 0.0921875 0.14791666666666667
4 0.259375 0.90625 0.153125 0.18333333333333332