8 0.265625 0.459375 0.071875 0.09375
4 0.32890625 0.478125 0.0359375 0.04791666666666667
4 0.37890625 0.5104166666666666 0.0453125 0.0625
8 0.18671875 0.5135416666666667 0.1234375 0.13958333333333334
4 0.2984375 0.5239583333333333 0.04375 0.052083333333333336
8 0.6453125 0.54375 0.125 0.21666666666666667
4 0.7328125 0.5614583333333333 0.0625 0.07708333333333334
4 0.37265625 0.5625 0.0515625 0.07083333333333333
4 0.27265625 0.575 0.0609375 0.08333333333333333
4 0.340625 0.6291666666666667 0.071875 0.08333333333333333
7 0.89296875 0.7052083333333333 0.1890625 0.26458333333333334
9 0.115625 0.725 0.228125 0.3541666666666667
4 0.30078125 0.7541666666666667 0.1046875 0.15416666666666667
4 0.62734375 0.790625 0.1078125 0.14791666666666667
4 0.2234375 0.9364583333333333 0.15625 0.12708333333333333