8 0.55390625 0.4239583333333333 0.0546875 0.10208333333333333
7 0.6 0.42916666666666664 0.040625 0.07916666666666666
4 0.2890625 0.44166666666666665 0.028125 0.041666666666666664
4 0.496875 0.4427083333333333 0.025 0.035416666666666666
4 0.3390625 0.45625 0.03125 0.041666666666666664
8 0.24375 0.48125 0.078125 0.12083333333333333
4 0.32265625 0.4864583333333333 0.0421875 0.05625
4 0.5234375 0.48854166666666665 0.040625 0.06041666666666667
4 0.37421875 0.5135416666666667 0.0453125 0.06458333333333334
4 0.28828125 0.5416666666666666 0.0515625 0.06666666666666667
8 0.14375 0.553125 0.159375 0.17708333333333334
4 0.3671875 0.58125 0.05625 0.07916666666666666
4 0.25546875 0.6 0.0671875 0.09166666666666666
4 0.56484375 0.6239583333333333 0.0703125 0.10625
4 0.325 0.6739583333333333 0.078125 0.09375
4 0.25234375 0.9010416666666666 0.1546875 0.19375
4 0.69921875 0.9041666666666667 0.1515625 0.19166666666666668