4 0.48203125 0.3875 0.0203125 0.0375
8 0.29375 0.43020833333333336 0.0625 0.08125
4 0.40859375 0.4322916666666667 0.0265625 0.04375
4 0.503125 0.43854166666666666 0.0375 0.06875
4 0.35703125 0.4427083333333333 0.0421875 0.035416666666666666
4 0.38984375 0.4666666666666667 0.0421875 0.0375
4 0.3359375 0.471875 0.034375 0.052083333333333336
4 0.38359375 0.4947916666666667 0.0421875 0.06041666666666667
9 0.24296875 0.55 0.1421875 0.1875
4 0.37578125 0.5520833333333334 0.0546875 0.075
7 0.74140625 0.5708333333333333 0.0984375 0.14166666666666666
9 0.12578125 0.5770833333333333 0.1546875 0.19166666666666668
9 0.6625 0.5833333333333334 0.09375 0.175
4 0.35546875 0.59375 0.0703125 0.07083333333333333
4 0.32734375 0.6625 0.0859375 0.12083333333333333
8 0.128125 0.7083333333333334 0.25625 0.36666666666666664
4 0.29296875 0.7572916666666667 0.1078125 0.13541666666666666
4 0.2625 0.9135416666666667 0.134375 0.17291666666666666