4 0.4890625 0.359375 0.015625 0.022916666666666665
4 0.48046875 0.37916666666666665 0.0203125 0.03333333333333333
8 0.31640625 0.4083333333333333 0.0484375 0.06666666666666667
9 0.2671875 0.4395833333333333 0.05 0.07083333333333333
4 0.35 0.4510416666666667 0.028125 0.04375
9 0.21015625 0.4625 0.0828125 0.0625
4 0.39140625 0.4708333333333333 0.0484375 0.0625
9 0.25859375 0.5270833333333333 0.1234375 0.15
4 0.37890625 0.5447916666666667 0.0484375 0.07708333333333334
4 0.35625 0.590625 0.059375 0.07708333333333334
4 0.33203125 0.6479166666666667 0.0734375 0.125
8 0.15546875 0.6614583333333334 0.2359375 0.3104166666666667
4 0.02734375 0.734375 0.0546875 0.08958333333333333
4 0.29296875 0.753125 0.1265625 0.13541666666666666
9 0.053125 0.8697916666666666 0.10625 0.2604166666666667
4 0.25859375 0.9052083333333333 0.1453125 0.18125