9 0.3375 0.4354166666666667 0.05625 0.0625
4 0.50703125 0.459375 0.0390625 0.05625
4 0.38828125 0.471875 0.0390625 0.04375
8 0.6859375 0.48333333333333334 0.096875 0.10833333333333334
7 0.2359375 0.49166666666666664 0.059375 0.09166666666666666
4 0.38359375 0.5020833333333333 0.0421875 0.041666666666666664
0 0.29296875 0.5052083333333334 0.0890625 0.13125
9 0.16953125 0.53125 0.0859375 0.07916666666666666
4 0.3703125 0.5447916666666667 0.05 0.06041666666666667
4 0.54140625 0.5739583333333333 0.0578125 0.09375
4 0.34921875 0.6010416666666667 0.0640625 0.06458333333333334
0 0.73984375 0.6197916666666666 0.1890625 0.2520833333333333
9 0.059375 0.665625 0.11875 0.19791666666666666
4 0.32421875 0.671875 0.0859375 0.10625
8 0.14921875 0.6989583333333333 0.2203125 0.29791666666666666
4 0.65703125 0.85 0.1203125 0.2
6 0.28203125 0.8760416666666667 0.1296875 0.19375