4 0.36640625 0.4239583333333333 0.0265625 0.03125
4 0.55390625 0.42604166666666665 0.0296875 0.035416666666666666
4 0.4078125 0.4270833333333333 0.025 0.029166666666666667
4 0.49765625 0.42916666666666664 0.0296875 0.041666666666666664
4 0.346875 0.45729166666666665 0.025 0.04791666666666667
4 0.39921875 0.459375 0.0328125 0.035416666666666666
7 0.31484375 0.47291666666666665 0.0578125 0.09583333333333334
9 0.22734375 0.484375 0.0859375 0.13125
4 0.39921875 0.4895833333333333 0.0359375 0.05416666666666667
4 0.59296875 0.49375 0.0484375 0.075
4 0.653125 0.5 0.05 0.0625
7 0.25859375 0.5572916666666666 0.0703125 0.12291666666666666
4 0.3421875 0.590625 0.06875 0.07708333333333334
9 0.0859375 0.6041666666666666 0.171875 0.2125
4 0.553125 0.61875 0.075 0.10833333333333334
4 0.66796875 0.6291666666666667 0.0734375 0.09166666666666666
4 0.3359375 0.6677083333333333 0.078125 0.11041666666666666
9 0.09921875 0.8041666666666667 0.1984375 0.31666666666666665
4 0.25625 0.8885416666666667 0.13125 0.18125