9 0.3359375 0.44375 0.05625 0.0625
8 0.64765625 0.465625 0.0734375 0.10208333333333333
4 0.38828125 0.471875 0.0390625 0.04375
7 0.2296875 0.49375 0.059375 0.09166666666666666
4 0.515625 0.4947916666666667 0.040625 0.06458333333333334
4 0.38359375 0.5020833333333333 0.0421875 0.041666666666666664
0 0.63515625 0.5114583333333333 0.1140625 0.14791666666666667
0 0.2859375 0.5145833333333333 0.096875 0.13333333333333333
9 0.15859375 0.5427083333333333 0.0921875 0.08541666666666667
4 0.3703125 0.5447916666666667 0.05 0.06041666666666667
4 0.34453125 0.609375 0.0640625 0.06458333333333334
4 0.5703125 0.61875 0.06875 0.10416666666666667
9 0.7609375 0.6875 0.18125 0.26666666666666666
4 0.32109375 0.690625 0.0859375 0.10625
8 0.12734375 0.740625 0.2546875 0.34375
6 0.26796875 0.9125 0.1421875 0.175