8 0.5453125 0.415625 0.05 0.09375
7 0.58984375 0.42083333333333334 0.0390625 0.06666666666666667
4 0.49375 0.434375 0.025 0.035416666666666666
4 0.2875 0.44166666666666665 0.028125 0.041666666666666664
4 0.3375 0.45625 0.03125 0.041666666666666664
4 0.5140625 0.4739583333333333 0.04375 0.05625
8 0.24375 0.48125 0.078125 0.12083333333333333
4 0.31640625 0.490625 0.0421875 0.05625
4 0.37421875 0.5135416666666667 0.0453125 0.06458333333333334
4 0.28828125 0.5416666666666666 0.0515625 0.06666666666666667
8 0.14375 0.553125 0.159375 0.17708333333333334
4 0.3671875 0.58125 0.05625 0.07916666666666666
4 0.54921875 0.5864583333333333 0.0609375 0.09375
4 0.25078125 0.6020833333333333 0.0703125 0.09166666666666666
4 0.3234375 0.6760416666666667 0.075 0.08958333333333333
4 0.65 0.8125 0.125 0.19166666666666668
4 0.240625 0.915625 0.175 0.16875