8 0.3375 0.4239583333333333 0.065625 0.10208333333333333
4 0.40078125 0.43854166666666666 0.0296875 0.03125
4 0.5 0.44166666666666665 0.028125 0.05
4 0.39609375 0.46145833333333336 0.0359375 0.035416666666666666
7 0.26328125 0.478125 0.0546875 0.07708333333333334
4 0.3859375 0.484375 0.034375 0.04791666666666667
9 0.30546875 0.48541666666666666 0.0640625 0.08333333333333333
7 0.2046875 0.509375 0.0625 0.06458333333333334
4 0.37421875 0.5354166666666667 0.0453125 0.0625
7 0.12421875 0.584375 0.1046875 0.11041666666666666
4 0.3515625 0.6239583333333333 0.06875 0.08958333333333333
0 0.19375 0.6416666666666667 0.1875 0.25
4 0.30078125 0.7625 0.0953125 0.12083333333333333