10 0.5453125 0.42916666666666664 0.034375 0.04583333333333333
4 0.30390625 0.44166666666666665 0.0328125 0.041666666666666664
4 0.3421875 0.4510416666666667 0.03125 0.04375
4 0.39140625 0.459375 0.0390625 0.04375
10 0.26796875 0.471875 0.0484375 0.06041666666666667
4 0.3265625 0.47604166666666664 0.040625 0.03958333333333333
4 0.3953125 0.49166666666666664 0.04375 0.041666666666666664
4 0.5234375 0.49895833333333334 0.05 0.052083333333333336
4 0.31328125 0.5041666666666667 0.0390625 0.041666666666666664
4 0.3046875 0.53125 0.040625 0.06666666666666667
4 0.37578125 0.534375 0.0515625 0.05625
4 0.20078125 0.5385416666666667 0.0453125 0.05625
10 0.64609375 0.5489583333333333 0.0796875 0.13958333333333334
10 0.24609375 0.5625 0.0921875 0.125
4 0.37421875 0.56875 0.0484375 0.05416666666666667
4 0.54765625 0.5697916666666667 0.0609375 0.08958333333333333
9 0.09375 0.5770833333333333 0.153125 0.17083333333333334
4 0.38203125 0.6135416666666667 0.0671875 0.08541666666666667
10 0.19453125 0.6427083333333333 0.1203125 0.16458333333333333
9 0.03515625 0.6833333333333333 0.0703125 0.1875
4 0.3109375 0.6947916666666667 0.09375 0.11041666666666666
4 0.29140625 0.809375 0.1046875 0.12708333333333333
9 0.09140625 0.8291666666666667 0.1828125 0.3416666666666667
4 0.228125 0.9416666666666667 0.15 0.11666666666666667