9 0.359375 0.40520833333333334 0.04375 0.06458333333333334
4 0.40078125 0.4427083333333333 0.0296875 0.03125
8 0.32578125 0.45208333333333334 0.0671875 0.1125
4 0.5046875 0.46041666666666664 0.034375 0.05
4 0.39296875 0.48020833333333335 0.0421875 0.05625
7 0.225 0.5052083333333334 0.071875 0.09791666666666667
4 0.3796875 0.5114583333333333 0.046875 0.05625
9 0.26796875 0.5333333333333333 0.0890625 0.1125
8 0.72578125 0.5375 0.1078125 0.1375
4 0.5375 0.5458333333333333 0.046875 0.08333333333333333
7 0.1515625 0.5708333333333333 0.090625 0.10416666666666667
4 0.35234375 0.6052083333333333 0.0578125 0.08125
4 0.31953125 0.7385416666666667 0.0890625 0.12708333333333333