4 0.36015625 0.38125 0.0328125 0.041666666666666664
4 0.5453125 0.38333333333333336 0.03125 0.03333333333333333
4 0.51328125 0.3885416666666667 0.0265625 0.027083333333333334
7 0.5671875 0.40625 0.034375 0.04583333333333333
4 0.4890625 0.409375 0.03125 0.04375
4 0.3796875 0.41041666666666665 0.021875 0.025
4 0.4015625 0.425 0.03125 0.0375
4 0.53515625 0.4270833333333333 0.0296875 0.04583333333333333
4 0.359375 0.43333333333333335 0.025 0.041666666666666664
4 0.41171875 0.44166666666666665 0.0328125 0.041666666666666664
4 0.334375 0.44479166666666664 0.05 0.06458333333333334
9 0.25625 0.4552083333333333 0.06875 0.11875
4 0.56796875 0.4583333333333333 0.0515625 0.06666666666666667
4 0.50625 0.46875 0.059375 0.05416666666666667
7 0.31640625 0.48333333333333334 0.0671875 0.0875
4 0.378125 0.49375 0.059375 0.05416666666666667
4 0.65546875 0.5 0.0578125 0.07916666666666666
4 0.6125 0.5364583333333334 0.0625 0.09791666666666667
9 0.1765625 0.5375 0.153125 0.16666666666666666
4 0.371875 0.5489583333333333 0.065625 0.07708333333333334
4 0.075 0.5895833333333333 0.090625 0.1
4 0.5703125 0.6375 0.10625 0.14166666666666666
4 0.09453125 0.65625 0.0890625 0.09583333333333334
4 0.32421875 0.6645833333333333 0.0828125 0.12916666666666668
9 0.15546875 0.7083333333333334 0.1984375 0.2625
4 0.05546875 0.9364583333333333 0.1109375 0.12708333333333333