7 0.35234375 0.3875 0.0265625 0.0375
4 0.37578125 0.40625 0.0265625 0.03333333333333333
8 0.53828125 0.40625 0.0453125 0.075
4 0.41484375 0.4166666666666667 0.0234375 0.029166666666666667
9 0.3015625 0.4197916666666667 0.04375 0.052083333333333336
9 0.35390625 0.43020833333333336 0.0390625 0.05625
4 0.50078125 0.44166666666666665 0.0328125 0.041666666666666664
4 0.60625 0.44479166666666664 0.0375 0.04375
4 0.40546875 0.44895833333333335 0.0328125 0.035416666666666666
7 0.25703125 0.45416666666666666 0.0515625 0.07083333333333333
7 0.3125 0.48020833333333335 0.053125 0.08958333333333333
9 0.2203125 0.4895833333333333 0.065625 0.1
4 0.53359375 0.546875 0.0546875 0.08125
4 0.3734375 0.5489583333333333 0.053125 0.06458333333333334
9 0.26171875 0.5645833333333333 0.0796875 0.12083333333333333
4 0.34609375 0.6645833333333333 0.0828125 0.10833333333333334
8 0.05625 0.6864583333333333 0.1125 0.29375
4 0.18125 0.7666666666666667 0.10625 0.11666666666666667