9 0.34921875 0.41875 0.0578125 0.08333333333333333
4 0.39609375 0.44895833333333335 0.0296875 0.03125
7 0.5640625 0.4552083333333333 0.0375 0.05625
8 0.29375 0.490625 0.09375 0.15625
4 0.52109375 0.496875 0.0421875 0.05625
4 0.378125 0.521875 0.053125 0.07708333333333334
8 0.71875 0.5291666666666667 0.11875 0.17083333333333334
7 0.625 0.5385416666666667 0.075 0.13125
7 0.16640625 0.5541666666666667 0.1078125 0.10416666666666667
4 0.35703125 0.56875 0.0546875 0.07083333333333333
9 0.178125 0.6375 0.14375 0.20833333333333334
7 0.05 0.6885416666666667 0.1 0.17708333333333334
4 0.61015625 0.7145833333333333 0.0953125 0.15416666666666667
4 0.3109375 0.7552083333333334 0.1 0.12708333333333333