9 0.3671875 0.396875 0.040625 0.05625
8 0.3375 0.4239583333333333 0.065625 0.10208333333333333
4 0.40078125 0.43854166666666666 0.0296875 0.03125
4 0.39609375 0.46145833333333336 0.0359375 0.035416666666666666
7 0.25078125 0.48020833333333335 0.0609375 0.08125
4 0.3859375 0.484375 0.034375 0.04791666666666667
9 0.290625 0.4979166666666667 0.075 0.09166666666666666
7 0.190625 0.5239583333333333 0.065625 0.07291666666666667
4 0.3703125 0.5458333333333333 0.046875 0.07083333333333333
7 0.10546875 0.5916666666666667 0.1109375 0.1125
4 0.346875 0.6479166666666667 0.071875 0.09583333333333334
0 0.15390625 0.6947916666666667 0.2203125 0.29791666666666666
4 0.2921875 0.7958333333333333 0.109375 0.125