4 0.5015625 0.371875 0.015625 0.022916666666666665
4 0.475 0.3729166666666667 0.015625 0.020833333333333332
9 0.3375 0.38125 0.040625 0.05416666666666667
4 0.4234375 0.40520833333333334 0.025 0.027083333333333334
7 0.36875 0.40625 0.03125 0.05
4 0.4078125 0.41041666666666665 0.028125 0.03333333333333333
9 0.30390625 0.41458333333333336 0.0578125 0.07916666666666666
7 0.35234375 0.41875 0.0359375 0.05
4 0.278125 0.4322916666666667 0.028125 0.035416666666666666
4 0.3953125 0.43333333333333335 0.028125 0.041666666666666664
4 0.3484375 0.4479166666666667 0.03125 0.0375
4 0.50703125 0.4479166666666667 0.0265625 0.0375
4 0.24296875 0.4552083333333333 0.0453125 0.04375
4 0.39921875 0.45625 0.0359375 0.041666666666666664
9 0.32578125 0.4739583333333333 0.0578125 0.09791666666666667
4 0.38671875 0.4979166666666667 0.0453125 0.058333333333333334
4 0.221875 0.509375 0.053125 0.07291666666666667
4 0.26796875 0.5552083333333333 0.0671875 0.08541666666666667
4 0.35390625 0.559375 0.0671875 0.08125
7 0.16171875 0.5677083333333334 0.1015625 0.13541666666666666
4 0.57578125 0.6229166666666667 0.0734375 0.09583333333333334
4 0.03671875 0.6260416666666667 0.0734375 0.09375
4 0.171875 0.734375 0.115625 0.13541666666666666
4 0.29375 0.8125 0.128125 0.1625