0 0.334375 0.44479166666666664 0.0625 0.09791666666666667
7 0.28046875 0.446875 0.0515625 0.07291666666666667
4 0.56875 0.459375 0.034375 0.05625
9 0.2328125 0.46875 0.059375 0.0625
4 0.5078125 0.46875 0.03125 0.05416666666666667
4 0.38828125 0.471875 0.0390625 0.04375
4 0.38359375 0.5020833333333333 0.0421875 0.041666666666666664
9 0.18828125 0.5197916666666667 0.0828125 0.10625
8 0.26796875 0.528125 0.1078125 0.13541666666666666
4 0.3734375 0.540625 0.05 0.06041666666666667
4 0.35234375 0.5864583333333333 0.0640625 0.06458333333333334
7 0.77890625 0.596875 0.1140625 0.14791666666666667
4 0.33125 0.6479166666666667 0.075 0.1
9 0.16953125 0.6895833333333333 0.1421875 0.2
6 0.3234375 0.7260416666666667 0.09375 0.13125
11 0.79296875 0.728125 0.2640625 0.39375
4 0.60234375 0.73125 0.1078125 0.17083333333333334
4 0.284375 0.8729166666666667 0.121875 0.16666666666666666