9 0.353125 0.3645833333333333 0.03125 0.04583333333333333
9 0.33125 0.396875 0.04375 0.06875
4 0.4234375 0.40520833333333334 0.021875 0.027083333333333334
4 0.40390625 0.41041666666666665 0.0234375 0.029166666666666667
4 0.29296875 0.4125 0.0328125 0.0375
7 0.3625 0.4125 0.0375 0.05
4 0.396875 0.4322916666666667 0.03125 0.035416666666666666
7 0.57109375 0.44479166666666664 0.0546875 0.09375
9 0.34140625 0.45 0.0484375 0.07916666666666666
4 0.39921875 0.45208333333333334 0.0359375 0.04583333333333333
7 0.26953125 0.46458333333333335 0.0609375 0.0875
4 0.390625 0.475 0.040625 0.04583333333333333
4 0.309375 0.4979166666666667 0.046875 0.06666666666666667
4 0.36875 0.5302083333333333 0.053125 0.06875
4 0.62265625 0.5395833333333333 0.0671875 0.0875
4 0.2046875 0.5416666666666666 0.059375 0.07083333333333333
4 0.26953125 0.56875 0.0609375 0.07916666666666666
4 0.6671875 0.6416666666666667 0.096875 0.11666666666666667
4 0.03125 0.6625 0.0625 0.09166666666666666
4 0.625 0.7416666666666667 0.109375 0.175
4 0.15703125 0.7510416666666667 0.1171875 0.15625
4 0.22421875 0.91875 0.1703125 0.1625