8 0.37265625 0.39375 0.0421875 0.06666666666666667
11 0.32421875 0.39895833333333336 0.0453125 0.06875
4 0.4046875 0.43125 0.034375 0.0375
4 0.35546875 0.43854166666666666 0.0328125 0.03958333333333333
4 0.39453125 0.459375 0.0328125 0.03958333333333333
7 0.28515625 0.46041666666666664 0.0484375 0.06666666666666667
9 0.60390625 0.48854166666666665 0.0609375 0.10625
7 0.2265625 0.5145833333333333 0.065625 0.07916666666666666
6 0.38203125 0.528125 0.0421875 0.06041666666666667
4 0.2859375 0.5385416666666667 0.053125 0.05625
4 0.3625 0.5989583333333334 0.065625 0.08125
4 0.22890625 0.6197916666666666 0.0671875 0.06458333333333334
9 0.065625 0.6458333333333334 0.13125 0.16666666666666666
4 0.20078125 0.709375 0.0953125 0.10625
4 0.3046875 0.7708333333333334 0.10625 0.11666666666666667