10 0.5515625 0.4395833333333333 0.034375 0.04583333333333333
10 0.27421875 0.465625 0.0484375 0.06041666666666667
4 0.3265625 0.4739583333333333 0.040625 0.03958333333333333
4 0.3953125 0.49166666666666664 0.040625 0.05
4 0.31484375 0.503125 0.0421875 0.03958333333333333
4 0.209375 0.5270833333333333 0.040625 0.04583333333333333
4 0.53359375 0.5270833333333333 0.0546875 0.0625
4 0.3046875 0.53125 0.040625 0.06666666666666667
4 0.37734375 0.5322916666666667 0.0484375 0.05625
10 0.24609375 0.5625 0.0921875 0.125
4 0.3734375 0.5697916666666667 0.05 0.05625
9 0.0953125 0.5770833333333333 0.153125 0.17083333333333334
10 0.690625 0.6125 0.09375 0.16666666666666666
4 0.38203125 0.6135416666666667 0.0671875 0.08541666666666667
4 0.5609375 0.61875 0.071875 0.10833333333333334
10 0.19609375 0.640625 0.1171875 0.16041666666666668
9 0.03515625 0.6833333333333333 0.0703125 0.1875
4 0.3125 0.6916666666666667 0.090625 0.10416666666666667
4 0.29375 0.8083333333333333 0.1 0.125
9 0.09140625 0.8291666666666667 0.1828125 0.3416666666666667