0 0.51640625 0.38125 0.0296875 0.0375
4 0.5515625 0.3927083333333333 0.01875 0.027083333333333334
4 0.53046875 0.41458333333333336 0.0234375 0.0375
4 0.49140625 0.42083333333333334 0.0265625 0.025
4 0.5796875 0.42083333333333334 0.025 0.03333333333333333
7 0.35234375 0.42604166666666665 0.0359375 0.052083333333333336
9 0.284375 0.43125 0.05625 0.08333333333333333
4 0.396875 0.4427083333333333 0.028125 0.035416666666666666
4 0.609375 0.44479166666666664 0.03125 0.04375
4 0.54765625 0.453125 0.0359375 0.04791666666666667
7 0.33203125 0.45625 0.0421875 0.058333333333333334
4 0.39140625 0.4864583333333333 0.0359375 0.04791666666666667
9 0.22265625 0.4895833333333333 0.0921875 0.13333333333333333
4 0.5859375 0.4895833333333333 0.040625 0.05416666666666667
4 0.5125 0.49375 0.040625 0.04583333333333333
7 0.68984375 0.5177083333333333 0.0546875 0.07708333333333334
4 0.275 0.5322916666666667 0.059375 0.052083333333333336
4 0.36328125 0.54375 0.0484375 0.0625
4 0.1234375 0.5614583333333333 0.065625 0.07291666666666667
9 0.2234375 0.6104166666666667 0.128125 0.17083333333333334
4 0.5640625 0.615625 0.06875 0.09375
4 0.79921875 0.6520833333333333 0.1046875 0.1375
4 0.725 0.696875 0.09375 0.12708333333333333
4 0.08203125 0.7135416666666666 0.0828125 0.10625
4 0.32265625 0.7208333333333333 0.0671875 0.09583333333333334