4 0.28125 0.45 0.03125 0.041666666666666664
4 0.3375 0.4583333333333333 0.03125 0.041666666666666664
4 0.5046875 0.4708333333333333 0.0375 0.05416666666666667
8 0.2328125 0.48333333333333334 0.084375 0.125
4 0.31640625 0.490625 0.0421875 0.05625
4 0.37109375 0.5166666666666667 0.0453125 0.0625
4 0.53515625 0.534375 0.0484375 0.06875
4 0.28359375 0.5520833333333334 0.0546875 0.06666666666666667
8 0.11953125 0.5802083333333333 0.1828125 0.18958333333333333
4 0.35859375 0.60625 0.0609375 0.08333333333333333
4 0.23515625 0.6395833333333333 0.0796875 0.10416666666666667
4 0.30625 0.728125 0.090625 0.10625