8 0.265625 0.459375 0.071875 0.09375
4 0.32890625 0.478125 0.0359375 0.04791666666666667
8 0.5953125 0.48333333333333334 0.084375 0.15
4 0.37890625 0.5104166666666666 0.0453125 0.0625
8 0.17265625 0.5239583333333333 0.1296875 0.14791666666666667
4 0.2984375 0.5239583333333333 0.04375 0.052083333333333336
7 0.7140625 0.534375 0.0875 0.14375
4 0.37265625 0.5625 0.0515625 0.07083333333333333
4 0.54140625 0.5677083333333334 0.0546875 0.07708333333333334
4 0.26640625 0.5791666666666667 0.0609375 0.08333333333333333
4 0.3359375 0.6395833333333333 0.06875 0.07916666666666666
4 0.66015625 0.7197916666666667 0.0984375 0.14791666666666667
4 0.2890625 0.796875 0.125 0.17708333333333334
9 0.103125 0.7989583333333333 0.20625 0.40208333333333335