7 0.3703125 0.396875 0.03125 0.03958333333333333
4 0.48515625 0.4041666666666667 0.0234375 0.03333333333333333
4 0.415625 0.40729166666666666 0.01875 0.027083333333333334
4 0.56015625 0.4125 0.0234375 0.0375
4 0.4015625 0.4166666666666667 0.025 0.029166666666666667
9 0.35234375 0.41875 0.0421875 0.05416666666666667
8 0.29296875 0.42916666666666664 0.0515625 0.07083333333333333
4 0.4 0.45 0.03125 0.03333333333333333
4 0.340625 0.4510416666666667 0.03125 0.03958333333333333
8 0.240625 0.45416666666666666 0.090625 0.075
4 0.51953125 0.4635416666666667 0.0328125 0.04375
4 0.390625 0.4708333333333333 0.0375 0.04583333333333333
4 0.33125 0.471875 0.0375 0.04791666666666667
4 0.3796875 0.48854166666666665 0.03125 0.035416666666666666
4 0.3109375 0.5010416666666667 0.03125 0.04791666666666667
4 0.375 0.5104166666666666 0.040625 0.05416666666666667
4 0.28828125 0.5427083333333333 0.0390625 0.07291666666666667
4 0.37109375 0.5552083333333333 0.0484375 0.05625
4 0.35 0.6010416666666667 0.059375 0.06041666666666667
9 0.19921875 0.60625 0.1578125 0.23333333333333334
9 0.06640625 0.6260416666666667 0.1328125 0.20625
4 0.5609375 0.6302083333333334 0.06875 0.11875
4 0.3296875 0.6645833333333333 0.084375 0.10833333333333334
4 0.2921875 0.7645833333333333 0.109375 0.1375