8 0.4859375 0.33958333333333335 0.015625 0.029166666666666667
4 0.46484375 0.35104166666666664 0.0109375 0.014583333333333334
9 0.3390625 0.38645833333333335 0.034375 0.05625
7 0.36328125 0.40729166666666666 0.0296875 0.04375
4 0.4 0.40729166666666666 0.025 0.01875
4 0.3984375 0.42916666666666664 0.028125 0.029166666666666667
7 0.29921875 0.43645833333333334 0.0421875 0.06041666666666667
9 0.34375 0.44375 0.04375 0.07083333333333333
4 0.4 0.45208333333333334 0.03125 0.03333333333333333
4 0.3921875 0.4708333333333333 0.034375 0.041666666666666664
4 0.22578125 0.471875 0.0359375 0.035416666666666666
4 0.2578125 0.4875 0.040625 0.04583333333333333
4 0.3171875 0.4875 0.040625 0.05416666666666667
4 0.37734375 0.503125 0.0421875 0.05625
4 0.28359375 0.5364583333333334 0.0453125 0.06041666666666667
4 0.2453125 0.6052083333333333 0.071875 0.08541666666666667
4 0.33125 0.65625 0.08125 0.11666666666666667
8 0.06875 0.659375 0.1375 0.2520833333333333
4 0.1390625 0.7895833333333333 0.121875 0.12916666666666668
7 0.91328125 0.85 0.1734375 0.3