9 0.29765625 0.41875 0.0546875 0.08333333333333333
0 0.5453125 0.42083333333333334 0.053125 0.08333333333333333
4 0.5921875 0.43333333333333335 0.03125 0.04583333333333333
7 0.33515625 0.44583333333333336 0.0453125 0.07083333333333333
4 0.3984375 0.46458333333333335 0.034375 0.04583333333333333
9 0.2421875 0.46979166666666666 0.078125 0.11875
4 0.64609375 0.478125 0.0421875 0.06041666666666667
4 0.19375 0.48854166666666665 0.0375 0.052083333333333336
4 0.315625 0.49895833333333334 0.046875 0.05625
4 0.37578125 0.503125 0.0390625 0.05625
4 0.59609375 0.5083333333333333 0.0515625 0.06666666666666667
4 0.52578125 0.5125 0.0453125 0.0625
4 0.715625 0.5416666666666666 0.071875 0.07916666666666666
9 0.25 0.5729166666666666 0.109375 0.15833333333333333
4 0.14140625 0.6125 0.0703125 0.07916666666666666
4 0.35390625 0.6177083333333333 0.0671875 0.08125
4 0.0453125 0.6208333333333333 0.090625 0.10833333333333334
4 0.67421875 0.65 0.0921875 0.125
4 0.2640625 0.865625 0.134375 0.17291666666666666
4 0.0703125 0.8822916666666667 0.140625 0.23541666666666666
4 0.64765625 0.9114583333333334 0.1328125 0.17708333333333334
4 0.89140625 0.9125 0.1671875 0.175