8 0.35703125 0.41458333333333336 0.0515625 0.08333333333333333
11 0.30546875 0.4166666666666667 0.0609375 0.08333333333333333
4 0.4 0.45 0.034375 0.0375
4 0.33671875 0.47291666666666665 0.0421875 0.05
4 0.21953125 0.47604166666666664 0.0265625 0.035416666666666666
7 0.25390625 0.484375 0.0546875 0.07708333333333334
4 0.3875 0.4895833333333333 0.040625 0.04583333333333333
7 0.66015625 0.5 0.0578125 0.08333333333333333
7 0.18671875 0.5583333333333333 0.0796875 0.1
6 0.371875 0.559375 0.05625 0.07291666666666667
4 0.25234375 0.5979166666666667 0.0703125 0.075
4 0.34375 0.6604166666666667 0.075 0.1
4 0.58984375 0.734375 0.0953125 0.13541666666666666
4 0.14375 0.7541666666666667 0.103125 0.10833333333333334
4 0.2640625 0.8947916666666667 0.13125 0.17291666666666666