4 0.47578125 0.37395833333333334 0.0234375 0.03125
8 0.31640625 0.409375 0.0484375 0.06041666666666667
9 0.2671875 0.4270833333333333 0.053125 0.058333333333333334
4 0.346875 0.45 0.034375 0.05416666666666667
9 0.20703125 0.46770833333333334 0.0796875 0.05625
4 0.38984375 0.471875 0.0453125 0.052083333333333336
9 0.25546875 0.534375 0.1265625 0.17291666666666666
4 0.38203125 0.5479166666666667 0.0671875 0.09583333333333334
4 0.35546875 0.5916666666666667 0.0734375 0.08333333333333333
8 0.14765625 0.6604166666666667 0.2140625 0.31666666666666665
4 0.3421875 0.6625 0.115625 0.125
4 0.02265625 0.7302083333333333 0.0453125 0.09375
4 0.29609375 0.7489583333333333 0.1109375 0.16041666666666668
9 0.053125 0.8802083333333334 0.10625 0.23958333333333334
4 0.25703125 0.9114583333333334 0.1359375 0.17708333333333334
4 0.6765625 0.9333333333333333 0.171875 0.10833333333333334