7 0.34453125 0.3958333333333333 0.0265625 0.0375
4 0.38046875 0.4010416666666667 0.0296875 0.035416666666666666
6 0.41484375 0.4083333333333333 0.0265625 0.025
4 0.36953125 0.42083333333333334 0.0265625 0.03333333333333333
4 0.40703125 0.43125 0.0234375 0.029166666666666667
4 0.49140625 0.43125 0.0265625 0.041666666666666664
9 0.28359375 0.4427083333333333 0.0453125 0.06458333333333334
9 0.34375 0.45208333333333334 0.04375 0.058333333333333334
4 0.4 0.4666666666666667 0.034375 0.041666666666666664
7 0.2296875 0.48541666666666666 0.05625 0.075
7 0.2875 0.5125 0.065625 0.10416666666666667
9 0.190625 0.5197916666666667 0.075 0.10208333333333333
4 0.36328125 0.5916666666666667 0.0609375 0.075
9 0.209375 0.634375 0.109375 0.15625
4 0.32421875 0.7458333333333333 0.1015625 0.12916666666666668
4 0.6296875 0.803125 0.1125 0.18125
7 0.9015625 0.9 0.196875 0.2