7 0.33359375 0.4 0.0296875 0.05
7 0.3015625 0.4375 0.040625 0.05416666666666667
4 0.3484375 0.440625 0.03125 0.04375
6 0.40234375 0.4552083333333333 0.0296875 0.03958333333333333
9 0.646875 0.4625 0.06875 0.10416666666666667
4 0.3203125 0.471875 0.034375 0.035416666666666666
4 0.390625 0.4864583333333333 0.0375 0.04791666666666667
4 0.32109375 0.4979166666666667 0.0421875 0.05
9 0.20859375 0.509375 0.0703125 0.10208333333333333
9 0.26015625 0.5583333333333333 0.0828125 0.11666666666666667
4 0.375 0.5625 0.059375 0.06666666666666667
7 0.134375 0.5770833333333333 0.09375 0.12916666666666668
7 0.08515625 0.8145833333333333 0.1703125 0.25833333333333336
4 0.28984375 0.8697916666666666 0.1234375 0.15208333333333332