9 0.334375 0.44375 0.05625 0.0625
4 0.38828125 0.471875 0.0390625 0.04375
8 0.67421875 0.48020833333333335 0.0953125 0.10208333333333333
7 0.2359375 0.49166666666666664 0.059375 0.09166666666666666
4 0.38359375 0.5020833333333333 0.0421875 0.041666666666666664
0 0.29296875 0.5052083333333334 0.0890625 0.13125
9 0.16953125 0.53125 0.0859375 0.07916666666666666
4 0.3703125 0.5447916666666667 0.05 0.06041666666666667
4 0.534375 0.55 0.053125 0.07916666666666666
0 0.7015625 0.5833333333333334 0.153125 0.20833333333333334
4 0.34921875 0.6010416666666667 0.0640625 0.06458333333333334
4 0.32421875 0.671875 0.0859375 0.10625
9 0.04609375 0.671875 0.0921875 0.21875
8 0.1390625 0.7125 0.228125 0.3125
4 0.625 0.7635416666666667 0.1 0.16458333333333333
9 0.9015625 0.8583333333333333 0.196875 0.2833333333333333
6 0.27578125 0.8864583333333333 0.1296875 0.19375