8 0.36953125 0.396875 0.0390625 0.05625
9 0.31640625 0.409375 0.0390625 0.06458333333333334
9 0.35546875 0.425 0.0453125 0.06666666666666667
8 0.26015625 0.44479166666666664 0.0796875 0.11875
4 0.4015625 0.4510416666666667 0.028125 0.03958333333333333
4 0.39453125 0.49270833333333336 0.0421875 0.052083333333333336
11 0.17734375 0.534375 0.1484375 0.19791666666666666
9 0.63203125 0.5375 0.0984375 0.14583333333333334
4 0.35859375 0.5625 0.0515625 0.05416666666666667
8 0.2421875 0.5697916666666667 0.121875 0.20208333333333334
4 0.3421875 0.6135416666666667 0.071875 0.08125
6 0.325 0.7166666666666667 0.090625 0.12083333333333333
4 0.29453125 0.8354166666666667 0.1140625 0.14583333333333334