4 0.31640625 0.4322916666666667 0.0296875 0.03958333333333333
4 0.56484375 0.434375 0.0359375 0.03958333333333333
4 0.35 0.43645833333333334 0.03125 0.035416666666666666
4 0.3984375 0.44583333333333336 0.034375 0.0375
7 0.28515625 0.4510416666666667 0.0453125 0.05625
4 0.503125 0.45625 0.034375 0.04583333333333333
4 0.33203125 0.46770833333333334 0.0390625 0.03958333333333333
7 0.578125 0.47708333333333336 0.046875 0.07083333333333333
4 0.3984375 0.4822916666666667 0.040625 0.03958333333333333
4 0.31640625 0.49895833333333334 0.0421875 0.04375
4 0.221875 0.5072916666666667 0.040625 0.03958333333333333
4 0.378125 0.5229166666666667 0.04375 0.05
4 0.3046875 0.53125 0.040625 0.06666666666666667
7 0.24453125 0.56875 0.0921875 0.125
4 0.37265625 0.56875 0.0453125 0.05416666666666667
9 0.10625 0.56875 0.153125 0.17083333333333334
4 0.38203125 0.6135416666666667 0.0671875 0.08541666666666667
7 0.19609375 0.640625 0.1171875 0.16041666666666668
9 0.03515625 0.6833333333333333 0.0703125 0.1875
4 0.31015625 0.6916666666666667 0.0953125 0.10416666666666667
4 0.59921875 0.696875 0.0890625 0.11875
4 0.29140625 0.8083333333333333 0.1046875 0.125
9 0.09140625 0.8291666666666667 0.1828125 0.3416666666666667
4 0.228125 0.9416666666666667 0.15 0.11666666666666667
4 0.67578125 0.9447916666666667 0.1390625 0.11041666666666666