8 0.321875 0.396875 0.05 0.07708333333333334
4 0.40859375 0.43125 0.0296875 0.03333333333333333
8 0.3375 0.4354166666666667 0.0625 0.09583333333333334
11 0.27890625 0.43645833333333334 0.0703125 0.11041666666666666
4 0.496875 0.4375 0.028125 0.0375
4 0.39375 0.46875 0.034375 0.04583333333333333
4 0.51953125 0.4822916666666667 0.0328125 0.052083333333333336
9 0.61875 0.5052083333333334 0.084375 0.16041666666666668
4 0.309375 0.5114583333333333 0.05 0.05625
7 0.215625 0.5229166666666667 0.065625 0.09583333333333334
4 0.375 0.5270833333333333 0.05 0.058333333333333334
4 0.53515625 0.5427083333333333 0.0515625 0.08541666666666667
4 0.14453125 0.5447916666666667 0.0609375 0.05625
6 0.35234375 0.6052083333333333 0.0671875 0.09375
7 0.10859375 0.6395833333333333 0.1078125 0.14583333333333334
4 0.3265625 0.7333333333333333 0.090625 0.125
4 0.16796875 0.734375 0.1078125 0.10208333333333333
4 0.6140625 0.8020833333333334 0.103125 0.15416666666666667
7 0.93984375 0.91875 0.1203125 0.1625