9 0.28046875 0.4375 0.0640625 0.09583333333333334
4 0.39140625 0.44166666666666665 0.0265625 0.0375
4 0.246875 0.446875 0.0375 0.03958333333333333
4 0.50625 0.4552083333333333 0.03125 0.052083333333333336
4 0.34140625 0.46041666666666664 0.0328125 0.041666666666666664
4 0.228125 0.48125 0.0375 0.04583333333333333
4 0.64296875 0.490625 0.0453125 0.052083333333333336
9 0.30390625 0.49895833333333334 0.0765625 0.11041666666666666
4 0.390625 0.49895833333333334 0.040625 0.04791666666666667
4 0.15 0.5302083333333333 0.0625 0.052083333333333336
4 0.6125 0.540625 0.05625 0.06875
4 0.5359375 0.5552083333333333 0.05 0.08125
4 0.359375 0.5625 0.053125 0.07916666666666666
4 0.15234375 0.5770833333333333 0.0671875 0.08333333333333333
4 0.22265625 0.6208333333333333 0.0765625 0.09583333333333334
7 0.05625 0.703125 0.109375 0.18958333333333333
4 0.2328125 0.7302083333333333 0.125 0.12291666666666666
4 0.59375 0.7458333333333333 0.1 0.18333333333333332
7 0.8078125 0.7916666666666666 0.178125 0.2791666666666667