9 0.3375 0.4354166666666667 0.05625 0.0625
0 0.51953125 0.45208333333333334 0.0671875 0.1
4 0.38828125 0.471875 0.0390625 0.04375
7 0.25 0.47708333333333336 0.053125 0.0875
0 0.3 0.4875 0.078125 0.125
4 0.38359375 0.5020833333333333 0.0421875 0.041666666666666664
9 0.19140625 0.5125 0.0859375 0.07916666666666666
4 0.528125 0.525 0.053125 0.075
4 0.3703125 0.5447916666666667 0.05 0.06041666666666667
8 0.76484375 0.5625 0.1609375 0.18333333333333332
4 0.35078125 0.596875 0.0640625 0.06458333333333334
9 0.06484375 0.6322916666666667 0.1265625 0.16875
8 0.18984375 0.6541666666666667 0.1953125 0.24583333333333332
4 0.33125 0.6541666666666667 0.075 0.1
6 0.2953125 0.821875 0.1125 0.17291666666666666
4 0.63046875 0.8333333333333334 0.1203125 0.20833333333333334