4 0.3640625 0.41770833333333335 0.03125 0.04375
7 0.54140625 0.42083333333333334 0.0421875 0.07083333333333333
4 0.40625 0.42291666666666666 0.034375 0.0375
4 0.58671875 0.4322916666666667 0.0296875 0.03958333333333333
4 0.3078125 0.434375 0.040625 0.04791666666666667
4 0.3421875 0.453125 0.040625 0.04375
4 0.4046875 0.459375 0.0375 0.04375
4 0.503125 0.465625 0.040625 0.05625
7 0.63203125 0.46770833333333334 0.0640625 0.08958333333333333
4 0.57421875 0.4822916666666667 0.0421875 0.06041666666666667
4 0.25546875 0.48333333333333334 0.0484375 0.05
4 0.328125 0.484375 0.0375 0.04375
4 0.3828125 0.50625 0.046875 0.05
4 0.3078125 0.51875 0.053125 0.06666666666666667
8 0.1453125 0.5510416666666667 0.13125 0.18125
4 0.37421875 0.5520833333333334 0.0484375 0.0625
9 0.24765625 0.559375 0.1015625 0.13125
4 0.53515625 0.5833333333333334 0.0578125 0.07916666666666666
4 0.38515625 0.596875 0.0640625 0.08541666666666667
4 0.790625 0.6333333333333333 0.09375 0.1125
9 0.196875 0.634375 0.11875 0.15625
8 0.03984375 0.6739583333333333 0.0796875 0.18958333333333333
4 0.3078125 0.6854166666666667 0.096875 0.10416666666666667
7 0.76640625 0.7416666666666667 0.1484375 0.225
4 0.621875 0.7875 0.1125 0.17916666666666667
4 0.28984375 0.809375 0.1046875 0.13125
8 0.096875 0.8260416666666667 0.19375 0.34791666666666665
4 0.2328125 0.934375 0.1625 0.13125