7 0.29609375 0.4322916666666667 0.0515625 0.07291666666666667
0 0.334375 0.44166666666666665 0.0625 0.09166666666666666
4 0.49765625 0.446875 0.0359375 0.03958333333333333
9 0.2546875 0.46041666666666664 0.059375 0.0625
4 0.38828125 0.471875 0.0390625 0.04375
4 0.5921875 0.49270833333333336 0.046875 0.07291666666666667
4 0.38359375 0.5020833333333333 0.0421875 0.041666666666666664
8 0.28515625 0.5041666666666667 0.0921875 0.13333333333333333
9 0.1984375 0.5145833333333333 0.071875 0.10833333333333334
4 0.525 0.51875 0.046875 0.0625
4 0.3734375 0.540625 0.05 0.06041666666666667
4 0.35234375 0.5864583333333333 0.0640625 0.06458333333333334
9 0.196875 0.6416666666666667 0.140625 0.1875
4 0.33125 0.6479166666666667 0.075 0.1
8 0.05859375 0.6770833333333334 0.1171875 0.32916666666666666
7 0.9265625 0.7114583333333333 0.146875 0.16041666666666668
4 0.3296875 0.7260416666666667 0.09375 0.13125
11 0.87890625 0.8427083333333333 0.2421875 0.3145833333333333
4 0.29140625 0.8614583333333333 0.1265625 0.15625