8 0.503125 0.3645833333333333 0.025 0.04583333333333333
9 0.35 0.37395833333333334 0.03125 0.04791666666666667
4 0.48203125 0.39479166666666665 0.0203125 0.022916666666666665
7 0.36640625 0.40520833333333334 0.0296875 0.04375
4 0.4 0.40729166666666666 0.025 0.01875
7 0.32109375 0.41354166666666664 0.0328125 0.04375
4 0.3984375 0.42916666666666664 0.028125 0.029166666666666667
9 0.34921875 0.4354166666666667 0.0359375 0.0625
4 0.30390625 0.4375 0.0265625 0.03333333333333333
4 0.403125 0.45 0.03125 0.03333333333333333
4 0.2390625 0.4625 0.034375 0.03333333333333333
4 0.3921875 0.46875 0.034375 0.041666666666666664
4 0.328125 0.46979166666666666 0.0375 0.052083333333333336
4 0.271875 0.4791666666666667 0.034375 0.041666666666666664
4 0.378125 0.4947916666666667 0.0375 0.052083333333333336
4 0.29296875 0.5229166666666667 0.0484375 0.0625
9 0.1640625 0.528125 0.134375 0.15208333333333332
4 0.36875 0.534375 0.053125 0.07291666666666667
4 0.2515625 0.6052083333333333 0.0625 0.07708333333333334
9 0.05859375 0.6864583333333333 0.1171875 0.2604166666666667
4 0.740625 0.70625 0.109375 0.12916666666666668
4 0.32578125 0.7395833333333334 0.0890625 0.12083333333333333
4 0.1265625 0.8083333333333333 0.125 0.1625
4 0.20234375 0.96875 0.1453125 0.0625