4 0.36171875 0.43020833333333336 0.0296875 0.035416666666666666
4 0.4046875 0.43333333333333335 0.028125 0.041666666666666664
9 0.29296875 0.4864583333333333 0.0921875 0.13541666666666666
4 0.384375 0.4875 0.040625 0.05
7 0.2203125 0.49375 0.059375 0.07916666666666666
4 0.36953125 0.5447916666666667 0.0390625 0.06041666666666667
4 0.32734375 0.64375 0.0796875 0.10833333333333334
4 0.67734375 0.6614583333333334 0.0984375 0.11458333333333333
8 0.15546875 0.6645833333333333 0.2203125 0.32916666666666666
4 0.29140625 0.753125 0.0953125 0.12291666666666666
9 0.0671875 0.8614583333333333 0.134375 0.27708333333333335
4 0.2609375 0.9135416666666667 0.1375 0.17291666666666666