9 0.35625 0.40625 0.05 0.075
4 0.40078125 0.4427083333333333 0.0296875 0.03125
4 0.50546875 0.45416666666666666 0.0359375 0.058333333333333334
8 0.31484375 0.459375 0.0734375 0.12291666666666666
8 0.6484375 0.46041666666666664 0.075 0.1125
4 0.38828125 0.490625 0.0421875 0.05625
7 0.21328125 0.5177083333333333 0.0796875 0.09791666666666667
4 0.378125 0.5197916666666667 0.046875 0.05625
9 0.24765625 0.5520833333333334 0.1015625 0.13333333333333333
7 0.1234375 0.6020833333333333 0.10625 0.125
4 0.56875 0.60625 0.06875 0.09583333333333334
4 0.34375 0.6333333333333333 0.06875 0.09166666666666666
4 0.30625 0.7989583333333333 0.109375 0.13958333333333334