8 0.3125 0.41041666666666665 0.0375 0.07083333333333333
7 0.584375 0.41041666666666665 0.0375 0.0625
9 0.54921875 0.43020833333333336 0.0421875 0.07708333333333334
8 0.28359375 0.4375 0.0515625 0.08333333333333333
4 0.39453125 0.45 0.0359375 0.03333333333333333
4 0.371875 0.4947916666666667 0.05 0.06875
9 0.17109375 0.515625 0.0859375 0.12291666666666666
9 0.24140625 0.5479166666666667 0.1296875 0.1875
4 0.375 0.5510416666666667 0.065625 0.08125
4 0.5453125 0.59375 0.071875 0.11666666666666667
4 0.34375 0.5979166666666667 0.053125 0.0625
4 0.325 0.6489583333333333 0.08125 0.10208333333333333
4 0.29140625 0.753125 0.0984375 0.14375
8 0.10390625 0.775 0.2078125 0.45
4 0.2640625 0.9052083333333333 0.134375 0.16875