8 0.559375 0.3927083333333333 0.040625 0.06041666666666667
4 0.51796875 0.41770833333333335 0.0265625 0.03958333333333333
4 0.4984375 0.43333333333333335 0.028125 0.04583333333333333
9 0.33046875 0.440625 0.0671875 0.10208333333333333
4 0.40390625 0.4510416666666667 0.0265625 0.03958333333333333
7 0.27109375 0.46041666666666664 0.0453125 0.07083333333333333
4 0.3921875 0.48333333333333334 0.034375 0.04583333333333333
4 0.52890625 0.4947916666666667 0.0421875 0.05625
8 0.2140625 0.58125 0.171875 0.23333333333333334
4 0.3484375 0.6020833333333333 0.071875 0.1
9 0.06875 0.65625 0.1375 0.17083333333333334
4 0.3125 0.703125 0.0875 0.11875
4 0.5859375 0.7114583333333333 0.1 0.15208333333333332
7 0.83515625 0.8197916666666667 0.2328125 0.29375
9 0.0765625 0.8479166666666667 0.153125 0.30416666666666664
4 0.26328125 0.9125 0.1328125 0.175