9 0.26640625 0.45 0.0734375 0.10833333333333334
4 0.3875 0.46145833333333336 0.034375 0.04375
7 0.56875 0.4635416666666667 0.04375 0.08125
4 0.33671875 0.46875 0.0328125 0.041666666666666664
4 0.50703125 0.4979166666666667 0.0390625 0.05416666666666667
4 0.17734375 0.50625 0.0546875 0.05416666666666667
9 0.28671875 0.525 0.0828125 0.12083333333333333
4 0.2 0.5385416666666667 0.053125 0.05625
4 0.3765625 0.55 0.046875 0.05416666666666667
0 0.66640625 0.5770833333333333 0.1515625 0.22083333333333333
4 0.07421875 0.6604166666666667 0.0953125 0.11666666666666667
4 0.3265625 0.6625 0.075 0.10416666666666667
4 0.8515625 0.678125 0.13125 0.13125
4 0.1609375 0.71875 0.10625 0.1375