7 0.3171875 0.421875 0.034375 0.052083333333333336
4 0.39921875 0.43125 0.0328125 0.0375
7 0.2703125 0.46875 0.046875 0.0625
4 0.32578125 0.48020833333333335 0.0421875 0.052083333333333336
6 0.390625 0.48333333333333334 0.034375 0.05
4 0.5875 0.496875 0.05 0.06458333333333334
4 0.28828125 0.5197916666666667 0.0390625 0.03958333333333333
4 0.378125 0.53125 0.04375 0.0625
9 0.15546875 0.5552083333333333 0.0984375 0.11458333333333333
4 0.28828125 0.5635416666666667 0.0609375 0.06875
4 0.34140625 0.65 0.0765625 0.0875
7 0.04921875 0.6635416666666667 0.0984375 0.16875
9 0.15234375 0.7041666666666667 0.1515625 0.19166666666666668
4 0.6328125 0.8260416666666667 0.121875 0.15625