4 0.41640625 0.4270833333333333 0.0390625 0.05
7 0.590625 0.4270833333333333 0.040625 0.04583333333333333
4 0.55546875 0.43333333333333335 0.0359375 0.041666666666666664
7 0.34375 0.440625 0.046875 0.07708333333333334
4 0.49921875 0.440625 0.0421875 0.04375
9 0.26484375 0.446875 0.0828125 0.10625
4 0.559375 0.4625 0.0375 0.04583333333333333
4 0.3890625 0.4708333333333333 0.065625 0.05
7 0.321875 0.47604166666666664 0.05625 0.08125
9 0.18828125 0.50625 0.1546875 0.14166666666666666
4 0.61484375 0.5239583333333333 0.0703125 0.08125
4 0.38125 0.5260416666666666 0.05625 0.06458333333333334
4 0.12734375 0.5458333333333333 0.0515625 0.07083333333333333
4 0.5390625 0.5572916666666666 0.065625 0.09791666666666667
4 0.77734375 0.6072916666666667 0.0984375 0.12291666666666666
4 0.14609375 0.6083333333333333 0.0828125 0.1
4 0.3375 0.6166666666666667 0.078125 0.1125
9 0.17734375 0.6677083333333333 0.1578125 0.24375
4 0.72265625 0.6927083333333334 0.1015625 0.16458333333333333
4 0.0296875 0.6947916666666667 0.05625 0.14375
4 0.053125 0.884375 0.10625 0.16458333333333333
4 0.26875 0.9354166666666667 0.18125 0.12916666666666668
4 0.7046875 0.9739583333333334 0.11875 0.052083333333333336