4 0.31953125 0.428125 0.0296875 0.03958333333333333
4 0.353125 0.434375 0.03125 0.035416666666666666
4 0.490625 0.4354166666666667 0.028125 0.0375
4 0.4 0.4427083333333333 0.03125 0.035416666666666666
7 0.290625 0.44895833333333335 0.046875 0.052083333333333336
4 0.58125 0.44895833333333335 0.040625 0.04791666666666667
4 0.334375 0.46458333333333335 0.0375 0.0375
4 0.5109375 0.47604166666666664 0.0375 0.052083333333333336
4 0.39921875 0.4791666666666667 0.0390625 0.0375
4 0.31953125 0.496875 0.0421875 0.04375
7 0.59140625 0.496875 0.0546875 0.07708333333333334
4 0.2296875 0.5041666666666667 0.046875 0.04583333333333333
4 0.37890625 0.5208333333333334 0.0453125 0.05
4 0.3046875 0.53125 0.040625 0.06666666666666667
4 0.37265625 0.565625 0.0453125 0.05625
9 0.10625 0.5666666666666667 0.153125 0.17083333333333334
7 0.24453125 0.56875 0.0921875 0.125
4 0.38046875 0.6114583333333333 0.0640625 0.08541666666666667
7 0.19609375 0.640625 0.1171875 0.16041666666666668
9 0.03515625 0.6833333333333333 0.0703125 0.1875
4 0.3125 0.6916666666666667 0.090625 0.10416666666666667
4 0.29375 0.8083333333333333 0.1 0.125
4 0.64140625 0.8145833333333333 0.1140625 0.16666666666666666
9 0.09140625 0.8291666666666667 0.1828125 0.3416666666666667
4 0.228125 0.9416666666666667 0.15 0.11666666666666667