4 0.54921875 0.42083333333333334 0.0234375 0.03333333333333333
4 0.49609375 0.4239583333333333 0.0265625 0.035416666666666666
4 0.365625 0.42604166666666665 0.028125 0.035416666666666666
4 0.40625 0.4322916666666667 0.028125 0.035416666666666666
4 0.3453125 0.46145833333333336 0.025 0.05625
4 0.3984375 0.4625 0.034375 0.041666666666666664
4 0.640625 0.4822916666666667 0.046875 0.06041666666666667
7 0.31015625 0.48333333333333334 0.0578125 0.09583333333333334
4 0.58359375 0.48333333333333334 0.0453125 0.07083333333333333
9 0.22421875 0.4864583333333333 0.0859375 0.13541666666666666
4 0.4015625 0.4947916666666667 0.040625 0.06041666666666667
7 0.25390625 0.565625 0.0859375 0.12708333333333333
4 0.5421875 0.584375 0.0625 0.09791666666666667
4 0.3390625 0.59375 0.06875 0.08333333333333333
4 0.64765625 0.5989583333333334 0.0671875 0.08125
9 0.08515625 0.6114583333333333 0.1703125 0.22291666666666668
4 0.33046875 0.678125 0.0734375 0.09791666666666667
9 0.096875 0.8104166666666667 0.19375 0.3333333333333333
4 0.25625 0.9010416666666666 0.13125 0.17291666666666666