7 0.51640625 0.3489583333333333 0.0234375 0.03125
7 0.49921875 0.3625 0.0203125 0.029166666666666667
4 0.47265625 0.36354166666666665 0.0140625 0.01875
7 0.39140625 0.375 0.0234375 0.03333333333333333
8 0.54375 0.3770833333333333 0.028125 0.04583333333333333
4 0.50390625 0.38645833333333335 0.0140625 0.027083333333333334
4 0.48671875 0.4010416666666667 0.0203125 0.027083333333333334
4 0.3703125 0.4125 0.01875 0.020833333333333332
4 0.40859375 0.415625 0.0234375 0.035416666666666666
4 0.5015625 0.4322916666666667 0.025 0.03958333333333333
9 0.328125 0.45625 0.06875 0.1125
4 0.40078125 0.459375 0.0296875 0.035416666666666666
7 0.25859375 0.46458333333333335 0.0421875 0.0625
4 0.38828125 0.49270833333333336 0.0359375 0.03958333333333333
4 0.5171875 0.5020833333333333 0.04375 0.06666666666666667
7 0.646875 0.559375 0.090625 0.14791666666666667
8 0.18984375 0.609375 0.1796875 0.26875
4 0.34140625 0.625 0.0734375 0.1
7 0.03828125 0.6770833333333334 0.0765625 0.11666666666666667
4 0.2953125 0.7395833333333334 0.096875 0.125
9 0.8015625 0.7625 0.2125 0.37916666666666665
9 0.05625 0.865625 0.1125 0.26875
4 0.259375 0.9104166666666667 0.121875 0.1625