4 0.3578125 0.384375 0.0375 0.035416666666666666
4 0.48515625 0.403125 0.0359375 0.04791666666666667
7 0.5625 0.40520833333333334 0.034375 0.052083333333333336
4 0.3765625 0.41041666666666665 0.025 0.029166666666666667
4 0.528125 0.4125 0.0375 0.0375
4 0.4 0.42291666666666666 0.021875 0.029166666666666667
4 0.36328125 0.43333333333333335 0.0328125 0.041666666666666664
4 0.41015625 0.4479166666666667 0.0296875 0.0375
4 0.5046875 0.4479166666666667 0.040625 0.05416666666666667
7 0.3328125 0.44895833333333335 0.053125 0.08125
4 0.55546875 0.44895833333333335 0.0421875 0.04791666666666667
9 0.2640625 0.45729166666666665 0.084375 0.10208333333333333
4 0.62265625 0.46458333333333335 0.0453125 0.0625
7 0.3078125 0.49166666666666664 0.053125 0.07083333333333333
4 0.37734375 0.5020833333333333 0.0609375 0.05416666666666667
4 0.59296875 0.5052083333333334 0.0484375 0.07291666666666667
9 0.16328125 0.5333333333333333 0.1328125 0.15833333333333333
4 0.36875 0.5572916666666666 0.065625 0.05625
4 0.54453125 0.5739583333333333 0.0703125 0.10625
4 0.04296875 0.61875 0.0859375 0.15416666666666667
4 0.08515625 0.6520833333333333 0.0953125 0.09583333333333334
4 0.31640625 0.6791666666666667 0.0828125 0.12916666666666668
9 0.16171875 0.7114583333333333 0.2015625 0.27708333333333335
4 0.9109375 0.8364583333333333 0.15 0.19375
4 0.0515625 0.9364583333333333 0.103125 0.11041666666666666
4 0.69921875 0.9364583333333333 0.1640625 0.12708333333333333