4 0.36953125 0.415625 0.0296875 0.03125
7 0.309375 0.4322916666666667 0.034375 0.052083333333333336
4 0.40234375 0.43854166666666666 0.0328125 0.03958333333333333
4 0.565625 0.46770833333333334 0.040625 0.052083333333333336
7 0.2578125 0.48020833333333335 0.046875 0.07291666666666667
4 0.31640625 0.4864583333333333 0.0421875 0.052083333333333336
6 0.3890625 0.49270833333333336 0.040625 0.052083333333333336
4 0.27734375 0.5322916666666667 0.0390625 0.03958333333333333
4 0.3734375 0.55 0.05 0.06666666666666667
9 0.14609375 0.565625 0.0984375 0.11458333333333333
4 0.28046875 0.578125 0.0609375 0.06875
4 0.33984375 0.6583333333333333 0.0796875 0.09166666666666666
4 0.5734375 0.6635416666666667 0.08125 0.11041666666666666
7 0.0453125 0.6916666666666667 0.090625 0.16666666666666666
9 0.13671875 0.7385416666666667 0.1671875 0.20208333333333334