4 0.54296875 0.4197916666666667 0.0296875 0.035416666666666666
4 0.31328125 0.434375 0.0296875 0.03958333333333333
4 0.49609375 0.43645833333333334 0.0265625 0.03958333333333333
4 0.34765625 0.440625 0.0328125 0.04791666666666667
4 0.3953125 0.4510416666666667 0.0375 0.03958333333333333
10 0.5640625 0.4552083333333333 0.040625 0.052083333333333336
10 0.2796875 0.459375 0.046875 0.052083333333333336
4 0.3296875 0.4708333333333333 0.0375 0.041666666666666664
4 0.39765625 0.48541666666666666 0.0421875 0.041666666666666664
4 0.3140625 0.5020833333333333 0.04375 0.04583333333333333
4 0.21484375 0.5197916666666667 0.0453125 0.05625
4 0.37734375 0.5260416666666666 0.0453125 0.04791666666666667
4 0.3046875 0.53125 0.040625 0.06666666666666667
4 0.3734375 0.565625 0.046875 0.04791666666666667
10 0.24453125 0.56875 0.0921875 0.125
9 0.0953125 0.5770833333333333 0.153125 0.17083333333333334
4 0.5546875 0.5885416666666666 0.0625 0.08541666666666667
4 0.38359375 0.6135416666666667 0.0640625 0.08541666666666667
10 0.19609375 0.640625 0.1171875 0.16041666666666668
9 0.03515625 0.6833333333333333 0.0703125 0.1875
4 0.3125 0.6916666666666667 0.090625 0.10416666666666667
4 0.6015625 0.7520833333333333 0.1 0.17083333333333334
10 0.8078125 0.784375 0.1625 0.28541666666666665
4 0.29375 0.8083333333333333 0.1 0.125
9 0.09140625 0.8291666666666667 0.1828125 0.3416666666666667
4 0.228125 0.9416666666666667 0.15 0.11666666666666667