4 0.50546875 0.38333333333333336 0.0328125 0.03333333333333333
8 0.32109375 0.40625 0.0484375 0.07083333333333333
4 0.49453125 0.41354166666666664 0.0328125 0.052083333333333336
9 0.2828125 0.42604166666666665 0.05625 0.06458333333333334
4 0.35390625 0.44375 0.0390625 0.05
9 0.2234375 0.45 0.096875 0.07083333333333333
4 0.396875 0.45729166666666665 0.040625 0.052083333333333336
4 0.3171875 0.503125 0.03125 0.07708333333333334
4 0.38046875 0.528125 0.0640625 0.07291666666666667
9 0.25234375 0.5302083333333333 0.1234375 0.17291666666666666
4 0.3578125 0.5802083333333333 0.065625 0.08125
8 0.15703125 0.6395833333333333 0.2328125 0.35833333333333334
4 0.3328125 0.6614583333333334 0.096875 0.13958333333333334
4 0.03671875 0.6791666666666667 0.0734375 0.12916666666666668
4 0.29609375 0.7552083333333334 0.1171875 0.14791666666666667
9 0.07109375 0.8645833333333334 0.1421875 0.2708333333333333
4 0.26171875 0.9083333333333333 0.1453125 0.18333333333333332