4 0.47421875 0.36770833333333336 0.0203125 0.027083333333333334
4 0.48515625 0.39166666666666666 0.0296875 0.029166666666666667
8 0.2828125 0.428125 0.084375 0.08958333333333333
4 0.35390625 0.4427083333333333 0.0453125 0.04791666666666667
7 0.6265625 0.46145833333333336 0.05625 0.09375
9 0.584375 0.4791666666666667 0.053125 0.1125
4 0.32421875 0.48541666666666666 0.0453125 0.05416666666666667
4 0.378125 0.5041666666666667 0.05625 0.058333333333333334
9 0.2375 0.5458333333333333 0.134375 0.18333333333333332
4 0.3734375 0.5479166666666667 0.08125 0.075
9 0.07265625 0.5916666666666667 0.1453125 0.15
4 0.35 0.60625 0.08125 0.09166666666666666
4 0.32734375 0.6614583333333334 0.0859375 0.12708333333333333
8 0.11640625 0.753125 0.2328125 0.41875
4 0.28359375 0.7614583333333333 0.1203125 0.17708333333333334
4 0.2640625 0.9083333333333333 0.159375 0.18333333333333332