8 0.4859375 0.33958333333333335 0.015625 0.029166666666666667
4 0.46640625 0.35104166666666664 0.0109375 0.014583333333333334
9 0.340625 0.384375 0.034375 0.05625
7 0.36484375 0.40520833333333334 0.0296875 0.04375
4 0.4 0.40729166666666666 0.025 0.01875
7 0.30234375 0.428125 0.0421875 0.06041666666666667
4 0.3984375 0.42916666666666664 0.028125 0.029166666666666667
9 0.34375 0.44375 0.04375 0.07083333333333333
4 0.4 0.45208333333333334 0.03125 0.03333333333333333
4 0.25078125 0.453125 0.0328125 0.035416666666666666
4 0.3921875 0.4708333333333333 0.034375 0.041666666666666664
4 0.2671875 0.478125 0.0375 0.03958333333333333
4 0.31875 0.48333333333333334 0.040625 0.05416666666666667
4 0.37734375 0.49895833333333334 0.0421875 0.05625
4 0.28359375 0.5364583333333334 0.0453125 0.06041666666666667
4 0.2609375 0.5822916666666667 0.065625 0.08125
4 0.34453125 0.6052083333333333 0.0671875 0.09791666666666667
8 0.084375 0.6052083333333333 0.16875 0.23958333333333334
4 0.17890625 0.7177083333333333 0.1015625 0.11041666666666666