0 0.334375 0.44479166666666664 0.0625 0.09791666666666667
4 0.55859375 0.44479166666666664 0.0328125 0.052083333333333336
7 0.28046875 0.446875 0.0515625 0.07291666666666667
4 0.503125 0.4510416666666667 0.034375 0.04791666666666667
9 0.24375 0.4666666666666667 0.059375 0.0625
4 0.38828125 0.471875 0.0390625 0.04375
4 0.38359375 0.5020833333333333 0.0421875 0.041666666666666664
9 0.17734375 0.528125 0.0828125 0.13125
8 0.26796875 0.528125 0.1078125 0.13541666666666666
7 0.72578125 0.5395833333333333 0.0921875 0.11666666666666667
4 0.3734375 0.540625 0.05 0.06041666666666667
4 0.35234375 0.5864583333333333 0.0640625 0.06458333333333334
4 0.5671875 0.63125 0.078125 0.11666666666666667
11 0.71796875 0.64375 0.1984375 0.2875
4 0.33125 0.6479166666666667 0.075 0.1
9 0.15390625 0.709375 0.1578125 0.21875
6 0.3234375 0.7260416666666667 0.09375 0.13125
4 0.621875 0.8604166666666667 0.134375 0.21666666666666667
4 0.27890625 0.8895833333333333 0.1328125 0.17083333333333334