0 0.35234375 0.4239583333333333 0.0578125 0.07708333333333334
7 0.30703125 0.42916666666666664 0.0453125 0.06666666666666667
4 0.39609375 0.453125 0.0390625 0.04375
8 0.31015625 0.471875 0.0859375 0.11458333333333333
9 0.24765625 0.48020833333333335 0.0609375 0.09791666666666667
4 0.5296875 0.49166666666666664 0.046875 0.0625
4 0.38984375 0.4979166666666667 0.0421875 0.05
4 0.3734375 0.540625 0.05 0.06041666666666667
9 0.2578125 0.5583333333333333 0.090625 0.11666666666666667
8 0.10625 0.571875 0.190625 0.23541666666666666
4 0.35234375 0.5864583333333333 0.0640625 0.06458333333333334
4 0.33125 0.6479166666666667 0.075 0.1
6 0.32890625 0.7177083333333333 0.0859375 0.12708333333333333
4 0.6078125 0.746875 0.103125 0.17291666666666666
4 0.83125 0.8270833333333333 0.14375 0.23333333333333334
4 0.290625 0.8395833333333333 0.1125 0.15