8 0.3140625 0.4083333333333333 0.053125 0.06666666666666667
9 0.265625 0.43125 0.05 0.05416666666666667
4 0.34609375 0.4552083333333333 0.0421875 0.04375
4 0.3859375 0.4708333333333333 0.04375 0.041666666666666664
9 0.25234375 0.5270833333333333 0.1359375 0.16666666666666666
4 0.375 0.540625 0.05625 0.07291666666666667
4 0.35390625 0.5979166666666667 0.0609375 0.075
8 0.1578125 0.6541666666666667 0.221875 0.31666666666666665
4 0.33203125 0.6625 0.0921875 0.11666666666666667
4 0.2984375 0.7572916666666667 0.08125 0.13958333333333334
4 0.640625 0.8666666666666667 0.140625 0.17083333333333334
9 0.0546875 0.8822916666666667 0.109375 0.23541666666666666
4 0.259375 0.9072916666666667 0.11875 0.16875