7 0.328125 0.415625 0.03125 0.04791666666666667
4 0.36484375 0.425 0.0328125 0.0375
4 0.41015625 0.42916666666666664 0.0296875 0.03333333333333333
4 0.50078125 0.43854166666666666 0.0328125 0.04791666666666667
4 0.2796875 0.44583333333333336 0.028125 0.041666666666666664
4 0.60625 0.453125 0.0375 0.04791666666666667
4 0.340625 0.4625 0.03125 0.04583333333333333
4 0.39140625 0.47708333333333336 0.0359375 0.04583333333333333
4 0.325 0.48854166666666665 0.0375 0.05625
9 0.18515625 0.5166666666666667 0.1078125 0.14166666666666666
7 0.2765625 0.5239583333333333 0.075 0.11041666666666666
4 0.378125 0.5239583333333333 0.04375 0.06041666666666667
4 0.53515625 0.5291666666666667 0.0546875 0.07916666666666666
4 0.3921875 0.5541666666666667 0.05625 0.07083333333333333
4 0.63515625 0.5583333333333333 0.0609375 0.075
7 0.196875 0.6447916666666667 0.125 0.18125
4 0.32109375 0.6541666666666667 0.0828125 0.1125
9 0.05 0.6625 0.1 0.22083333333333333
7 0.82265625 0.6854166666666667 0.1921875 0.25416666666666665
4 0.29375 0.803125 0.10625 0.11875
9 0.09140625 0.8291666666666667 0.1828125 0.3416666666666667
4 0.22890625 0.9385416666666667 0.1546875 0.12291666666666666