0 0.35234375 0.4239583333333333 0.0578125 0.07708333333333334
7 0.30703125 0.42916666666666664 0.0453125 0.06666666666666667
4 0.51875 0.465625 0.034375 0.05625
8 0.31015625 0.471875 0.0859375 0.11458333333333333
4 0.38828125 0.471875 0.0390625 0.04375
9 0.23984375 0.48020833333333335 0.0609375 0.09791666666666667
4 0.38359375 0.5020833333333333 0.0421875 0.041666666666666664
4 0.3734375 0.540625 0.05 0.06041666666666667
9 0.25703125 0.5708333333333333 0.0984375 0.11666666666666667
8 0.09296875 0.5854166666666667 0.1859375 0.23333333333333334
4 0.35234375 0.5864583333333333 0.0640625 0.06458333333333334
4 0.5703125 0.64375 0.08125 0.12916666666666668
4 0.33125 0.6479166666666667 0.075 0.1
4 0.7515625 0.7166666666666667 0.10625 0.17916666666666667
6 0.32890625 0.7177083333333333 0.0859375 0.12708333333333333
4 0.290625 0.8395833333333333 0.1125 0.15