9 0.334375 0.44375 0.05625 0.0625
8 0.66953125 0.46770833333333334 0.0921875 0.10208333333333333
4 0.38828125 0.471875 0.0390625 0.04375
7 0.2296875 0.49375 0.059375 0.09166666666666666
4 0.38359375 0.5020833333333333 0.0421875 0.041666666666666664
0 0.28828125 0.5135416666666667 0.0890625 0.13125
4 0.528125 0.525 0.046875 0.075
9 0.16328125 0.5375 0.0859375 0.07916666666666666
4 0.3703125 0.5447916666666667 0.05 0.06041666666666667
0 0.675 0.55625 0.134375 0.19166666666666668
4 0.34453125 0.609375 0.0640625 0.06458333333333334
9 0.04609375 0.6739583333333333 0.0921875 0.21875
4 0.32109375 0.690625 0.0859375 0.10625
4 0.60234375 0.703125 0.0828125 0.13958333333333334
8 0.1375 0.715625 0.2375 0.29791666666666666
9 0.8734375 0.8229166666666666 0.253125 0.3541666666666667
6 0.27265625 0.9 0.1421875 0.2