4 0.28125 0.45 0.03125 0.041666666666666664
4 0.3375 0.45625 0.03125 0.041666666666666664
8 0.234375 0.48333333333333334 0.078125 0.12083333333333333
4 0.31640625 0.490625 0.0421875 0.05625
4 0.37421875 0.5135416666666667 0.0453125 0.06458333333333334
4 0.521875 0.5135416666666667 0.046875 0.06875
4 0.28359375 0.55 0.0546875 0.06666666666666667
8 0.13359375 0.5635416666666667 0.1671875 0.18125
4 0.36328125 0.59375 0.0609375 0.08333333333333333
4 0.24375 0.6197916666666666 0.075 0.09791666666666667
4 0.5734375 0.6208333333333333 0.06875 0.10416666666666667
4 0.3171875 0.6989583333333333 0.090625 0.10625