7 0.34453125 0.3958333333333333 0.0265625 0.0375
4 0.38046875 0.4010416666666667 0.0296875 0.035416666666666666
6 0.41484375 0.4083333333333333 0.0265625 0.025
4 0.37265625 0.41875 0.0265625 0.03333333333333333
4 0.40703125 0.43125 0.0234375 0.029166666666666667
9 0.28515625 0.43645833333333334 0.0453125 0.06458333333333334
4 0.496875 0.4427083333333333 0.034375 0.04375
9 0.34375 0.45208333333333334 0.04375 0.058333333333333334
4 0.4 0.4666666666666667 0.034375 0.041666666666666664
7 0.23828125 0.47291666666666665 0.0453125 0.07083333333333333
7 0.2875 0.5052083333333334 0.0625 0.08958333333333333
9 0.19375 0.5135416666666667 0.075 0.10208333333333333
4 0.36328125 0.5875 0.0609375 0.075
9 0.2171875 0.6239583333333333 0.096875 0.15625
4 0.32734375 0.7333333333333333 0.1015625 0.12916666666666668
4 0.6734375 0.9041666666666667 0.14375 0.19166666666666668