9 0.31015625 0.4125 0.0578125 0.0875
4 0.41171875 0.4166666666666667 0.0265625 0.0375
4 0.40859375 0.44375 0.0296875 0.03333333333333333
9 0.57578125 0.44479166666666664 0.0578125 0.10208333333333333
8 0.26328125 0.4510416666666667 0.0796875 0.11875
9 0.3234375 0.45416666666666666 0.0625 0.10833333333333334
4 0.50390625 0.4583333333333333 0.0390625 0.05416666666666667
4 0.3875 0.4875 0.034375 0.04583333333333333
4 0.28359375 0.5375 0.0546875 0.058333333333333334
7 0.196875 0.5479166666666667 0.078125 0.10416666666666667
4 0.36484375 0.5541666666666667 0.0546875 0.07083333333333333
4 0.53515625 0.55625 0.0515625 0.07083333333333333
6 0.35078125 0.6333333333333333 0.0703125 0.1
7 0.778125 0.6416666666666667 0.115625 0.13333333333333333
7 0.0640625 0.6822916666666666 0.128125 0.16041666666666668
4 0.3125 0.7729166666666667 0.096875 0.13333333333333333
4 0.11171875 0.8302083333333333 0.1390625 0.15625