7 0.33125 0.4083333333333333 0.03125 0.0375
4 0.36796875 0.41354166666666664 0.0296875 0.035416666666666666
6 0.41171875 0.42291666666666666 0.0296875 0.03333333333333333
4 0.35390625 0.44375 0.0265625 0.03333333333333333
4 0.403125 0.453125 0.03125 0.03958333333333333
4 0.50859375 0.459375 0.0328125 0.04375
9 0.25625 0.4666666666666667 0.05 0.08333333333333333
9 0.31875 0.4822916666666667 0.059375 0.07708333333333334
7 0.646875 0.484375 0.05625 0.07291666666666667
4 0.39140625 0.49375 0.0390625 0.041666666666666664
7 0.2015625 0.503125 0.065625 0.08541666666666667
7 0.61953125 0.5270833333333333 0.0640625 0.09583333333333334
9 0.1453125 0.5666666666666667 0.096875 0.14583333333333334
7 0.2359375 0.575 0.084375 0.12083333333333333
4 0.34140625 0.66875 0.0734375 0.09166666666666666
4 0.59375 0.7041666666666667 0.0875 0.1375
9 0.08984375 0.8197916666666667 0.1796875 0.26875
4 0.2796875 0.9072916666666667 0.14375 0.18541666666666667