8 0.503125 0.3645833333333333 0.025 0.04583333333333333
9 0.35 0.37395833333333334 0.03125 0.04791666666666667
4 0.48203125 0.39479166666666665 0.0203125 0.022916666666666665
7 0.36640625 0.40520833333333334 0.0296875 0.04375
4 0.4 0.40729166666666666 0.025 0.01875
7 0.32109375 0.41354166666666664 0.0328125 0.04375
4 0.3984375 0.42916666666666664 0.028125 0.029166666666666667
9 0.34921875 0.4354166666666667 0.0359375 0.0625
4 0.30390625 0.4375 0.0265625 0.03333333333333333
4 0.403125 0.45 0.03125 0.03333333333333333
4 0.2390625 0.4625 0.034375 0.03333333333333333
4 0.3296875 0.46770833333333334 0.0375 0.052083333333333336
4 0.3921875 0.46875 0.034375 0.041666666666666664
4 0.271875 0.4791666666666667 0.034375 0.041666666666666664
4 0.378125 0.4947916666666667 0.0375 0.052083333333333336
8 0.17578125 0.5208333333333334 0.1203125 0.14166666666666666
4 0.29296875 0.5229166666666667 0.0484375 0.0625
4 0.36875 0.534375 0.053125 0.07291666666666667
4 0.253125 0.6010416666666667 0.0625 0.07708333333333334
8 0.0609375 0.6791666666666667 0.121875 0.2708333333333333
4 0.33046875 0.725 0.0890625 0.12083333333333333
4 0.790625 0.7760416666666666 0.134375 0.15625
4 0.1390625 0.7916666666666666 0.11875 0.15416666666666667
4 0.20703125 0.95625 0.1546875 0.0875