4 0.40703125 0.421875 0.0328125 0.04375
8 0.3484375 0.428125 0.05625 0.08125
9 0.28359375 0.4375 0.0484375 0.075
9 0.31171875 0.48333333333333334 0.0546875 0.0875
8 0.20546875 0.48854166666666665 0.1140625 0.15208333333333332
4 0.38828125 0.49166666666666664 0.0421875 0.05
4 0.3796875 0.5197916666666667 0.05 0.06041666666666667
4 0.34921875 0.5875 0.0578125 0.06666666666666667
11 0.0921875 0.6229166666666667 0.184375 0.2125
4 0.33125 0.6458333333333334 0.075 0.1
6 0.32421875 0.7177083333333333 0.0859375 0.12708333333333333
4 0.29375 0.8375 0.1125 0.15