4 0.40703125 0.4125 0.0265625 0.029166666666666667
9 0.55 0.428125 0.05 0.06875
4 0.38671875 0.4583333333333333 0.0390625 0.04583333333333333
4 0.51484375 0.496875 0.0421875 0.06041666666666667
10 0.671875 0.521875 0.05625 0.07708333333333334
4 0.60546875 0.5270833333333333 0.0546875 0.07083333333333333
10 0.2828125 0.5510416666666667 0.059375 0.08541666666666667
11 0.15859375 0.5520833333333334 0.1421875 0.17083333333333334
4 0.54921875 0.5947916666666667 0.0640625 0.08541666666666667
4 0.671875 0.60625 0.071875 0.09583333333333334
8 0.87890625 0.7916666666666666 0.2421875 0.4166666666666667
4 0.11796875 0.8010416666666667 0.1296875 0.14375
4 0.28359375 0.8166666666666667 0.1078125 0.15