4 0.41875 0.39479166666666665 0.025 0.03125
4 0.51484375 0.40208333333333335 0.0265625 0.03333333333333333
4 0.4875 0.40625 0.028125 0.0375
9 0.5828125 0.40729166666666666 0.040625 0.06041666666666667
8 0.29609375 0.4239583333333333 0.0671875 0.09791666666666667
4 0.496875 0.45208333333333334 0.0375 0.04583333333333333
4 0.36953125 0.5114583333333333 0.0515625 0.06875
3 0.546875 0.5541666666666667 0.059375 0.09166666666666666
9 0.1421875 0.6645833333333333 0.2 0.2833333333333333
4 0.59765625 0.7010416666666667 0.1015625 0.15625
1 0.8609375 0.7739583333333333 0.278125 0.45208333333333334
4 0.2609375 0.925 0.15 0.15