11 0.5265625 0.38125 0.040625 0.08333333333333333
10 0.56328125 0.39479166666666665 0.0296875 0.04375
10 0.32265625 0.40729166666666666 0.0453125 0.06458333333333334
10 0.3515625 0.4270833333333333 0.040625 0.07083333333333333
4 0.49140625 0.4354166666666667 0.0328125 0.041666666666666664
10 0.4078125 0.44583333333333336 0.04375 0.0625
10 0.60546875 0.453125 0.0421875 0.05625
4 0.5328125 0.5260416666666666 0.046875 0.07708333333333334
9 0.1328125 0.5739583333333333 0.165625 0.21041666666666667
4 0.33828125 0.625 0.0796875 0.09583333333333334
8 0.73515625 0.6697916666666667 0.1828125 0.22291666666666668