10 0.3609375 0.41875 0.025 0.041666666666666664
4 0.4875 0.425 0.028125 0.0375
10 0.6015625 0.43333333333333335 0.04375 0.075
9 0.32734375 0.45208333333333334 0.0453125 0.06666666666666667
4 0.56640625 0.46145833333333336 0.0390625 0.06041666666666667
4 0.38125 0.4822916666666667 0.034375 0.04791666666666667
4 0.5171875 0.49583333333333335 0.040625 0.0625
10 0.60234375 0.5114583333333333 0.0609375 0.11458333333333333
10 0.16875 0.7072916666666667 0.096875 0.13125
4 0.60546875 0.7770833333333333 0.1078125 0.1875
4 0.28984375 0.7875 0.1015625 0.12083333333333333
8 0.87109375 0.7989583333333333 0.2578125 0.40208333333333335