10 0.359375 0.41875 0.025 0.041666666666666664
4 0.4875 0.425 0.028125 0.0375
10 0.6046875 0.43854166666666666 0.05 0.08541666666666667
9 0.33046875 0.4479166666666667 0.0453125 0.06666666666666667
4 0.57265625 0.46770833333333334 0.0390625 0.06041666666666667
4 0.384375 0.4739583333333333 0.034375 0.04791666666666667
4 0.51875 0.5135416666666667 0.04375 0.07291666666666667
10 0.61328125 0.528125 0.0671875 0.12291666666666666
10 0.1953125 0.6677083333333333 0.0875 0.11458333333333333
4 0.3140625 0.7145833333333333 0.084375 0.1
4 0.6328125 0.8697916666666666 0.134375 0.23125