4 0.4890625 0.415625 0.025 0.035416666666666666
4 0.3984375 0.428125 0.028125 0.035416666666666666
9 0.56484375 0.45 0.0609375 0.075
10 0.31875 0.49166666666666664 0.04375 0.0625
11 0.22109375 0.4979166666666667 0.1078125 0.125
4 0.53828125 0.5614583333333333 0.0546875 0.08125
4 0.35234375 0.5958333333333333 0.0578125 0.08333333333333333
4 0.64921875 0.5958333333333333 0.0671875 0.09166666666666666
10 0.74453125 0.5989583333333334 0.0765625 0.10208333333333333
4 0.2359375 0.6208333333333333 0.08125 0.09583333333333334
4 0.75859375 0.7270833333333333 0.1046875 0.14583333333333334
4 0.61484375 0.7895833333333333 0.1046875 0.16666666666666666