10 0.33515625 0.39166666666666666 0.0328125 0.04583333333333333
11 0.53203125 0.3958333333333333 0.0515625 0.10416666666666667
10 0.36484375 0.40520833333333334 0.0359375 0.05625
10 0.5796875 0.40625 0.034375 0.04583333333333333
10 0.4171875 0.4166666666666667 0.0375 0.05
4 0.5046875 0.46979166666666666 0.040625 0.05625
10 0.64375 0.49166666666666664 0.053125 0.06666666666666667
9 0.2046875 0.496875 0.115625 0.14375
4 0.375 0.5135416666666667 0.05 0.06458333333333334
4 0.57578125 0.64375 0.0734375 0.11666666666666667
4 0.3203125 0.7260416666666667 0.103125 0.13125
8 0.90078125 0.9135416666666667 0.1921875 0.17291666666666666