8 0.5109375 0.371875 0.034375 0.052083333333333336
8 0.3359375 0.3875 0.04375 0.07083333333333333
4 0.4046875 0.4 0.028125 0.0375
4 0.4875 0.4239583333333333 0.028125 0.035416666666666666
4 0.4 0.46041666666666664 0.0375 0.05
9 0.3171875 0.4625 0.071875 0.11666666666666667
4 0.55859375 0.46979166666666666 0.0390625 0.052083333333333336
9 0.65546875 0.48541666666666666 0.0609375 0.1125
4 0.51640625 0.49375 0.0421875 0.0625
10 0.10546875 0.6072916666666667 0.1203125 0.14375
4 0.57421875 0.7010416666666667 0.0890625 0.13958333333333334
9 0.07421875 0.8645833333333334 0.1484375 0.2708333333333333