1 0.51953125 0.37916666666666665 0.0421875 0.07916666666666666
4 0.48515625 0.41354166666666664 0.0265625 0.03125
10 0.30390625 0.4197916666666667 0.0453125 0.06458333333333334
3 0.396875 0.42916666666666664 0.034375 0.058333333333333334
4 0.58671875 0.43020833333333336 0.0328125 0.04375
10 0.3375 0.45 0.040625 0.07083333333333333
4 0.51640625 0.47604166666666664 0.0421875 0.06041666666666667
10 0.38984375 0.4875 0.0484375 0.07083333333333333
1 0.66328125 0.565625 0.1421875 0.15625
9 0.07578125 0.6708333333333333 0.1515625 0.2833333333333333
4 0.63984375 0.7479166666666667 0.1140625 0.17083333333333334
4 0.275 0.8291666666666667 0.11875 0.15