9 0.321875 0.40729166666666666 0.0375 0.06458333333333334
9 0.59453125 0.41875 0.0453125 0.07916666666666666
10 0.353125 0.43125 0.034375 0.04583333333333333
4 0.5578125 0.44583333333333336 0.03125 0.04583333333333333
9 0.3171875 0.4635416666666667 0.046875 0.07291666666666667
4 0.5078125 0.471875 0.034375 0.052083333333333336
9 0.5875 0.48854166666666665 0.05625 0.09791666666666667
4 0.371875 0.5166666666666667 0.04375 0.05416666666666667
4 0.56640625 0.65625 0.0828125 0.125
11 0.82265625 0.75625 0.2828125 0.42083333333333334
10 0.103125 0.8052083333333333 0.128125 0.16041666666666668