11 0.37890625 0.3802083333333333 0.0328125 0.05625
9 0.53984375 0.4114583333333333 0.0421875 0.052083333333333336
4 0.39765625 0.434375 0.0328125 0.04375
4 0.503125 0.45416666666666666 0.034375 0.05
10 0.6296875 0.4791666666666667 0.04375 0.058333333333333334
4 0.57734375 0.4822916666666667 0.0421875 0.052083333333333336
4 0.3671875 0.509375 0.05625 0.06458333333333334
4 0.521875 0.5104166666666666 0.046875 0.0625
4 0.61953125 0.5333333333333333 0.0578125 0.075
11 0.0828125 0.6479166666666667 0.165625 0.25833333333333336
7 0.21640625 0.6572916666666667 0.0953125 0.11875
8 0.7765625 0.7041666666666667 0.246875 0.42083333333333334
4 0.6875 0.903125 0.153125 0.19375