9 0.54140625 0.41458333333333336 0.0484375 0.0625
4 0.4 0.42916666666666664 0.03125 0.0375
4 0.50546875 0.4635416666666667 0.0359375 0.04791666666666667
10 0.640625 0.490625 0.05 0.06041666666666667
4 0.584375 0.49270833333333336 0.04375 0.06041666666666667
4 0.37578125 0.49375 0.0484375 0.05416666666666667
4 0.52578125 0.528125 0.0453125 0.06458333333333334
4 0.63203125 0.5510416666666667 0.0546875 0.07708333333333334
11 0.09375 0.6145833333333334 0.1875 0.23333333333333334
10 0.2359375 0.6208333333333333 0.084375 0.10833333333333334
8 0.82890625 0.753125 0.3109375 0.4895833333333333