8 0.32421875 0.396875 0.0453125 0.07708333333333334
4 0.4828125 0.4041666666666667 0.025 0.03333333333333333
4 0.39765625 0.42604166666666665 0.0359375 0.04375
4 0.5390625 0.43645833333333334 0.0375 0.04375
9 0.615625 0.446875 0.05625 0.08125
4 0.49921875 0.4510416666666667 0.0328125 0.052083333333333336
9 0.28984375 0.496875 0.0953125 0.14791666666666667
4 0.38359375 0.5229166666666667 0.0453125 0.058333333333333334
4 0.528125 0.55 0.053125 0.08333333333333333
10 0.03515625 0.73125 0.0703125 0.2
3 0.68828125 0.9260416666666667 0.1640625 0.14791666666666667