10 0.3078125 0.4322916666666667 0.0375 0.052083333333333336
4 0.59453125 0.4395833333333333 0.0359375 0.041666666666666664
4 0.56328125 0.453125 0.0359375 0.04791666666666667
4 0.50390625 0.45729166666666665 0.0359375 0.04791666666666667
4 0.51484375 0.5083333333333333 0.0453125 0.0625
4 0.35078125 0.51875 0.0484375 0.058333333333333334
9 0.6921875 0.609375 0.115625 0.20625
4 0.3390625 0.628125 0.071875 0.08541666666666667
4 0.19921875 0.653125 0.0828125 0.08958333333333333
10 0.88125 0.734375 0.146875 0.16875
4 0.615625 0.80625 0.103125 0.15833333333333333