4 0.51953125 0.4041666666666667 0.0265625 0.03333333333333333
4 0.4875 0.4125 0.028125 0.0375
8 0.303125 0.41458333333333336 0.059375 0.08333333333333333
9 0.5796875 0.4166666666666667 0.046875 0.0625
4 0.5 0.4583333333333333 0.0375 0.04583333333333333
4 0.3765625 0.496875 0.053125 0.06875
3 0.55390625 0.5770833333333333 0.0640625 0.1
9 0.17734375 0.6291666666666667 0.1765625 0.24583333333333332
4 0.6234375 0.7760416666666666 0.13125 0.21458333333333332
11 0.87109375 0.7833333333333333 0.2578125 0.43333333333333335
4 0.29609375 0.825 0.1171875 0.15