11 0.325 0.403125 0.05 0.06458333333333334
4 0.36796875 0.415625 0.0265625 0.035416666666666666
4 0.4125 0.41875 0.028125 0.0375
4 0.53515625 0.4270833333333333 0.0296875 0.041666666666666664
4 0.5 0.44375 0.034375 0.05
9 0.31171875 0.478125 0.0578125 0.09375
9 0.60234375 0.478125 0.0796875 0.14375
4 0.51796875 0.496875 0.0453125 0.07291666666666667
9 0.22265625 0.5677083333333334 0.1015625 0.13541666666666666
4 0.54765625 0.5770833333333333 0.0640625 0.09583333333333334
4 0.7984375 0.6333333333333333 0.09375 0.10833333333333334
9 0.85234375 0.83125 0.2609375 0.3375