4 0.40390625 0.4166666666666667 0.0265625 0.03333333333333333
9 0.57578125 0.45729166666666665 0.0640625 0.08125
10 0.33125 0.475 0.040625 0.058333333333333334
11 0.240625 0.478125 0.090625 0.12291666666666666
4 0.36640625 0.54375 0.0515625 0.0625
4 0.26875 0.571875 0.0625 0.07291666666666667
4 0.55390625 0.6114583333333333 0.0671875 0.09791666666666667
4 0.68046875 0.6427083333333333 0.0796875 0.10625
10 0.79609375 0.6458333333333334 0.0921875 0.125
4 0.29375 0.7947916666666667 0.10625 0.13958333333333334
4 0.8328125 0.8291666666666667 0.134375 0.19583333333333333