9 0.5375 0.3958333333333333 0.040625 0.07916666666666666
4 0.4046875 0.4114583333333333 0.021875 0.027083333333333334
4 0.5875 0.4270833333333333 0.03125 0.041666666666666664
4 0.49453125 0.43645833333333334 0.0328125 0.04375
10 0.3484375 0.4427083333333333 0.0375 0.05625
11 0.271875 0.4510416666666667 0.071875 0.09791666666666667
4 0.3859375 0.478125 0.040625 0.052083333333333336
9 0.5984375 0.4947916666666667 0.075 0.10208333333333333
4 0.31015625 0.50625 0.0484375 0.0625
4 0.36015625 0.5833333333333334 0.0609375 0.07916666666666666
4 0.78046875 0.7947916666666667 0.1328125 0.18125
4 0.62265625 0.8145833333333333 0.1171875 0.18333333333333332