9 0.37421875 0.38229166666666664 0.0328125 0.05625
9 0.53828125 0.4083333333333333 0.0453125 0.058333333333333334
4 0.39453125 0.4427083333333333 0.0328125 0.04375
4 0.5 0.4479166666666667 0.03125 0.041666666666666664
10 0.625 0.47291666666666665 0.04375 0.058333333333333334
4 0.57109375 0.47604166666666664 0.0421875 0.052083333333333336
4 0.51640625 0.496875 0.0421875 0.052083333333333336
4 0.6109375 0.5208333333333334 0.05 0.06666666666666667
4 0.3640625 0.5322916666666667 0.05625 0.06458333333333334
8 0.753125 0.6645833333333333 0.228125 0.375
11 0.071875 0.6864583333333333 0.14375 0.29375
7 0.1875 0.6927083333333334 0.109375 0.13541666666666666
4 0.6453125 0.8260416666666667 0.115625 0.19375