9 0.53125 0.3875 0.046875 0.08333333333333333
4 0.60859375 0.42291666666666666 0.0296875 0.0375
9 0.28984375 0.42604166666666665 0.0453125 0.08541666666666667
10 0.359375 0.43020833333333336 0.03125 0.04375
4 0.49609375 0.43333333333333335 0.0359375 0.05
9 0.31953125 0.46041666666666664 0.0671875 0.09583333333333334
4 0.38671875 0.471875 0.0359375 0.052083333333333336
4 0.51875 0.49270833333333336 0.04375 0.06458333333333334
9 0.209375 0.49583333333333335 0.084375 0.12083333333333333
9 0.76640625 0.5864583333333333 0.1109375 0.17708333333333334
9 0.15 0.6416666666666667 0.1875 0.25416666666666665
3 0.25546875 0.85625 0.1328125 0.19583333333333333