9 0.36328125 0.40520833333333334 0.0296875 0.05625
10 0.58828125 0.4166666666666667 0.0390625 0.07083333333333333
9 0.31640625 0.41875 0.0390625 0.06666666666666667
4 0.5484375 0.43333333333333335 0.028125 0.041666666666666664
10 0.3453125 0.43645833333333334 0.03125 0.04791666666666667
4 0.5015625 0.453125 0.028125 0.04791666666666667
10 0.571875 0.465625 0.05 0.08541666666666667
9 0.30390625 0.48125 0.0578125 0.0875
4 0.35859375 0.5541666666666667 0.0484375 0.0625
4 0.54453125 0.5864583333333333 0.0640625 0.09375
8 0.73984375 0.6510416666666666 0.1984375 0.3104166666666667