11 0.325 0.403125 0.05 0.06458333333333334
4 0.52421875 0.41875 0.0296875 0.041666666666666664
4 0.36328125 0.421875 0.0296875 0.03958333333333333
4 0.40859375 0.43020833333333336 0.0296875 0.04375
4 0.4984375 0.43854166666666666 0.034375 0.04791666666666667
9 0.58828125 0.459375 0.0734375 0.13125
4 0.51171875 0.47708333333333336 0.0421875 0.0625
9 0.29453125 0.4947916666666667 0.0609375 0.11041666666666666
4 0.5328125 0.5427083333333333 0.053125 0.07708333333333334
4 0.73203125 0.56875 0.0671875 0.1
9 0.1796875 0.615625 0.125 0.17291666666666666
9 0.77265625 0.7270833333333333 0.2078125 0.2833333333333333