1 0.5234375 0.38958333333333334 0.05 0.07916666666666666
4 0.5953125 0.4114583333333333 0.025 0.035416666666666666
4 0.4921875 0.4197916666666667 0.03125 0.04375
7 0.35390625 0.434375 0.0328125 0.052083333333333336
9 0.26953125 0.4427083333333333 0.0484375 0.08958333333333333
4 0.51328125 0.471875 0.0421875 0.05625
9 0.3015625 0.4822916666666667 0.071875 0.11875
4 0.37890625 0.496875 0.0421875 0.06041666666666667
9 0.16328125 0.534375 0.0859375 0.14375
7 0.73671875 0.5645833333333333 0.1296875 0.16666666666666666
9 0.10390625 0.7416666666666667 0.2078125 0.3541666666666667
4 0.615625 0.825 0.1125 0.19583333333333333