9 0.51796875 0.37604166666666666 0.0359375 0.06875
4 0.41640625 0.3885416666666667 0.0203125 0.03125
9 0.37578125 0.39375 0.0296875 0.05
4 0.57734375 0.4 0.0234375 0.025
4 0.4875 0.409375 0.025 0.035416666666666666
4 0.403125 0.428125 0.028125 0.035416666666666666
4 0.503125 0.44479166666666664 0.034375 0.04791666666666667
10 0.34296875 0.45625 0.0359375 0.05
9 0.23984375 0.47291666666666665 0.0765625 0.1375
9 0.2734375 0.5177083333333333 0.09375 0.14791666666666667
9 0.7015625 0.5229166666666667 0.08125 0.14583333333333334
4 0.3640625 0.5458333333333333 0.053125 0.07083333333333333
9 0.0640625 0.6145833333333334 0.128125 0.18333333333333332
4 0.55546875 0.6447916666666667 0.0703125 0.11875
3 0.80390625 0.80625 0.1296875 0.20416666666666666
9 0.05078125 0.853125 0.0953125 0.29375