4 0.37734375 0.39895833333333336 0.0265625 0.035416666666666666
4 0.48203125 0.40208333333333335 0.0265625 0.029166666666666667
4 0.409375 0.40729166666666666 0.028125 0.035416666666666666
4 0.57421875 0.4197916666666667 0.0328125 0.04375
10 0.29140625 0.428125 0.0453125 0.06875
3 0.39296875 0.44895833333333335 0.0421875 0.06875
4 0.50859375 0.4552083333333333 0.0359375 0.052083333333333336
10 0.3328125 0.459375 0.05 0.08125
1 0.628125 0.521875 0.096875 0.12291666666666666
10 0.3765625 0.5229166666666667 0.05 0.08333333333333333
4 0.58984375 0.6385416666666667 0.0828125 0.11041666666666666
9 0.04609375 0.728125 0.0921875 0.29375