9 0.534375 0.40520833333333334 0.04375 0.052083333333333336
4 0.49765625 0.440625 0.0328125 0.04375
4 0.3921875 0.44895833333333335 0.034375 0.03958333333333333
4 0.565625 0.4635416666666667 0.04375 0.052083333333333336
10 0.61796875 0.46875 0.0453125 0.05416666666666667
4 0.51171875 0.48541666666666666 0.0453125 0.058333333333333334
4 0.60234375 0.5114583333333333 0.0515625 0.06458333333333334
4 0.35546875 0.5541666666666667 0.0609375 0.075
9 0.7265625 0.621875 0.2 0.32708333333333334
11 0.05703125 0.6791666666666667 0.1140625 0.23333333333333334
4 0.6140625 0.7489583333333333 0.10625 0.16458333333333333
10 0.16015625 0.7510416666666667 0.1203125 0.16458333333333333